time,start,end,count,diff
4952.726540,2540035216,2540035837,9205,621
4952.738553,2540039175,2540039791,9201,616
4952.750571,2540043326,2540043913,11808,587
4952.762608,2540047421,2540048038,12065,617
4952.774625,2540051409,2540052020,9214,611
4952.786644,2540055373,2540055960,8896,587
4952.798680,2540059301,2540059920,9225,619
4952.810694,2540063236,2540063851,9226,615
4952.822715,2540067201,2540067788,8887,587
4952.834748,2540071158,2540071772,9255,614
4952.846763,2540075117,2540075735,9257,618
4952.858782,2540079052,2540079639,8879,587
4952.870815,2540083012,2540083626,9278,614
4952.882830,2540087146,2540087758,12044,612
4952.894851,2540091259,2540091871,11990,612
4952.906883,2540095255,2540095868,9293,613
4952.918899,2540099180,2540099801,9226,621
4952.930921,2540103118,2540103730,8923,612
4952.942951,2540107119,2540107735,9235,616
4952.954961,2540111075,2540111685,9196,610
4952.966982,2540115209,2540115796,11801,587
4952.979019,2540119316,2540119933,12069,617
4952.991030,2540123424,2540124030,11841,606
4953.003054,2540127550,2540128138,11814,588
4953.015088,2540131762,2540132378,12082,616
4953.027107,2540135904,2540136515,11841,611
4953.039123,2540140041,2540140628,11820,587
4953.051156,2540144064,2540144687,9173,623
4953.063175,2540148030,2540148643,9281,613
4953.075202,2540152130,2540152753,12022,623
4953.087227,2540156239,2540156851,12105,612
4953.099235,2540160285,2540160907,11864,622
4953.111265,2540164368,2540164985,11980,617
4953.123295,2540168518,2540169130,12087,612
4953.135307,2540172438,2540173044,9180,606
4953.147334,2540176349,2540176967,8940,618
4953.159362,2540180476,2540181086,12074,610
4953.169878,2540183952,2540184539,8933,587
4953.181906,2540187903,2540188521,9231,618
4953.193925,2540191842,2540192459,9229,617
4953.205944,2540195787,2540196374,8837,587
4953.217978,2540199683,2540200294,9291,611
4953.229995,2540203659,2540204272,9193,613
4953.242011,2540207607,2540208193,8849,586
4953.258552,2540214907,2540216183,15817,1276
4953.270566,2540228563,2540229758,16288,1195
4953.287096,2540248941,2540250220,16236,1279
4953.318657,2540289739,2540291137,16239,1398
4953.330687,2540304590,2540305983,16359,1393
4953.342705,2540319438,2540320835,16352,1397
4953.354725,2540333946,2540335343,16237,1397
4953.366756,2540348783,2540350186,16373,1403
4953.378775,2540363659,2540365061,16365,1402
4953.395302,2540384609,2540386012,16232,1403
4953.407332,2540399552,2540400949,16367,1397
4953.417846,2540413010,2540414410,16288,1400
4953.429877,2540428556,2540429965,16351,1409
4953.440332,2540442402,2540443800,16422,1398
4953.453915,2540456219,2540457622,16228,1403
4953.465946,2540470643,2540472049,16399,1406
4953.476333,2540483076,2540484480,16243,1404
4953.489983,2540499288,2540500663,16227,1375
4953.502014,2540513553,2540514873,16373,1320
4953.514032,2540527565,2540528886,16338,1321
4953.526052,2540541302,2540542679,16243,1377
4953.538082,2540555001,2540556330,16364,1329
4953.548337,2540568252,2540569571,16335,1319
4953.562120,2540581517,2540582929,16235,1412
4953.574150,2540595500,2540596895,16365,1395
4953.586169,2540609037,2540610378,16350,1341
4953.598189,2540622386,2540623713,16235,1327
4953.610221,2540636204,2540637563,16395,1359
4953.622236,2540649606,2540650929,16245,1323
4953.634258,2540663047,2540664453,16228,1406
4953.646288,2540676740,2540678065,16362,1325
4953.658306,2540690352,2540691702,16340,1350
4953.670334,2540703888,2540705301,16306,1413
4953.682356,2540717749,2540719131,16355,1382
4953.694375,2540731565,2540732885,16347,1320
4953.706395,2540744775,2540746125,16229,1350
4953.718425,2540758381,2540759708,16370,1327
4953.730443,2540771804,2540773144,16331,1340
4953.742463,2540785981,2540787391,16232,1410
4953.759003,2540806769,2540808170,16367,1401
4953.771018,2540820770,2540822177,16250,1407
4953.783040,2540833116,2540834404,16243,1288
4953.802580,2540853686,2540855004,16388,1318
4953.819116,2540872971,2540874372,16395,1401
4953.831139,2540886291,2540887605,16450,1314
4953.843157,2540900307,2540901677,16354,1370
4953.864332,2540912090,2540912719,12047,629
4953.879225,2540921401,2540922519,15913,1118
4953.891245,2540932974,2540934099,15824,1125
4953.903276,2540942006,2540943128,15955,1122
4953.915294,2540953488,2540954612,15940,1124
4953.927315,2540965059,2540966189,15830,1130
4953.939344,2540976852,2540977980,15956,1128
4953.949859,2540987858,2540988988,15850,1130
4953.961889,2541000907,2541002049,15956,1142
4953.973908,2541014054,2541015183,15955,1129
4953.985927,2541026111,2541027248,15829,1137
4953.997957,2541038420,2541039549,15954,1129
4954.009977,2541051700,2541052837,15940,1137
4954.021996,2541064693,2541065833,15844,1140
4954.034026,2541077576,2541078718,15957,1142
4954.050552,2541094629,2541095760,15939,1131
4954.062577,2541106766,2541107900,15863,1134
4954.074603,2541118886,2541120027,15930,1141
4954.086622,2541130810,2541131938,15940,1128
4954.098645,2541143265,2541144400,15844,1135
4954.134714,2541183381,2541184515,15854,1134
4954.146741,2541195940,2541197078,15959,1138
4954.158758,2541208556,2541209692,15939,1136
4954.170777,2541219129,2541220256,15827,1127
4954.185798,2541231787,2541232907,15684,1120
4954.197828,2541240738,2541241853,15819,1115
4954.257934,2541285248,2541286355,15684,1107
4954.269961,2541294110,2541295218,15815,1108
4954.281995,2541302981,2541304091,15975,1110
4954.300029,2541316336,2541317446,15950,1110
4954.312037,2541325178,2541326286,15761,1108
4954.324068,2541334088,2541335207,15855,1119
4954.372166,2541369510,2541370621,16068,1111
4954.384331,2541378230,2541379126,15277,896
4954.397713,2541386911,2541388025,15937,1114
4954.409730,2541395785,2541396901,15828,1116
4954.421761,2541404688,2541405798,15943,1110
4954.433779,2541413564,2541414673,16018,1109
4954.457829,2541431296,2541432409,15973,1113
4954.469849,2541440180,2541441290,15954,1110
4954.484879,2541451300,2541452412,16020,1112
4954.496899,2541460166,2541461276,15943,1110
4954.523939,2541480164,2541481270,15679,1106
4954.535970,2541489028,2541490142,15822,1114
4954.548001,2541497891,2541499001,15970,1110
4954.560008,2541506734,2541507841,15681,1107
4954.572039,2541515631,2541516745,15841,1114
4954.584072,2541524549,2541525662,16053,1113
4954.596077,2541533428,2541534538,15760,1110
4954.608108,2541542338,2541543445,15919,1107
4954.620138,2541551198,2541552313,15991,1115
4954.632145,2541560048,2541561154,15763,1106
4954.644176,2541568955,2541570068,15829,1113
4954.656207,2541577808,2541578927,15982,1119
4954.668226,2541586689,2541587802,15954,1113
4954.680243,2541595572,2541596686,15805,1114
4954.692275,2541604444,2541605553,15887,1109
4954.708326,2541617735,2541618849,15977,1114
4954.725331,2541628829,2541629943,15817,1114
4954.737361,2541637718,2541638831,15954,1113
4954.749368,2541646554,2541647662,15640,1108
4954.761407,2541655434,2541656544,15905,1110
4954.779434,2541668729,2541669843,15901,1114
4954.791464,2541677653,2541678761,15953,1108
4954.803471,2541686498,2541687609,15641,1111
4954.815502,2541695398,2541696508,15843,1110
4954.840563,2541715367,2541716483,15826,1116
4954.881635,2541744227,2541745340,15975,1113
4954.893643,2541753060,2541754173,15683,1113
4954.905673,2541761929,2541763043,15816,1114
4954.917704,2541770850,2541771965,15938,1115
4954.947757,2541793000,2541794114,15941,1114
4954.959784,2541801905,2541803012,15908,1107
4954.971806,2541810797,2541811912,15914,1115
4954.983814,2541819641,2541820748,15682,1107
4954.995845,2541828517,2541829627,15820,1110
4955.007875,2541837388,2541838499,15975,1111
4955.019893,2541846260,2541847374,15940,1114
4955.031914,2541855162,2541856276,15830,1114
4955.043944,2541864026,2541865141,15889,1115
4955.055952,2541872871,2541873986,15753,1115
4955.067985,2541882188,2541883301,15926,1113
4955.080011,2541891112,2541892226,15948,1114
4955.092020,2541899975,2541901089,15762,1114
4955.104051,2541908877,2541909996,15830,1119
4955.116081,2541917789,2541918901,15939,1112
4955.128089,2541926631,2541927740,15681,1109
4955.140120,2541935543,2541936658,15841,1115
4955.152150,2541944406,2541945518,15972,1112
4955.164169,2541953276,2541954391,15958,1115
4955.176188,2541962180,2541963295,15841,1115
4955.188218,2541971041,2541972153,15968,1112
4955.224287,2541997613,2541998725,16054,1112
4955.236295,2542006462,2542007573,15690,1111
4955.248326,2542015355,2542016469,15746,1114
4955.260354,2542024251,2542025361,15869,1110
4955.272363,2542033123,2542034236,15680,1113
4955.335483,2542079615,2542080731,15686,1116
4955.347514,2542088530,2542089644,15837,1114
4955.365544,2542101857,2542102936,15673,1079
4955.377578,2542110723,2542111833,16036,1110
4955.404630,2542130592,2542131709,16035,1117
4955.416637,2542139473,2542140579,15605,1106
4955.443689,2542159399,2542160508,15688,1109
4955.455727,2542168302,2542169412,15912,1110
4955.467749,2542177198,2542178313,15956,1115
4955.479758,2542186034,2542187146,15692,1112
4955.491789,2542194956,2542196066,15752,1110
4955.503818,2542203832,2542204942,15974,1110
4955.515826,2542212675,2542213788,15605,1113
4955.527857,2542221588,2542222698,15828,1110
4955.539887,2542230452,2542231565,15981,1113
4955.551906,2542239318,2542240431,15938,1113
4955.563926,2542248229,2542249339,15834,1110
4955.575955,2542257094,2542258207,15881,1113
4955.587963,2542265927,2542267029,15609,1102
4955.599990,2542274809,2542275892,15619,1083
4955.612023,2542283633,2542284742,15882,1109
4955.624032,2542292653,2542293764,15604,1111
4955.636063,2542301550,2542302663,15832,1113
4955.648093,2542310398,2542311502,15885,1104
4955.660113,2542319242,2542320356,15866,1114
4955.672131,2542328154,2542329267,15761,1113
4955.684161,2542337021,2542338135,15884,1114
4955.696180,2542345884,2542346994,15942,1110
4955.708200,2542354777,2542355889,15841,1112
4955.753291,2542388026,2542389135,15891,1109
4955.765314,2542396919,2542398033,15946,1114
4955.808393,2542430119,2542431232,15984,1113
4955.825422,2542441215,2542442325,15833,1110
4955.837453,2542450114,2542451224,15952,1110
4955.868516,2542474456,2542475566,15802,1110
4955.909590,2542503259,2542504368,15989,1109
4955.921598,2542512087,2542513193,15755,1106
4955.945659,2542529866,2542530981,16036,1115
4955.959184,2542541435,2542542552,15970,1117
4955.974204,2542552532,2542553644,15802,1112
4955.989226,2542563640,2542564747,15680,1107
4956.001263,2542572501,2542573610,15802,1109
4956.013286,2542581410,2542582520,15942,1110
4956.024328,2542590290,2542591400,15935,1110
4956.037326,2542599160,2542600270,15821,1110
4956.049356,2542608059,2542609172,15952,1113
4956.061363,2542616892,2542618002,15681,1110
4956.073394,2542625739,2542626847,15776,1108
4956.088415,2542636826,2542637927,15643,1101
4956.103456,2542647909,2542649022,15950,1113
4956.115477,2542656812,2542657922,16023,1110
4956.127497,2542665702,2542666816,15838,1114
4956.139527,2542674558,2542675669,15983,1111
4956.151541,2542683387,2542684494,15603,1107
4956.163566,2542692284,2542693388,15835,1104
4956.175596,2542701141,2542702255,15974,1114
4956.187603,2542709975,2542711085,15696,1110
4956.199644,2542718873,2542719986,15991,1113
4956.216173,2542731060,2542732174,15893,1114
4956.228195,2542739998,2542741113,15874,1115
4956.240211,2542748944,2542750058,15903,1114
4956.258246,2542762347,2542763467,15861,1120
4956.270275,2542771284,2542772399,15859,1115
4956.282297,2542780208,2542781326,15958,1118
4956.301835,2542794944,2542796063,15911,1119
4956.313857,2542803892,2542805011,15874,1119
4956.328886,2542815059,2542816179,15895,1120
4956.340908,2542823998,2542825111,15960,1113
4956.352926,2542832927,2542834040,15858,1113
4956.364954,2542841830,2542842940,15853,1110
4956.379978,2542852892,2542853980,15656,1088
4956.392008,2542861706,2542862816,15983,1110
4956.404027,2542870627,2542871746,16043,1119
4956.425063,2542886151,2542887266,15899,1115
4956.440084,2542897254,2542898365,15690,1111
4956.452115,2542906154,2542907269,15755,1115
4956.464145,2542915026,2542916141,15971,1115
4956.476153,2542923859,2542924970,15690,1111
4956.488183,2542932756,2542933865,15835,1109
4956.500212,2542941649,2542942759,15960,1110
4956.512234,2542950556,2542951670,15940,1114
4956.524252,2542959415,2542960531,15817,1116
4956.536282,2542968315,2542969425,15867,1110
4956.548295,2542977145,2542978254,15600,1109
4956.560320,2542985998,2542987102,15815,1104
4956.572351,2542994897,2542996011,15873,1114
4956.584334,2543004185,2543005298,15937,1113
4956.596395,2543013053,2543014168,15890,1115
4956.611421,2543024174,2543025286,15933,1112
4956.623440,2543033106,2543034222,15850,1116
4956.635471,2543042021,2543043135,16000,1114
4956.647484,2543050873,2543051981,15603,1108
4956.659509,2543059762,2543060880,15788,1118
4956.671539,2543068641,2543069746,15978,1105
4956.683558,2543077526,2543078636,15954,1110
4956.695585,2543086426,2543087536,15909,1110
4956.707608,2543095328,2543096442,16039,1114
4956.719615,2543104171,2543105281,15766,1110
4956.731646,2543113064,2543114177,15841,1113
4956.743676,2543121939,2543123053,15976,1114
4956.755684,2543130776,2543131881,15762,1105
4956.767710,2543139664,2543140752,15695,1088
4956.779745,2543148554,2543149673,16041,1119
4956.791752,2543157388,2543158499,15763,1111
4956.803784,2543166285,2543167395,15848,1110
4956.821813,2543179606,2543180694,15705,1088
4956.833848,2543188474,2543189582,15956,1108
4956.848869,2543199595,2543200707,15845,1112
4956.860898,2543208527,2543209642,15813,1115
4956.875921,2543219691,2543220810,15831,1119
4956.887949,2543228624,2543229734,15901,1110
4956.899973,2543237558,2543238673,15890,1115
4956.911989,2543246489,2543247604,15768,1115
4956.924020,2543255416,2543256532,15822,1116
4956.936027,2543264295,2543265406,15646,1111
4956.948058,2543273197,2543274306,15847,1109
4956.960088,2543282057,2543283172,15979,1115
4956.972113,2543290939,2543292053,16044,1114
4956.984127,2543299871,2543300990,15843,1119
4956.996157,2543308803,2543309919,15911,1116
4957.008179,2543317729,2543318848,15975,1119
4957.020195,2543326667,2543327782,15760,1115
4957.032227,2543335591,2543336705,15905,1114
4957.044244,2543344505,2543345620,15846,1115
4957.056264,2543353412,2543354523,15834,1111
4957.101350,2543386705,2543387824,15834,1119
4957.113380,2543395611,2543396718,15954,1107
4957.128401,2543406663,2543407773,15821,1110
4957.140431,2543415562,2543416676,15954,1114
4957.161456,2543431069,2543432171,15684,1102
4957.173486,2543439908,2543441027,15824,1119
4957.215559,2543471011,2543472122,15686,1111
4957.227585,2543479901,2543480984,15618,1083
4957.239620,2543488778,2543489890,15953,1112
4957.251638,2543497650,2543498758,15938,1108
4957.269662,2543510970,2543512077,15688,1107
4957.281692,2543519859,2543520964,15836,1105
4957.329791,2543555323,2543556428,15974,1105
4957.341810,2543564188,2543565298,15851,1110
4957.383894,2543595288,2543596401,15959,1113
4957.395914,2543604162,2543605277,15962,1115
4957.407932,2543613055,2543614165,15850,1110
4957.419962,2543621917,2543623036,16056,1119
4957.431981,2543630780,2543631892,16021,1112
4957.444001,2543639695,2543640804,15925,1109
4957.456031,2543648605,2543649718,15952,1113
4957.468050,2543657488,2543658593,15937,1105
4957.480069,2543666381,2543667496,15834,1115
4957.492099,2543675266,2543676381,15963,1115
4957.504118,2543684167,2543685271,15851,1104
4957.516134,2543693063,2543694145,15618,1082
4957.528169,2543701890,2543703004,15912,1114
4957.540185,2543710770,2543711885,15848,1115
4957.552207,2543719681,2543720790,15831,1109
4957.564237,2543728595,2543729710,15956,1115
4957.576256,2543737463,2543738578,15942,1115
4957.588283,2543746349,2543747467,15909,1118
4957.601306,2543757477,2543758584,15935,1107
4957.624344,2543773023,2543774138,15821,1115
4957.636374,2543781916,2543783030,15956,1114
4957.651395,2543793032,2543794144,15838,1112
4957.663425,2543802043,2543803152,15955,1109
4957.675444,2543810900,2543812013,15939,1113
4957.687472,2543819797,2543820908,15917,1111
4957.699494,2543828690,2543829805,15954,1115
4957.711513,2543837571,2543838681,15945,1110
4957.723533,2543846446,2543847565,15916,1119
4957.735563,2543855361,2543856475,16037,1114
4957.747581,2543864224,2543865338,15942,1114
4957.759602,2543873119,2543874229,15834,1110
4957.771632,2543882035,2543883143,15960,1108
4957.783650,2543890935,2543892050,15941,1115
4957.795670,2543899833,2543900946,15836,1113
4957.807700,2543908743,2543909856,15957,1113
4957.819719,2543917641,2543918751,15855,1110
4957.831734,2543926537,2543927616,15594,1079
4957.843767,2543935386,2543936496,15921,1110
4957.855787,2543944271,2543945384,15938,1113
4957.868822,2543955421,2543956540,15948,1119
4957.897871,2543975414,2543976533,15956,1119
4957.909890,2543984325,2543985438,15939,1113
4957.948961,2544013292,2544014402,15915,1110
4957.960991,2544022175,2544023290,16038,1115
4957.982016,2544037688,2544038796,15686,1108
4957.994047,2544046581,2544047691,15851,1110
4958.006078,2544055463,2544056571,16130,1108
4958.021099,2544066500,2544067577,15656,1077
4958.033129,2544075364,2544076479,15963,1115
4958.048150,2544086476,2544087590,15830,1114
4958.060181,2544095390,2544096508,15958,1118
4958.072201,2544104259,2544105371,15942,1112
4958.084226,2544113172,2544114286,15989,1114
4958.096249,2544122457,2544123567,16044,1110
4958.159369,2544169115,2544170220,15981,1105
4958.171388,2544178001,2544179116,15940,1115
4958.183414,2544186900,2544188010,15909,1110
4958.195438,2544195800,2544196915,15960,1115
4958.207456,2544204649,2544205763,16031,1114
4958.219471,2544213555,2544214638,15617,1083
4958.231506,2544222433,2544223542,15956,1109
4958.243525,2544231307,2544232417,15952,1110
4958.255545,2544240220,2544241327,15840,1107
4958.273579,2544253581,2544254691,15832,1110
4958.285608,2544262474,2544263589,15967,1115
4958.297628,2544271375,2544272490,15948,1115
4958.384797,2544335735,2544336849,15976,1114
4958.396816,2544344627,2544345737,16021,1110
4958.408836,2544353516,2544354628,15832,1112
4958.420866,2544362420,2544363532,15872,1112
4958.435888,2544373488,2544374593,15843,1105
4958.468947,2544397738,2544398849,15673,1111
4958.480981,2544406662,2544407741,15791,1079
4958.493004,2544415538,2544416642,16044,1104
4958.505022,2544424423,2544425536,15858,1113
4958.517042,2544433328,2544434441,15833,1113
4958.568140,2544471007,2544472120,15928,1113
4958.580170,2544479915,2544481000,15750,1085
4958.592192,2544488775,2544489883,15965,1108
4958.604211,2544497683,2544498800,15947,1117
4958.616226,2544506603,2544507682,15659,1079
4958.628261,2544515432,2544516540,16167,1108
4958.640279,2544524273,2544525387,16029,1114
4958.652294,2544533182,2544534267,15632,1085
4958.673347,2544548688,2544549796,16049,1108
4958.685366,2544557596,2544558705,15963,1109
4958.700398,2544568713,2544569824,15961,1111
4958.712416,2544577603,2544578712,15897,1109
4958.724439,2544586447,2544587552,15860,1105
4958.739468,2544597547,2544598661,15934,1114
4958.800584,2544644069,2544645175,15927,1106
4958.880739,2544701675,2544702783,15997,1108
4958.892759,2544710572,2544711681,15946,1109
4958.904780,2544719486,2544720601,15832,1115
4958.916811,2544728369,2544729478,16094,1109
4958.943862,2544748314,2544749426,16089,1112
4958.955878,2544757174,2544758285,15882,1111
4958.967894,2544766078,2544767161,15574,1083
4958.979927,2544774926,2544776038,15999,1112
4958.991946,2544783782,2544784897,15930,1115
4959.003964,2544792642,2544793723,15617,1081
4959.015999,2544801471,2544802583,16004,1112
4959.028016,2544810376,2544811491,15854,1115
4959.040032,2544819277,2544820356,15581,1079
4959.052067,2544828095,2544829202,16091,1107
4959.070102,2544841332,2544842445,16168,1113
4959.082117,2544850182,2544851290,16041,1108
4959.106171,2544867878,2544868990,16093,1112
4959.118186,2544876715,2544877828,15927,1113
4959.130210,2544885590,2544886699,15864,1109
4959.145238,2544896649,2544897754,15949,1105
4959.157259,2544905481,2544906595,15915,1114
4959.224389,2544956439,2544957550,15947,1111
4959.259462,2544980772,2544981886,16172,1114
4959.292513,2545005133,2545006215,15698,1082
4959.304548,2545013968,2545015074,16092,1106
4959.316563,2545022848,2545023955,15932,1107
4959.328585,2545031698,2545032812,15865,1114
4959.428783,2545106900,2545108018,15942,1118
4959.499907,2545157810,2545158888,15695,1078
4959.511943,2545166654,2545167765,16094,1111
4959.523958,2545175522,2545176636,15778,1114
4959.541992,2545188835,2545189940,15936,1105
4959.554010,2545197723,2545198805,15620,1082
4959.602114,2545233127,2545234225,16089,1098
4959.617132,2545244599,2545245677,15623,1078
4959.629163,2545253647,2545254757,15935,1110
4959.641181,2545262500,2545263614,15987,1114
4959.689267,2545297919,2545298997,15619,1078
4959.701302,2545306740,2545307842,16090,1102
4959.744383,2545339987,2545341106,16175,1119
4959.785455,2545368759,2545369872,15934,1113
4959.797478,2545377607,2545378717,15844,1110
4959.848575,2545415273,2545416385,15932,1112
4959.860592,2545424110,2545425198,15697,1088
4959.908697,2545459515,2545460628,16087,1113
4959.920712,2545468396,2545469504,15871,1108
4959.948779,2545490580,2545491661,15617,1081
4960.013885,2545537022,2545538097,15696,1075
4960.025917,2545545879,2545546998,16017,1119
4960.052971,2545565803,2545566911,16171,1108
4960.064987,2545574659,2545575772,16009,1113
4960.077004,2545583512,2545584596,15617,1084
4960.116092,2545612256,2545613373,16099,1117
4960.128109,2545621165,2545622271,15941,1106
4960.140124,2545630049,2545631128,15595,1079
4960.152160,2545638867,2545639984,16092,1117
4960.164175,2545647740,2545648858,15925,1118
4960.176193,2545656613,2545657695,15617,1082
4960.188229,2545665422,2545666529,16095,1107
4960.200244,2545674278,2545675383,15884,1105
4960.212262,2545683119,2545684198,15541,1079
4960.224295,2545691994,2545693104,15852,1110
4960.236313,2545700863,2545701968,15943,1105
4960.260366,2545718511,2545719628,16095,1117
4960.272380,2545727378,2545728487,15958,1109
4960.287419,2545738436,2545739549,16102,1113
4960.320471,2545762781,2545763899,15863,1118
4960.332503,2545771655,2545772765,16095,1110
4960.344518,2545780514,2545781620,15925,1106
4960.380587,2545807074,2545808186,15924,1112
4960.392605,2545815976,2545817058,15621,1082
4960.455725,2545862475,2545863554,15698,1079
4960.467757,2545871307,2545872409,16005,1102
4960.480791,2545882381,2545883465,15618,1084
4960.527866,2545915656,2545916762,15848,1106
4960.539895,2545924567,2545925675,15982,1108
4960.551914,2545933468,2545934585,15859,1117
4960.569951,2545946788,2545947896,15963,1108
4960.581964,2545955635,2545956714,15618,1079
4960.648103,2546004280,2546005387,16092,1107
4960.660119,2546013135,2546014245,15937,1110
4960.672136,2546021989,2546023072,15614,1083
4960.684172,2546030826,2546031924,16176,1098
4960.696187,2546039682,2546040790,15927,1108
4960.708209,2546048514,2546049624,15834,1110
4960.720239,2546057415,2546058533,15951,1118
4960.732256,2546066283,2546067401,16012,1118
4960.744273,2546075154,2546076232,15617,1078
4960.756309,2546083995,2546085107,16170,1112
4960.795376,2546112757,2546113866,16011,1109
4960.807398,2546121644,2546122763,15834,1119
4960.819428,2546130551,2546131662,15949,1111
4960.831446,2546139392,2546140499,16028,1107
4960.843462,2546148276,2546149355,15617,1079
4960.855498,2546157097,2546158209,16173,1112
4960.867512,2546165959,2546167072,15968,1113
4960.879530,2546174826,2546175904,15619,1078
4960.891566,2546183654,2546184761,16095,1107
4960.903582,2546192494,2546193611,16008,1117
4960.945670,2546223567,2546224675,16091,1108
4960.957685,2546232446,2546233556,16013,1110
4961.012802,2546274460,2546275572,15867,1112
4961.065889,2546312084,2546313203,16041,1119
4961.077908,2546320944,2546322023,15695,1079
4961.116994,2546349736,2546350849,16034,1113
4961.129011,2546359001,2546360111,15934,1110
4961.153063,2546376726,2546377837,15965,1111
4961.165082,2546385645,2546386755,15965,1110
4961.192130,2546405553,2546406662,15929,1109
4961.204148,2546414414,2546415496,15580,1082
4961.216181,2546423282,2546424392,15936,1110
4961.228199,2546432126,2546433239,15903,1113
4961.240219,2546440986,2546442069,15620,1083
4961.252253,2546449829,2546450940,16102,1111
4961.268328,2546463101,2546464210,16173,1109
4961.321371,2546500770,2546501858,15636,1088
4961.333404,2546509676,2546510790,15905,1114
4961.360457,2546529774,2546530888,15917,1114
4961.372479,2546538711,2546539826,15965,1115
4961.384495,2546547641,2546548760,15867,1119
4961.396527,2546556523,2546557638,16097,1115
4961.436608,2546587566,2546588651,15620,1085
4961.480679,2546618560,2546619672,15929,1112
4961.492696,2546627428,2546628507,15616,1079
4961.531784,2546656197,2546657306,16094,1109
4961.543801,2546665081,2546666188,15944,1107
4961.555830,2546673946,2546675029,15677,1083
4961.567852,2546682775,2546683887,16089,1112
4961.588885,2546698262,2546699367,15971,1105
4961.600903,2546707111,2546708194,15616,1083
4961.640985,2546738102,2546739218,16006,1116
4961.673040,2546760274,2546761358,15622,1084
4961.685075,2546769114,2546770221,16091,1107
4961.745177,2546813409,2546814493,15617,1084
4961.757209,2546822230,2546823333,15983,1103
4961.769228,2546831081,2546832194,15932,1113
4961.787262,2546844357,2546845471,15932,1114
4961.802298,2546855398,2546856505,16090,1107
4961.848379,2546890822,2546891932,15923,1110
4961.895468,2546924057,2546925166,16010,1109
4961.907490,2546932903,2546934018,15914,1115
4961.919516,2546941785,2546942901,15988,1116
4961.931535,2546950721,2546951836,15903,1115
4961.943563,2546959646,2546960761,15830,1115
4961.955588,2546968571,2546969682,15917,1111
4961.967604,2546977497,2546978614,15850,1117
4961.985639,2546990896,2546992010,15842,1114
4961.997657,2546999820,2547000902,15618,1082
4962.024713,2547019749,2547020858,15917,1109
4962.036744,2547028603,2547029719,16179,1116
4962.060777,2547046313,2547047394,15615,1081
4962.075811,2547057359,2547058465,16005,1106
4962.087833,2547066211,2547067325,15838,1114
4962.099864,2547075078,2547076179,16099,1101
4962.111881,2547083969,2547085073,16028,1104
4962.123896,2547092811,2547093890,15612,1079
4962.135933,2547101642,2547102754,16102,1112
4962.147948,2547110495,2547111609,15922,1114
4962.159966,2547119401,2547120480,15622,1079
4962.172001,2547128227,2547129334,16099,1107
4962.184016,2547137088,2547138200,15931,1112
4962.202051,2547150383,2547151500,15845,1117
4962.214068,2547159292,2547160375,15660,1083
4962.262172,2547194643,2547195754,16096,1111
4962.274188,2547203507,2547204617,15932,1110
4962.343327,2547254489,2547255597,16089,1108
4962.355341,2547263354,2547264464,15871,1110
4962.367360,2547272230,2547273312,15617,1082
4962.380391,2547283304,2547284418,15926,1114
4962.409447,2547303257,2547304364,15945,1107
4962.421463,2547312120,2547313195,15602,1075
4962.433498,2547320942,2547322058,16004,1116
4962.484583,2547358592,2547359674,15617,1082
4962.496618,2547367433,2547368542,16044,1109
4962.511634,2547378530,2547379608,15670,1078
4962.584780,2547433755,2547434863,16096,1108
4962.601810,2547444815,2547445932,15945,1117
4962.613841,2547453659,2547454767,16093,1108
4962.625857,2547462531,2547463645,16009,1114
4962.636334,2547471805,2547472920,15834,1115
4962.652907,2547482927,2547484037,16040,1110
4962.664926,2547491777,2547492856,15621,1079
4962.676961,2547500600,2547501706,16095,1106
4962.691977,2547511681,2547512764,15688,1083
4962.704011,2547520541,2547521658,16023,1117
4962.716030,2547529438,2547530543,16028,1105
4962.728050,2547538329,2547539441,15848,1112
4962.740079,2547547212,2547548325,15951,1113
4962.752100,2547556095,2547557208,15965,1113
4962.764119,2547565001,2547566111,15847,1110
4962.776148,2547573888,2547574998,15952,1110
4962.797183,2547589409,2547590516,15861,1107
4962.809204,2547598307,2547599417,15843,1110
4962.821233,2547607183,2547608297,15951,1114
4962.833253,2547616099,2547617209,15902,1110
4962.911406,2547673908,2547674990,15844,1082
4963.020609,2547756009,2547757114,15961,1105
4963.037641,2547767063,2547768182,15938,1119
4963.049665,2547775932,2547777045,15946,1113
4963.063190,2547782763,2547783433,13619,670
4963.076331,2547788813,2547789437,12103,624
4963.090238,2547795430,2547796541,15862,1111
4963.102258,2547804243,2547805349,15645,1106
4963.114286,2547813091,2547814200,15939,1109
4963.129310,2547824141,2547825252,15721,1111
4963.159372,2547846246,2547847356,16016,1110
4963.171394,2547855095,2547856205,15920,1110
4963.183413,2547863934,2547865044,15563,1110
4963.195443,2547872781,2547873885,15891,1104
4963.207463,2547881621,2547882739,15872,1118
4963.219482,2547890468,2547891575,15644,1107
4963.231509,2547899316,2547900424,15928,1108
4963.255551,2547917045,2547918160,15690,1115
4963.267577,2547925928,2547927041,15935,1113
4963.315669,2547961379,2547962480,15962,1101
4963.327687,2547970200,2547971301,15643,1101
4963.339715,2547979043,2547980157,15846,1114
4963.351738,2547987933,2547989048,15935,1115
4963.363759,2547996803,2547997917,15841,1114
4963.375786,2548005660,2548006744,15792,1084
4963.387806,2548014491,2548015610,15969,1119
4963.399827,2548023382,2548024490,15850,1108
4963.411852,2548032238,2548033348,15928,1110
4963.423874,2548041087,2548042199,15972,1112
4963.435893,2548049940,2548051047,15605,1107
4963.453930,2548063303,2548064413,15843,1110
4963.465955,2548072155,2548073271,15933,1116
4963.477978,2548081006,2548082115,15972,1109
4963.496014,2548094370,2548095489,15949,1119
4963.508030,2548103191,2548104298,15641,1107
4963.526065,2548116469,2548117574,15719,1105
4963.538092,2548125310,2548126425,16012,1115
4963.556131,2548138629,2548139739,16026,1110
4963.569652,2548147103,2548148209,16010,1106
4963.581675,2548155945,2548157053,15965,1108
4963.593698,2548164821,2548165936,15846,1115
4963.605721,2548173684,2548174793,15932,1109
4963.617743,2548182545,2548183663,15978,1118
4963.629762,2548191418,2548192526,15691,1108
4963.641792,2548200262,2548201368,15931,1106
4963.653811,2548209133,2548210246,15972,1113
4963.665831,2548217983,2548219094,15685,1111
4963.689880,2548235724,2548236834,15870,1110
4963.701901,2548244586,2548245697,15531,1111
4963.719933,2548257848,2548258964,15721,1116
4963.731961,2548266716,2548267827,15938,1111
4963.743986,2548275595,2548276712,15959,1117
4963.756002,2548284424,2548285537,15647,1113
4963.768029,2548293276,2548294395,15932,1119
4963.780053,2548302162,2548303281,15895,1119
4963.792073,2548311031,2548312145,15763,1114
4963.804100,2548319897,2548321007,15930,1110
4963.816120,2548328766,2548329875,15961,1109
4963.828139,2548337582,2548338689,15645,1107
4963.840170,2548346454,2548347564,15976,1110
4963.852191,2548355329,2548356439,15969,1110
4963.864208,2548364190,2548365296,15691,1106
4963.876235,2548373031,2548374146,15933,1115
4963.888257,2548381886,2548382996,15866,1110
4963.900276,2548390737,2548391854,15614,1117
4963.912304,2548399611,2548400725,15891,1114
4963.927327,2548410661,2548411771,15688,1110
4963.939358,2548419535,2548420648,15996,1113
4963.951378,2548428402,2548429514,16048,1112
4963.963396,2548437251,2548438353,15563,1102
4963.975424,2548446102,2548447217,15845,1115
4963.987446,2548454963,2548456073,15785,1110
4963.999465,2548463824,2548464935,15536,1111
4964.011493,2548472685,2548473800,15845,1115
4964.023514,2548481550,2548482660,15919,1110
4964.035540,2548490390,2548491501,15719,1111
4964.047561,2548499250,2548500365,16011,1115
4964.059583,2548508129,2548509242,15963,1113
4964.071602,2548516963,2548518075,15565,1112
4964.083630,2548525830,2548526945,15892,1115
4964.095653,2548534731,2548535835,15847,1104
4964.107671,2548543562,2548544668,15652,1106
4964.119699,2548552420,2548553530,15930,1110
4964.131720,2548561272,2548562368,15964,1096
4964.143739,2548570099,2548571206,15647,1107
4964.155771,2548579393,2548580512,15862,1119
4964.167789,2548588264,2548589377,15966,1113
4964.179808,2548597094,2548598202,15646,1108
4964.191840,2548605987,2548607097,15948,1110
4964.203857,2548614845,2548615950,15921,1105
4964.215876,2548623679,2548624794,15652,1115
4964.227906,2548632567,2548633680,15934,1113
4964.239929,2548641425,2548642532,15949,1107
4964.251948,2548650268,2548651378,15845,1110
4964.263975,2548659127,2548660237,15929,1110
4964.282007,2548672416,2548673533,16020,1117
4964.294030,2548681314,2548682427,15937,1113
4964.306048,2548690147,2548691258,15643,1111
4964.318075,2548698992,2548700102,15923,1110
4964.354145,2548725573,2548726682,15933,1109
4964.366166,2548734444,2548735563,15964,1119
4964.396220,2548756583,2548757691,15692,1108
4964.408247,2548765442,2548766547,15932,1105
4964.420269,2548774292,2548775397,15965,1105
4964.441305,2548789734,2548790841,15640,1107
4964.453333,2548798591,2548799700,15927,1109
4964.468360,2548809694,2548810806,15852,1112
4964.480384,2548818566,2548819671,16013,1105
4964.513442,2548842933,2548844037,15723,1104
4964.525470,2548851806,2548852919,15890,1113
4964.552521,2548871695,2548872809,15927,1114
4964.564544,2548880592,2548881689,15932,1097
4964.627664,2548927005,2548928117,15965,1112
4964.639682,2548935836,2548936947,15646,1111
4964.651710,2548944695,2548945805,15936,1110
4964.663732,2548953560,2548954673,15965,1113
4964.696797,2548977925,2548979040,15943,1115
4964.708819,2548986837,2548987952,15849,1115
4964.724850,2549000124,2549001237,15960,1113
4964.744887,2549013435,2549014548,15919,1113
4964.756906,2549022261,2549023368,15631,1107
4964.795986,2549051051,2549052161,16029,1110
4964.808007,2549059899,2549061016,15967,1117
4964.820026,2549068741,2549069852,15635,1111
4964.832058,2549077596,2549078713,16076,1117
4964.844075,2549086476,2549087590,15969,1114
4964.856094,2549095309,2549096420,15635,1111
4964.868127,2549104211,2549105324,16039,1113
4964.880144,2549113121,2549114226,15844,1105
4964.892162,2549121968,2549123076,15596,1108
4964.904196,2549130871,2549131984,15960,1113
4964.922228,2549144166,2549145241,15805,1075
4964.934249,2549152987,2549154091,15906,1104
4964.949277,2549164031,2549165146,15945,1115
4964.961298,2549172908,2549174018,15880,1110
4965.045457,2549234907,2549236015,15835,1108
4965.057483,2549243763,2549244877,15985,1114
4965.069504,2549252618,2549253733,15962,1115
4965.081526,2549261513,2549262624,15837,1111
4965.147655,2549310258,2549311360,16027,1102
4965.159675,2549319132,2549320246,15972,1114
4965.183727,2549336834,2549337943,16041,1109
4965.195744,2549345704,2549346823,15965,1119
4965.207763,2549354535,2549355646,15631,1111
4965.219792,2549363393,2549364512,15947,1119
4965.231816,2549372271,2549373390,15952,1119
4965.243832,2549381113,2549382215,15601,1102
4965.255860,2549389956,2549391063,15947,1107
4965.267881,2549398820,2549399930,15881,1110
4965.285917,2549412154,2549413267,15889,1113
4965.297934,2549420982,2549422097,15710,1115
4965.309963,2549429836,2549430954,15904,1118
4965.352037,2549460793,2549461900,15635,1107
4965.364070,2549469676,2549470781,15960,1105
4965.376087,2549478538,2549479647,15853,1109
4965.412156,2549505097,2549506211,15961,1114
4965.424185,2549513952,2549515061,15913,1109
4965.436203,2549522810,2549523929,15944,1119
4965.448224,2549531662,2549532772,16054,1110
4965.460243,2549540509,2549541619,15673,1110
4965.472272,2549549367,2549550484,16030,1117
4965.484296,2549558272,2549559387,15936,1115
4965.496312,2549567098,2549568205,15635,1107
4965.523371,2549587019,2549588132,15682,1113
4965.535392,2549595878,2549596988,15945,1110
4965.547413,2549604741,2549605856,15964,1115
4965.559435,2549613599,2549614709,15752,1110
4965.571465,2549622499,2549623614,15960,1115
4965.583483,2549631404,2549632517,15844,1113
4965.595500,2549640239,2549641338,15589,1099
4965.607529,2549649075,2549650190,16031,1115
4965.628570,2549664562,2549665676,16026,1114
4965.640586,2549673390,2549674497,15630,1107
4965.652615,2549682241,2549683351,16023,1110
4965.664334,2549691474,2549692588,15970,1114
4965.685672,2549707043,2549708159,15603,1116
4965.697701,2549716011,2549717125,15945,1114
4965.748792,2549753653,2549754760,15632,1107
4965.760825,2549762543,2549763662,15876,1119
4965.788874,2549784742,2549785855,15962,1113
4965.832958,2549815665,2549816775,15946,1110
4965.844978,2549824531,2549825644,15966,1113
4965.869026,2549842216,2549843335,15943,1119
4965.884049,2549853289,2549854396,15596,1107
4965.897576,2549863435,2549864550,15633,1115
4965.909604,2549872306,2549873421,15945,1115
4965.921624,2549881161,2549882271,15856,1110
4965.996763,2549936456,2549937565,15629,1109
4966.008795,2549945306,2549946388,15882,1082
4966.095952,2550009459,2550010566,15629,1107
4966.107981,2550018518,2550019633,15998,1115
4966.120002,2550027425,2550028539,15802,1114
4966.141037,2550042939,2550044049,15701,1110
4966.153067,2550051802,2550052907,15998,1105
4966.186123,2550076121,2550077234,15709,1113
4966.198153,2550084974,2550086085,15952,1111
4966.225208,2550104924,2550106037,15957,1113
4966.240227,2550116000,2550117109,15635,1109
4966.252255,2550124840,2550125959,15943,1119
4966.267285,2550135891,2550137002,15715,1111
4966.279311,2550144786,2550145893,15961,1107
4966.291327,2550153659,2550154778,15965,1119
4966.303348,2550162500,2550163607,15629,1107
4966.315375,2550171360,2550172469,15947,1109
4966.327397,2550180265,2550181368,15890,1103
4966.339415,2550189098,2550190202,15707,1104
4966.351444,2550197938,2550199051,15941,1113
4966.363465,2550206797,2550207905,15968,1108
4966.381499,2550220121,2550221233,15963,1112
4966.393518,2550228944,2550230049,15639,1105
4966.420572,2550248836,2550249950,15839,1114
4966.432598,2550257685,2550258800,15944,1115
4966.444619,2550266580,2550267693,15962,1113
4966.468670,2550284250,2550285363,15994,1113
4966.483692,2550295324,2550296442,15905,1118
4966.504735,2550310815,2550311928,16025,1113
4966.516757,2550319676,2550320784,15934,1108
4966.528775,2550328543,2550329645,15592,1102
4966.597912,2550379494,2550380604,15933,1110
4966.609929,2550388332,2550389439,15638,1107
4966.627963,2550401642,2550402753,15598,1111
4966.639992,2550410486,2550411598,16030,1112
4966.652014,2550419346,2550420456,15964,1110
4966.664040,2550428162,2550429271,15712,1109
4966.676063,2550437018,2550438097,15803,1079
4966.688082,2550445841,2550446954,15959,1113
4966.712134,2550463570,2550464684,15961,1114
4966.724152,2550472465,2550473572,15847,1107
4966.736170,2550481276,2550482378,15632,1102
4966.748199,2550490143,2550491258,15911,1115
4966.760220,2550499019,2550500131,15969,1112
4966.772238,2550507878,2550508988,15599,1110
4966.784267,2550516728,2550517839,15943,1111
4966.796288,2550525606,2550526718,15875,1112
4966.808307,2550534426,2550535534,15629,1108
4966.820340,2550543316,2550544424,15874,1108
4966.847387,2550563235,2550564347,15939,1112
4966.859408,2550572093,2550573205,15920,1112
4966.871427,2550580924,2550582031,15634,1107
4966.889461,2550594185,2550595295,15704,1110
4966.901490,2550603031,2550604140,16024,1109
4966.913511,2550611882,2550612996,15855,1114
4966.925530,2550620771,2550621872,15599,1101
4966.952581,2550640663,2550641775,15709,1112
4966.964613,2550649594,2550650713,15893,1119
4967.057786,2550718535,2550719650,15968,1115
4967.069808,2550727401,2550728508,15655,1107
4967.120906,2550765065,2550766175,16010,1110
4967.132924,2550773934,2550775045,15626,1111
4967.144953,2550782789,2550783899,15946,1110
4967.159983,2550793836,2550794947,15711,1111
4967.176513,2550806196,2550807310,15945,1114
4967.190041,2550816638,2550817753,15968,1115
4967.202059,2550825570,2550826688,15828,1118
4967.212335,2550834499,2550835612,15922,1113
4967.224601,2550843432,2550844551,15846,1119
4967.239636,2550854594,2550855706,15972,1112
4967.251657,2550863493,2550864604,15954,1111
4967.276703,2550883451,2550884554,15968,1103
4967.305757,2550903363,2550904474,15967,1111
4967.317776,2550912221,2550913332,15511,1111
4967.329805,2550921078,2550922192,15869,1114
4967.341827,2550929954,2550931068,15963,1114
4967.368878,2550949874,2550950987,15933,1113
4967.380895,2550958716,2550959823,15629,1107
4967.444016,2551005179,2551006296,15625,1117
4967.456045,2551014029,2551015146,15957,1117
4967.474079,2551027327,2551028437,16033,1110
4967.486100,2551036183,2551037297,16048,1114
4967.540203,2551076007,2551077120,15963,1113
4967.552222,2551084855,2551085966,15627,1111
4967.564255,2551093753,2551094868,15962,1115
4967.576271,2551102615,2551103732,15964,1117
4967.588286,2551111461,2551112563,15589,1102
4967.600319,2551120321,2551121434,15950,1113
4967.612342,2551129183,2551130296,15952,1113
4967.624359,2551137996,2551139100,15629,1104
4967.636388,2551146857,2551147965,15948,1108
4967.648408,2551155710,2551156820,15964,1110
4967.681474,2551180029,2551181144,15951,1115
4967.693495,2551188923,2551190033,15936,1110
4967.705521,2551197753,2551198860,15708,1107
4967.720546,2551208830,2551209943,15965,1113
4967.732565,2551217659,2551218770,15626,1111
4967.744594,2551226504,2551227611,15948,1107
4967.756614,2551235370,2551236481,15851,1111
4967.796696,2551266363,2551267477,15948,1114
4967.816731,2551279630,2551280741,15955,1111
4967.828751,2551288493,2551289610,16007,1117
4967.840770,2551297300,2551298407,15707,1107
4967.900889,2551341537,2551342645,15967,1108
4967.915919,2551352586,2551353701,16023,1115
4967.951992,2551379144,2551380254,16046,1110
4967.964010,2551388049,2551389166,15934,1117
4967.976028,2551396886,2551397993,15633,1107
4967.988057,2551405727,2551406842,15954,1115
4968.000077,2551414596,2551415715,15964,1119
4968.012097,2551423443,2551424556,15553,1113
4968.024125,2551432299,2551433413,15953,1114
4968.036146,2551441166,2551442270,15880,1104
4968.048165,2551450002,2551451109,15589,1107
4968.066202,2551463315,2551464430,15821,1115
4968.078228,2551472183,2551473295,15953,1112
4968.111285,2551496553,2551497653,15593,1100
4968.123314,2551505391,2551506501,15877,1110
4968.135334,2551514233,2551515337,15966,1104
4968.147357,2551523038,2551524148,15587,1110
4968.159387,2551531938,2551533052,16019,1114
4968.213486,2551571738,2551572857,15953,1119
4968.225506,2551580608,2551581712,15921,1104
4968.237525,2551589438,2551590541,15627,1103
4968.252557,2551600513,2551601620,15855,1107
4968.315677,2551647027,2551648142,15965,1115
4968.327696,2551655864,2551656967,15628,1103
4968.339726,2551664720,2551665835,15953,1115
4968.351746,2551673564,2551674671,15857,1107
4968.363766,2551682438,2551683549,15599,1111
4968.375794,2551691295,2551692408,15909,1113
4968.387814,2551700150,2551701260,15920,1110
4968.399841,2551708977,2551710084,15711,1107
4968.411865,2551717830,2551718915,15726,1085
4968.423883,2551726661,2551727780,15962,1119
4968.453939,2551748803,2551749915,15824,1112
4968.465966,2551757667,2551758777,15946,1110
4968.520068,2551797461,2551798576,15955,1115
4968.532089,2551806328,2551807446,15965,1118
4968.544108,2551815164,2551816259,15547,1095
4968.556141,2551824022,2551825127,15878,1105
4968.568160,2551832890,2551834000,15965,1110
4968.580177,2551841711,2551842822,15628,1111
4968.592205,2551850566,2551851681,15955,1115
4968.610240,2551863848,2551864955,15953,1107
4968.622262,2551872740,2551873847,15942,1107
4968.640295,2551886000,2551887105,15973,1105
4968.652317,2551894882,2551895989,15849,1107
4968.685380,2551919230,2551920340,16045,1110
4968.697407,2551928433,2551929545,15786,1112
4968.709433,2551937513,2551938631,16052,1118
4968.740493,2551961869,2551962980,15622,1111
4968.769537,2551981822,2551982929,15637,1107
4968.781566,2551990688,2551991800,16026,1112
4968.796595,2552001733,2552002843,15782,1110
4968.841674,2552034884,2552035985,15704,1101
4968.853707,2552043778,2552044894,15960,1116
4968.904793,2552081396,2552082504,15626,1108
4968.916823,2552090229,2552091341,15948,1112
4968.944879,2552112391,2552113509,15847,1118
4968.976931,2552134526,2552135629,15703,1103
4968.988962,2552143370,2552144453,15881,1083
4969.000983,2552152207,2552153311,15978,1104
4969.049071,2552187598,2552188708,15828,1110
4969.061097,2552196477,2552197593,16029,1116
4969.151276,2552262808,2552263917,16049,1109
4969.163290,2552271658,2552272773,16048,1115
4969.175309,2552280525,2552281632,15516,1107
4969.187337,2552289367,2552290475,15952,1108
4969.199361,2552298215,2552299328,15863,1113
4969.211378,2552307089,2552308199,15633,1110
4969.223406,2552315930,2552317041,15951,1111
4969.235427,2552324796,2552325906,15971,1110
4969.247448,2552333651,2552334766,15833,1115
4969.259475,2552342522,2552343630,16034,1108
4969.271495,2552351385,2552352490,16045,1105
4969.283514,2552360214,2552361325,15631,1111
4969.295546,2552369056,2552370172,16078,1116
4969.307564,2552377902,2552379012,16046,1110
4969.319583,2552386717,2552387828,15710,1111
4969.331612,2552395568,2552396682,16033,1114
4969.343632,2552404442,2552405554,15859,1112
4969.355651,2552413314,2552414421,15602,1107
4969.367682,2552422161,2552423243,15804,1082
4969.385719,2552435415,2552436529,16050,1114
4969.397738,2552444271,2552445383,15953,1112
4969.415771,2552457590,2552458699,15942,1109
4969.427789,2552466429,2552467538,15635,1109
4969.439817,2552475274,2552476389,16033,1115
4969.451840,2552484159,2552485267,16002,1108
4969.463857,2552492962,2552494063,15703,1101
4969.475886,2552501803,2552502918,15960,1115
4969.487907,2552510640,2552511758,15970,1118
4969.499928,2552519482,2552520589,15628,1107
4969.511955,2552528328,2552529442,15949,1114
4969.523975,2552537188,2552538301,15965,1113
4969.597126,2552592517,2552593628,15708,1111
4969.614148,2552603635,2552604750,15936,1115
4969.626165,2552612468,2552613568,15630,1100
4969.674264,2552647872,2552648987,15953,1115
4969.686284,2552656723,2552657829,15919,1106
4969.701315,2552667760,2552668869,15954,1109
4969.713331,2552676630,2552677738,15836,1108
4969.803506,2552742955,2552744070,15962,1115
4969.815526,2552751808,2552752915,15587,1107
4969.827555,2552760661,2552761770,15866,1109
4969.839576,2552769510,2552770614,15771,1104
4969.851594,2552778378,2552779485,15510,1107
4969.863624,2552787221,2552788324,15945,1103
4969.875644,2552796079,2552797192,15880,1113
4969.887671,2552804905,2552806016,15625,1111
4969.899692,2552813762,2552814872,15867,1110
4969.911712,2552822615,2552823731,15964,1116
4969.923732,2552831449,2552832565,15588,1116
4969.935761,2552840300,2552841404,15951,1104
4969.947783,2552849186,2552850304,15932,1118
4970.013903,2552897832,2552898939,15626,1107
4970.025934,2552906702,2552907810,16030,1108
4970.037953,2552915582,2552916689,15858,1107
4970.125121,2552979735,2552980845,15949,1110
4970.137142,2552988626,2552989731,15844,1105
4970.201276,2553037251,2553038362,15595,1111
4970.213292,2553045198,2553046304,15934,1106
4970.225808,2553054084,2553055184,15701,1100
4970.261875,2553080623,2553081735,15627,1112
4970.273904,2553089462,2553090579,15862,1117
4970.334019,2553133741,2553134851,15709,1110
4970.346041,2553142598,2553143706,15864,1108
4970.376096,2553164704,2553165815,15964,1111
4970.388117,2553173566,2553174679,15834,1113
4970.400144,2553182427,2553183543,15988,1116
4970.412164,2553191273,2553192378,16045,1105
4970.424183,2553200113,2553201229,15706,1116
4970.436215,2553208980,2553210088,15911,1108
4970.448233,2553217831,2553218944,16041,1113
4970.505337,2553259826,2553260931,15700,1105
4970.517367,2553268675,2553269784,16034,1109
4970.535404,2553281930,2553283045,16084,1115
4970.547421,2553290812,2553291919,15965,1107
4970.559441,2553299624,2553300728,15705,1104
4970.571470,2553308476,2553309585,16038,1109
4970.583490,2553317336,2553318449,15936,1113
4970.595513,2553326170,2553327281,15616,1111
4970.607541,2553335023,2553336101,15807,1078
4970.625578,2553348319,2553349399,15882,1080
4970.637596,2553357163,2553358272,15953,1109
4970.661642,2553374824,2553375942,15947,1118
4970.673657,2553383684,2553384792,15883,1108
4970.697714,2553401431,2553402543,15961,1112
4970.709730,2553410279,2553411385,15961,1106
4970.763833,2553450097,2553451209,15961,1112
4970.775855,2553458975,2553460082,15823,1107
4970.787885,2553467858,2553468967,15857,1109
4970.805918,2553481095,2553482182,15801,1087
4970.817936,2553489929,2553491039,15920,1110
4970.832969,2553500993,2553502101,15921,1108
4970.844988,2553509854,2553510971,15836,1117
4970.872039,2553529757,2553530865,15963,1108
4970.884060,2553538611,2553539726,15822,1115
4970.896087,2553547458,2553548567,15944,1109
4970.914122,2553560716,2553561829,15949,1113
4970.926142,2553569572,2553570685,15961,1113
4970.974229,2553604927,2553606039,15626,1112
4970.986263,2553613837,2553614947,15970,1110
4971.040361,2553653620,2553654730,15955,1110
4971.052382,2553662479,2553663587,15971,1108
4971.076430,2553680164,2553681280,16026,1116
4971.088452,2553689063,2553690173,16017,1110
4971.176623,2553755409,2553756519,15857,1110
4971.193653,2553766495,2553767608,16030,1113
4971.205673,2553775364,2553776469,16047,1105
4971.241742,2553801874,2553802977,15968,1103
4971.253763,2553810706,2553811817,15624,1111
4971.268793,2553821764,2553822875,15963,1111
4971.280815,2553830607,2553831721,15823,1114
4971.304862,2553848341,2553849451,16044,1110
4971.319893,2553859429,2553860547,16033,1118
4971.331916,2553868314,2553869431,16027,1117
4971.345442,2553878530,2553879645,15960,1115
4971.357458,2553887391,2553888503,15711,1112
4971.369489,2553896287,2553897404,15950,1117
4971.387521,2553909618,2553910736,16027,1118
4971.399541,2553918527,2553919642,15955,1115
4971.411561,2553927397,2553928513,15634,1116
4971.423590,2553936386,2553937499,15948,1113
4971.435612,2553945299,2553946413,15850,1114
4971.447629,2553954162,2553955277,15591,1115
4971.460663,2553965332,2553966444,15888,1112
4971.504749,2553996330,2553997443,15965,1113
4971.516765,2554005189,2554006299,15963,1110
4971.528787,2554014056,2554015164,15825,1108
4971.604935,2554071538,2554072650,15970,1112
4971.624971,2554084788,2554085896,15938,1108
4971.636990,2554093628,2554094734,15675,1106
4971.658036,2554109114,2554110221,16009,1107
4971.670056,2554117987,2554119096,15920,1109
4971.709127,2554146728,2554147838,15634,1110
4971.720334,2554155978,2554157093,15952,1115
4971.811328,2554222371,2554223484,15951,1113
4971.823348,2554231229,2554232339,15769,1110
4971.835367,2554240097,2554241208,15512,1111
4971.847396,2554248969,2554250084,15950,1115
4971.859417,2554257832,2554258944,15969,1112
4971.871443,2554266660,2554267774,15784,1114
4971.883465,2554275526,2554276638,16036,1112
4971.895485,2554284392,2554285505,16048,1113
4971.907504,2554293243,2554294350,15593,1107
4971.928555,2554308780,2554309894,16046,1114
4971.940573,2554317675,2554318789,15941,1114
4971.979642,2554346394,2554347505,15631,1111
4971.991671,2554355250,2554356366,16036,1116
4972.003691,2554364099,2554365209,16052,1110
4972.015710,2554372927,2554374025,15707,1098
4972.027743,2554381816,2554382931,15965,1115
4972.039759,2554390668,2554391780,15966,1112
4972.051779,2554399481,2554400593,15590,1112
4972.063808,2554408329,2554409443,15862,1114
4972.075831,2554417177,2554418291,15947,1114
4972.087847,2554426003,2554427110,15629,1107
4972.099879,2554434842,2554435920,15810,1078
4972.111897,2554443664,2554444777,15878,1113
4972.129932,2554456973,2554458086,15930,1113
4972.141950,2554465807,2554466909,15629,1102
4972.166000,2554483513,2554484632,15962,1119
4972.178021,2554492350,2554493462,15629,1112
4972.190048,2554501205,2554502311,15951,1106
4972.208082,2554514451,2554515552,15950,1101
4972.228332,2554523869,2554524483,11993,614
4972.240666,2554529181,2554530017,13450,836
4972.269694,2554548922,2554550037,15815,1115
4972.281723,2554557980,2554559091,15820,1111
4972.296747,2554569113,2554570228,15839,1115
4972.308775,2554578001,2554579109,15817,1108
4972.320799,2554586882,2554587997,15984,1115
4972.332816,2554595784,2554596902,15774,1118
4972.344843,2554604715,2554605829,15901,1114
4972.359867,2554615849,2554616967,15844,1118
4972.371894,2554624771,2554625890,15904,1119
4972.383919,2554633709,2554634824,15971,1115
4972.419988,2554660405,2554661515,15995,1110
4972.432004,2554669288,2554670397,15845,1109
4972.444032,2554678163,2554679273,15866,1110
4972.456056,2554687060,2554688177,15893,1117
4972.468071,2554695951,2554697061,15743,1110
4972.480102,2554704849,2554705961,15902,1112
4972.493131,2554715963,2554717073,15841,1110
4972.522176,2554735966,2554737079,15844,1113
4972.534203,2554744863,2554745973,15905,1110
4972.579291,2554778206,2554779317,15926,1111
4972.591313,2554787095,2554788200,15973,1105
4972.603333,2554795964,2554797083,15871,1119
4972.615358,2554804871,2554805983,15902,1112
4972.627382,2554813762,2554814875,15971,1113
4972.639399,2554822648,2554823757,15744,1109
4972.651426,2554831523,2554832638,15908,1115
4972.663451,2554840416,2554841526,15976,1110
4972.675467,2554849310,2554850418,15755,1108
4972.687495,2554858217,2554859330,15910,1113
4972.699519,2554867118,2554868227,15886,1109
4972.711536,2554876005,2554877114,15823,1109
4972.724331,2554884731,2554885630,15115,899
4972.737089,2554893401,2554894512,15907,1111
4972.749114,2554902279,2554903397,15862,1118
4972.761130,2554911186,2554912299,15843,1113
4972.773158,2554920083,2554921188,15821,1105
4972.794200,2554935619,2554936729,15932,1110
4972.813240,2554951183,2554952293,15829,1110
4972.830268,2554962317,2554963434,15985,1117
4972.842284,2554971223,2554972336,15838,1113
4972.863329,2554986801,2554987916,15903,1115
4972.875354,2554995697,2554996809,16028,1112
4972.887372,2555004616,2555005731,15760,1115
4972.899398,2555013512,2555014622,15910,1110
4972.911422,2555022418,2555023528,15973,1110
4972.923439,2555031309,2555032412,15842,1103
4972.935466,2555040192,2555041311,15907,1119
4972.947493,2555049098,2555050204,15909,1106
4972.959507,2555057968,2555059087,15802,1119
4972.971535,2555066871,2555067984,15881,1113
4972.983560,2555075767,2555076877,15984,1110
4972.995576,2555084652,2555085759,15927,1107
4973.007604,2555093546,2555094655,15954,1109
4973.019629,2555102432,2555103542,16063,1110
4973.031645,2555111321,2555112431,15760,1110
4973.043672,2555120205,2555121320,15905,1115
4973.055697,2555129097,2555130210,15976,1113
4973.067713,2555137996,2555139102,15805,1106
4973.079741,2555146871,2555147981,15912,1110
4973.091769,2555155772,2555156887,16011,1115
4973.103782,2555164675,2555165790,15826,1115
4973.115811,2555173579,2555174689,15861,1110
4973.127835,2555182473,2555183583,15984,1110
4973.139851,2555191365,2555192469,15830,1104
4973.151879,2555200258,2555201376,15905,1118
4973.184937,2555224736,2555225844,15830,1108
4973.196965,2555233633,2555234751,15852,1118
4973.208990,2555242549,2555243667,15988,1118
4973.221006,2555251450,2555252557,15834,1107
4973.233034,2555260337,2555261447,15907,1110
4973.245060,2555269627,2555270732,15990,1105
4973.257074,2555278522,2555279630,15743,1108
4973.269103,2555287426,2555288540,15827,1114
4973.293142,2555305207,2555306322,15829,1115
4973.305170,2555314121,2555315229,15913,1108
4973.317195,2555323020,2555324138,15982,1118
4973.329211,2555331908,2555333022,15840,1114
4973.365279,2555358601,2555359714,15851,1113
4973.377307,2555367512,2555368625,15915,1113
4973.401348,2555385282,2555386395,15847,1113
4973.413375,2555394177,2555395292,15907,1115
4973.431410,2555407539,2555408658,15903,1119
4973.443434,2555416436,2555417546,15977,1110
4973.455451,2555425330,2555426448,15844,1118
4973.467478,2555434220,2555435329,15912,1109
4973.479503,2555443104,2555444214,16062,1110
4973.491519,2555452004,2555453119,15846,1115
4973.503550,2555460917,2555462027,15906,1110
4973.515573,2555469830,2555470949,15990,1119
4973.581691,2555518764,2555519874,15829,1110
4973.593720,2555527664,2555528776,15908,1112
4973.605745,2555536555,2555537663,15994,1108
4973.624784,2555552111,2555553216,15829,1105
4973.695915,2555603297,2555604410,15985,1113
4973.707932,2555612205,2555613315,15817,1110
4973.719960,2555621106,2555622216,15820,1110
4973.731984,2555629991,2555631106,15902,1115
4973.744000,2555638908,2555640023,15833,1115
4973.756028,2555647798,2555648907,15908,1109
4973.768053,2555656700,2555657817,15990,1117
4973.789085,2555672281,2555673389,15829,1108
4973.801114,2555681164,2555682277,15826,1113
4973.829167,2555703393,2555704500,15985,1107
4973.873251,2555734505,2555735608,15915,1103
4973.885276,2555743385,2555744500,16074,1115
4973.897291,2555752276,2555753389,15915,1113
4973.909320,2555761171,2555762286,15989,1115
4973.921344,2555770092,2555771205,15989,1113
4973.933360,2555778987,2555780092,15826,1105
4973.945389,2555787890,2555789000,15905,1110
4973.960411,2555798998,2555800104,15830,1106
4973.972440,2555807870,2555808983,15909,1113
4974.011516,2555836761,2555837874,15987,1113
4974.023531,2555845649,2555846760,15879,1111
4974.035560,2555854544,2555855656,15919,1112
4974.047585,2555863454,2555864562,16074,1108
4974.059600,2555872356,2555873466,15829,1110
4974.071629,2555881245,2555882360,15911,1115
4974.083653,2555890155,2555891268,15990,1113
4974.095671,2555899028,2555900138,15859,1110
4974.107697,2555907910,2555909025,15910,1115
4974.119722,2555916825,2555917935,15980,1110
4974.131737,2555925732,2555926838,15829,1106
4974.143764,2555934613,2555935730,15907,1117
4974.155789,2555943522,2555944630,15995,1108
4974.167805,2555952412,2555953522,15844,1110
4974.179833,2555961298,2555962412,15913,1114
4974.191857,2555970201,2555971315,15891,1114
4974.203873,2555979091,2555980196,15840,1105
4974.215902,2555987981,2555989095,15907,1114
4974.227926,2555996862,2555997977,15932,1115
4974.239942,2556005755,2556006869,15846,1114
4974.251970,2556014671,2556015774,15908,1103
4974.270005,2556028020,2556029130,15912,1110
4974.282029,2556036932,2556038042,15888,1110
4974.321097,2556065840,2556066955,15847,1115
4974.333126,2556074756,2556075868,15865,1112
4974.360178,2556094772,2556095878,15911,1106
4974.372202,2556103657,2556104766,15946,1109
4974.384217,2556112545,2556113650,15830,1105
4974.396246,2556121433,2556122543,15908,1110
4974.408270,2556130328,2556131450,15992,1122
4974.420286,2556139262,2556140380,15835,1118
4974.432315,2556148187,2556149297,15919,1110
4974.444339,2556157082,2556158199,15994,1117
4974.468383,2556174879,2556175991,15991,1112
4974.483406,2556186024,2556187132,15833,1108
4974.513469,2556208239,2556209356,15911,1117
4974.525493,2556217143,2556218253,15949,1110
4974.537508,2556226039,2556227153,15823,1114
4974.568573,2556250461,2556251571,15988,1110
4974.627680,2556292675,2556293793,15829,1118
4974.639709,2556301583,2556302690,15909,1107
4974.651734,2556310472,2556311581,15924,1109
4974.663749,2556319371,2556320490,15742,1119
4974.675778,2556328267,2556329380,15908,1113
4974.687802,2556337173,2556338286,15901,1113
4974.699816,2556346069,2556347176,15774,1107
4974.711846,2556354957,2556356067,15909,1110
4974.723870,2556363852,2556364962,15906,1110
4974.735888,2556372748,2556373858,15828,1110
4974.749410,2556382952,2556384065,15828,1113
4974.780972,2556406739,2556407842,15833,1103
4974.793001,2556415624,2556416734,15911,1110
4974.853109,2556460104,2556461218,15828,1114
4974.865138,2556469001,2556470106,15824,1105
4974.881176,2556482339,2556483453,15908,1114
4974.910224,2556502354,2556503467,15905,1113
4974.922248,2556511251,2556512357,15989,1106
4974.937275,2556522376,2556523482,15888,1106
4974.949299,2556531278,2556532387,15961,1109
4974.967333,2556544632,2556545745,15991,1113
4974.979349,2556553515,2556554632,15752,1117
4974.991378,2556562420,2556563530,15906,1110
4975.012419,2556577976,2556579091,15983,1115
4975.024434,2556586874,2556587992,15742,1118
4975.081549,2556629120,2556630234,15911,1114
4975.093576,2556638022,2556639127,15946,1105
4975.144669,2556675808,2556676918,15907,1110
4975.156694,2556684696,2556685804,15944,1108
4975.192762,2556711351,2556712461,15986,1110
4975.204778,2556720250,2556721363,15742,1113
4975.261893,2556762480,2556763587,15792,1107
4975.273917,2556771360,2556772468,15992,1108
4975.285932,2556780239,2556781349,15825,1110
4975.312983,2556800248,2556801358,15825,1110
4975.325012,2556809142,2556810261,15909,1119
4975.352064,2556829141,2556830255,15907,1114
4975.364088,2556838062,2556839175,15987,1113
4975.376103,2556846965,2556848078,15825,1113
4975.388133,2556855873,2556856976,15915,1103
4975.400157,2556864769,2556865874,15987,1105
4975.430206,2556887028,2556888141,15827,1113
4975.442235,2556895895,2556897005,15908,1110
4975.454260,2556904789,2556905897,15994,1108
4975.496338,2556935885,2556936989,15908,1104
4975.508363,2556944786,2556945903,15900,1117
4975.547429,2556973688,2556974797,15833,1109
4975.559458,2556982602,2556983715,15907,1113
4975.571482,2556991502,2556992605,15989,1103
4975.583498,2557000381,2557001495,15828,1114
4975.595527,2557009272,2557010386,15910,1114
4975.607551,2557018164,2557019281,15985,1117
4975.619566,2557027073,2557028187,15830,1114
4975.631595,2557035979,2557037089,15911,1110
4975.643620,2557044879,2557045992,16003,1113
4975.655635,2557053784,2557054900,15833,1116
4975.667664,2557062678,2557063788,15915,1110
4975.679688,2557071576,2557072686,15991,1110
4975.691702,2557080453,2557081568,15814,1115
4975.703733,2557089347,2557090459,15907,1112
4975.715757,2557098255,2557099368,15992,1113
4975.727774,2557107167,2557108277,15739,1110
4975.739801,2557116068,2557117178,15860,1110
4975.751825,2557124965,2557126074,15991,1109
4975.763841,2557133877,2557134989,15827,1112
4975.775869,2557142771,2557143885,15906,1114
4975.787894,2557151657,2557152764,15990,1107
4975.799909,2557160548,2557161657,15833,1109
4975.811939,2557169464,2557170573,15828,1109
4975.823962,2557178334,2557179447,15903,1113
4975.835978,2557187226,2557188336,15826,1110
4975.848007,2557196129,2557197239,15824,1110
4975.860031,2557205022,2557206137,15992,1115
4975.872047,2557213920,2557215036,15743,1116
4975.884076,2557222799,2557223906,15867,1107
4975.908116,2557240581,2557241686,15832,1105
4975.920144,2557249483,2557250587,15909,1104
4975.932168,2557258374,2557259487,15986,1113
4975.944186,2557267288,2557268400,15831,1112
4975.956213,2557276173,2557277288,15908,1115
4975.968238,2557285097,2557286204,15979,1107
4975.980252,2557293989,2557295102,15843,1113
4975.992280,2557302874,2557303983,15910,1109
4976.004304,2557311769,2557312871,15979,1102
4976.016321,2557320658,2557321768,15838,1110
4976.043372,2557340677,2557341790,15843,1113
4976.055400,2557349561,2557350669,15916,1108
4976.067424,2557358446,2557359561,15978,1115
4976.080455,2557369559,2557370669,15805,1110
4976.092470,2557378444,2557379554,15982,1110
4976.116523,2557396245,2557397350,15902,1105
4976.145572,2557416238,2557417348,15912,1110
4976.157595,2557425149,2557426261,15979,1112
4976.169612,2557434043,2557435160,15841,1117
4976.235744,2557482949,2557484059,15906,1110
4976.247769,2557491845,2557492953,15990,1108
4976.258292,2557499846,2557500961,15912,1115
4976.303374,2557533215,2557534328,15911,1113
4976.315395,2557542109,2557543222,15927,1113
4976.327413,2557551005,2557552119,15849,1114
4976.339443,2557559896,2557561006,15909,1110
4976.351464,2557568784,2557569891,15972,1107
4976.363487,2557577695,2557578798,15862,1103
4976.375504,2557586535,2557587649,15779,1114
4976.387533,2557595420,2557596521,15963,1101
4976.399551,2557604259,2557605372,15877,1113
4976.411570,2557613087,2557614194,15627,1107
4976.423599,2557621924,2557623034,15944,1110
4976.435619,2557630784,2557631894,15855,1110
4976.447638,2557639631,2557640737,15511,1106
4976.459668,2557648503,2557649613,15862,1110
4976.471688,2557657361,2557658473,15921,1112
4976.483715,2557666239,2557667349,15600,1110
4976.495736,2557675085,2557676200,15908,1115
4976.516774,2557690567,2557691676,15967,1109
4976.528793,2557699402,2557700512,15592,1110
4976.552842,2557717166,2557718273,15963,1107
4976.564861,2557725995,2557727101,15629,1106
4976.579893,2557737065,2557738177,15919,1112
4976.591913,2557745887,2557746994,15623,1107
4976.603946,2557754771,2557755874,15962,1103
4976.615962,2557763602,2557764714,15917,1112
4976.627981,2557772417,2557773524,15629,1107
4976.640014,2557781303,2557782418,15960,1115
4976.652032,2557790203,2557791311,15936,1108
4976.670066,2557803473,2557804576,15967,1103
4976.682092,2557812343,2557813445,15679,1102
4976.772256,2557878729,2557879840,15625,1111
4976.784288,2557887589,2557888699,15993,1110
4976.841392,2557929712,2557930822,15940,1110
4976.853414,2557938530,2557939632,15727,1102
4976.865439,2557947383,2557948496,16033,1113
4976.904511,2557976190,2557977300,15963,1110
4976.916530,2557985028,2557986134,15630,1106
4976.976649,2558029208,2558030318,15958,1110
4976.988672,2558038055,2558039162,15852,1107
4977.009713,2558053513,2558054623,15942,1110
4977.021734,2558062382,2558063495,15924,1113
4977.033756,2558071268,2558072381,15800,1113
4977.045782,2558080108,2558081216,15910,1108
4977.057803,2558088953,2558090063,15957,1110
4977.087856,2558111042,2558112148,15620,1106
4977.099889,2558119921,2558121038,15876,1117
4977.111905,2558128785,2558129895,15961,1110
4977.123928,2558137629,2558138736,15822,1107
4977.141959,2558150924,2558152031,15591,1107
4977.153990,2558159789,2558160869,15805,1080
4977.193059,2558188546,2558189659,15959,1113
4977.208091,2558199601,2558200710,15946,1109
4977.268198,2558243798,2558244909,15622,1111
4977.280232,2558252682,2558253797,15910,1115
4977.292249,2558261606,2558262719,15828,1113
4977.304276,2558270530,2558271646,15914,1116
4977.316301,2558279463,2558280579,15995,1116
4977.328315,2558288395,2558289510,15810,1115
4977.397451,2558339498,2558340608,15948,1110
4977.409473,2558348467,2558349577,15932,1110
4977.448542,2558377252,2558378359,15590,1107
4977.460575,2558386137,2558387250,15966,1113
4977.475601,2558397183,2558398290,15704,1107
4977.487625,2558406023,2558407104,15796,1081
4977.499643,2558414846,2558415953,15877,1107
4977.511662,2558423674,2558424790,15623,1116
4977.529699,2558436975,2558438090,15817,1115
4977.541725,2558445827,2558446935,15942,1108
4977.553746,2558454676,2558455783,15971,1107
4977.565765,2558463522,2558464629,15591,1107
4977.580800,2558474602,2558475714,15927,1112
4977.592816,2558483429,2558484534,15589,1105
4977.604846,2558492279,2558493388,15954,1109
4977.616867,2558501184,2558502297,15933,1113
4977.628887,2558510053,2558511159,15904,1106
4977.643917,2558521125,2558522235,15955,1110
4977.655936,2558529927,2558531039,15624,1112
4977.667965,2558538783,2558539895,15866,1112
4977.685999,2558552035,2558553144,15944,1109
4977.698020,2558560890,2558561999,15961,1109
4977.716055,2558574131,2558575237,15967,1106
4977.728078,2558583014,2558584122,15737,1108
4977.740102,2558591853,2558592965,15861,1112
4977.752124,2558600741,2558601840,15933,1099
4977.764142,2558609563,2558610665,15632,1102
4977.776174,2558618810,2558619915,15907,1105
4977.788191,2558627660,2558628770,15875,1110
4977.800211,2558636493,2558637604,15627,1111
4977.812240,2558645345,2558646460,15862,1115
4977.824260,2558654256,2558655370,15798,1114
4977.836279,2558663117,2558664216,15592,1099
4977.848309,2558671976,2558673086,15864,1110
4977.869346,2558687441,2558688553,16043,1112
4977.881365,2558696268,2558697380,15704,1112
4977.896397,2558707354,2558708464,15967,1110
4977.908419,2558716207,2558717322,15825,1115
4977.929468,2558731734,2558732812,15808,1078
4977.941483,2558740543,2558741658,15968,1115
4977.953502,2558749386,2558750494,15629,1108
4977.965532,2558758236,2558759349,15957,1113
4978.016629,2558796501,2558797616,15861,1115
4978.028656,2558805425,2558806542,15860,1117
4978.043677,2558816514,2558817621,15610,1107
4978.055703,2558825358,2558826467,15948,1109
4978.067723,2558834214,2558835321,16049,1107
4978.079742,2558843044,2558844155,15704,1111
4978.091775,2558851925,2558853035,16039,1110
4978.103793,2558860820,2558861937,15939,1117
4978.115811,2558869667,2558870779,15635,1112
4978.127844,2558878550,2558879655,15971,1105
4978.139860,2558887394,2558888512,15963,1118
4978.151879,2558896227,2558897343,15629,1116
4978.163908,2558905101,2558906206,15951,1105
4978.176942,2558916135,2558917245,15698,1110
4978.199977,2558931617,2558932726,16027,1109
4978.211998,2558940477,2558941590,15972,1113
4978.224019,2558949332,2558950447,15829,1115
4978.236050,2558958225,2558959330,15879,1105
4978.248066,2558967061,2558968170,15964,1109
4978.269110,2558982526,2558983627,15710,1101
4978.281131,2558991360,2558992474,15956,1114
4978.302169,2559006862,2559007979,15969,1117
4978.314188,2559015699,2559016805,15701,1106
4978.359274,2559048901,2559050005,15625,1104
4978.371306,2559057749,2559058857,16000,1108
4978.383324,2559066617,2559067724,15972,1107
4978.395343,2559075469,2559076578,15598,1109
4978.407372,2559084325,2559085435,15948,1110
4978.425411,2559097628,2559098711,15885,1083
4978.437427,2559106503,2559107617,15934,1114
4978.464478,2559126393,2559127508,15965,1115
4978.476497,2559135245,2559136351,15590,1106
4978.564676,2559201607,2559202717,15708,1110
4978.632800,2559250334,2559251444,15947,1110
4978.644823,2559259240,2559260353,15940,1113
4978.656840,2559268106,2559269218,15598,1112
4978.668872,2559276975,2559278073,15997,1098
4978.683891,2559288010,2559289121,15629,1111
4978.769066,2559352227,2559353341,15957,1114
4978.840194,2559403113,2559404223,15953,1110
4978.852216,2559412029,2559413137,15935,1108
4978.864241,2559420861,2559421975,15785,1114
4978.876265,2559429718,2559430827,16035,1109
4978.888284,2559438546,2559439659,15965,1113
4978.900303,2559447364,2559448470,15548,1106
4978.912332,2559456212,2559457317,15860,1105
4978.945388,2559480555,2559481661,15624,1106
4978.957418,2559489396,2559490506,15903,1110
4978.981457,2559507076,2559508182,15621,1106
4978.993487,2559515947,2559517062,15956,1115
4979.005507,2559524794,2559525901,15958,1107
4979.044580,2559553542,2559554653,15827,1111
4979.056606,2559562410,2559563519,15989,1109
4979.080649,2559580099,2559581204,15830,1105
4979.092675,2559588960,2559590064,16035,1104
4979.104695,2559597803,2559598917,15963,1114
4979.116717,2559606648,2559607762,15823,1114
4979.128743,2559615484,2559616592,15954,1108
4979.188851,2559659672,2559660774,15627,1102
4979.200881,2559668532,2559669642,15947,1110
4979.251971,2559706145,2559707258,15629,1113
4979.264004,2559715042,2559716150,15907,1108
4979.276021,2559723872,2559724985,15964,1113
4979.288045,2559733157,2559734272,15824,1115
4979.300071,2559742005,2559743115,15949,1110
4979.312090,2559750912,2559752016,15928,1104
4979.324108,2559759760,2559760864,15666,1104
4979.336138,2559768589,2559769697,15961,1108
4979.348158,2559777447,2559778562,15968,1115
4979.360185,2559786267,2559787374,15716,1107
4979.372206,2559795119,2559796226,15951,1107
4979.384227,2559803964,2559805072,16049,1108
4979.396246,2559812780,2559813890,15704,1110
4979.408279,2559821674,2559822783,16044,1109
4979.420297,2559830564,2559831675,16020,1111
4979.432314,2559839422,2559840532,15641,1110
4979.468383,2559865958,2559867062,15621,1104
4979.480412,2559874813,2559875921,15865,1108
4979.492433,2559883662,2559884772,15968,1110
4979.516485,2559901410,2559902527,15967,1117
4979.528501,2559910265,2559911379,15961,1114
4979.540520,2559919086,2559920196,15584,1110
4979.591621,2559956654,2559957761,15918,1107
4979.603640,2559965467,2559966574,15626,1107
4979.616673,2559976570,2559977678,15922,1108
4979.675777,2560018549,2560019660,15588,1111
4979.687806,2560027432,2560028540,15857,1108
4979.699827,2560036281,2560037396,15920,1115
4979.711849,2560045151,2560046264,15827,1113
4979.729881,2560058411,2560059521,15626,1110
4979.741910,2560067263,2560068376,15959,1113
4979.783983,2560098197,2560099308,15705,1111
4979.796012,2560107059,2560108168,16029,1109
4979.808033,2560115914,2560117031,15938,1117
4979.821065,2560127015,2560128124,16028,1109
4979.889186,2560175661,2560176773,16015,1112
4979.901206,2560184524,2560185619,15628,1095
4979.913239,2560193403,2560194515,15961,1112
4979.925256,2560202253,2560203366,15970,1113
4979.940287,2560213276,2560214388,16027,1112
4980.028458,2560279580,2560280689,16039,1109
4980.081549,2560317115,2560318230,15625,1115
4980.093578,2560325950,2560327056,15954,1106
4980.105598,2560334839,2560335952,15845,1113
4980.132651,2560354751,2560355861,15970,1110
4980.144670,2560363605,2560364707,15595,1102
4980.165716,2560379053,2560380171,15951,1118
4980.177736,2560387899,2560389007,15920,1108
4980.232848,2560429934,2560431044,15623,1110
4980.267907,2560454266,2560455378,15967,1112
4980.297961,2560476327,2560477430,15703,1103
4980.309994,2560485220,2560486327,15919,1107
4980.322010,2560494071,2560495185,15917,1114
4980.334029,2560502906,2560504016,15627,1110
4980.445247,2560584636,2560585742,15949,1106
4980.457270,2560593497,2560594611,15906,1114
4980.472299,2560604525,2560605634,15951,1109
4980.505361,2560628840,2560629955,15856,1115
4980.517384,2560637702,2560638804,15946,1102
4980.529401,2560646543,2560647652,15841,1109
4980.553456,2560664176,2560665287,15995,1111
4980.565473,2560673016,2560674125,15919,1109
4980.616573,2560710630,2560711731,15949,1101
4980.628593,2560719482,2560720594,15928,1112
4980.643626,2560730511,2560731590,15800,1079
4980.656658,2560741516,2560742619,15587,1103
4980.712749,2560781370,2560782486,15593,1116
4980.724778,2560790240,2560791343,15904,1103
4980.736799,2560799071,2560800181,15921,1110
4980.760847,2560816716,2560817822,15951,1106
4980.772868,2560825580,2560826683,15876,1103
4980.793904,2560841002,2560842104,15629,1102
4980.808938,2560852519,2560853629,16018,1110
4980.820955,2560861383,2560862495,15586,1112
4980.832988,2560870259,2560871367,15964,1108
4980.845005,2560879122,2560880240,15878,1118
4980.857024,2560887953,2560889060,15552,1107
4980.878071,2560903431,2560904539,15955,1108
4980.890090,2560912295,2560913407,15961,1112
4980.905126,2560923382,2560924490,15963,1108
4980.917142,2560932221,2560933333,16045,1112
4980.932173,2560943279,2560944389,15944,1110
4980.980262,2560978684,2560979802,15960,1118
4980.992281,2560987504,2560988606,15624,1102
4981.004315,2560996387,2560997497,15961,1110
4981.016330,2561005241,2561006353,15873,1112
4981.028349,2561014086,2561015184,15590,1098
4981.040381,2561022957,2561024036,15780,1079
4981.085465,2561056111,2561057222,15943,1111
4981.097485,2561064960,2561066075,15767,1115
4981.109504,2561073841,2561074947,15594,1106
4981.124536,2561084921,2561086031,16005,1110
4981.136552,2561093919,2561095026,15589,1107
4981.157602,2561109412,2561110516,15908,1104
4981.169622,2561118254,2561119363,15917,1109
4981.184654,2561129281,2561130395,15949,1114
4981.196674,2561138135,2561139244,15852,1109
4981.211709,2561149241,2561150351,15955,1110
4981.268811,2561191237,2561192349,15968,1112
4981.280829,2561200064,2561201176,15629,1112
4981.292861,2561208929,2561210008,15804,1079
4981.304881,2561217793,2561218906,15846,1113
4981.331931,2561237724,2561238837,15967,1113
4981.349968,2561251050,2561252153,15943,1103
4981.361984,2561259882,2561260989,15628,1107
4981.374023,2561266081,2561266731,13811,650
4981.388334,2561271811,2561272431,11963,620
4981.401067,2561277962,2561279061,15914,1099
4981.413092,2561286796,2561287901,15996,1105
4981.428119,2561297869,2561298973,15987,1104
4981.440145,2561306742,2561307848,16018,1106
4981.452161,2561315612,2561316727,15875,1115
4981.464189,2561324479,2561325587,15908,1108
4981.476211,2561333352,2561334461,15865,1109
4981.488227,2561342236,2561343348,15841,1112
4981.509273,2561357803,2561358916,15907,1113
4981.521297,2561366711,2561367821,15988,1110
4981.533313,2561375590,2561376702,15807,1112
4981.545342,2561384604,2561385714,15824,1110
4981.557363,2561393500,2561394618,15873,1118
4981.572393,2561404594,2561405702,15817,1108
4981.584414,2561413492,2561414600,15872,1108
4981.599443,2561424598,2561425707,15901,1109
4981.611468,2561433513,2561434622,15889,1109
4981.623484,2561442399,2561443512,15843,1113
4981.635512,2561451303,2561452415,15907,1112
4981.647535,2561460182,2561461295,15919,1113
4981.659553,2561469070,2561470188,15816,1118
4981.671582,2561477979,2561479089,15906,1110
4981.689616,2561491324,2561492434,15909,1110
4981.701639,2561500202,2561501318,15974,1116
4981.740713,2561529122,2561530231,15903,1109
4981.752737,2561538235,2561539350,15901,1115
4981.815856,2561584906,2561586008,15906,1102
4981.827880,2561593788,2561594898,15902,1110
4981.839903,2561602697,2561603807,15905,1110
4981.875964,2561629382,2561630497,15841,1115
4981.889497,2561637996,2561639104,15906,1108
4981.901520,2561646879,2561647988,15866,1109
4981.916542,2561657984,2561659091,15803,1107
4981.928572,2561666882,2561667992,15821,1110
4981.949612,2561682464,2561683576,15989,1112
4981.961627,2561691524,2561692629,15828,1105
4981.985681,2561709327,2561710440,15987,1113
4981.997696,2561718245,2561719360,15844,1115
4982.021748,2561736049,2561737163,15973,1114
4982.033765,2561744938,2561746046,15928,1108
4982.045793,2561753821,2561754931,15989,1110
4982.057820,2561762719,2561763832,16010,1113
4982.069833,2561771595,2561772705,15832,1110
4982.081862,2561780485,2561781598,15906,1113
4982.093885,2561789387,2561790502,15978,1115
4982.105902,2561798299,2561799412,15847,1113
4982.117932,2561807184,2561808300,15908,1116
4982.129954,2561816079,2561817192,15980,1113
4982.141970,2561824971,2561826076,15822,1105
4982.154000,2561833866,2561834971,15911,1105
4982.166024,2561842777,2561843894,15985,1117
4982.178039,2561851699,2561852808,15826,1109
4982.190070,2561860598,2561861711,15910,1113
4982.205090,2561871703,2561872818,15843,1115
4982.217121,2561880600,2561881714,15910,1114
4982.244171,2561900615,2561901728,15864,1113
4982.256195,2561909514,2561910623,16072,1109
4982.268210,2561918402,2561919511,15879,1109
4982.280239,2561927304,2561928408,15911,1104
4982.292264,2561936221,2561937335,15912,1114
4982.304287,2561945140,2561946254,15927,1114
4982.316311,2561954454,2561955568,15909,1114
4982.328332,2561963391,2561964503,15824,1112
4982.343361,2561974551,2561975668,15908,1117
4982.355384,2561983481,2561984596,15909,1115
4982.367405,2561992417,2561993536,15910,1119
4982.379428,2562001313,2562002428,15905,1115
4982.391451,2562010197,2562011305,15975,1108
4982.409485,2562023552,2562024666,15979,1114
4982.421502,2562032452,2562033562,15841,1110
4982.448553,2562052453,2562053566,15859,1113
4982.460582,2562061378,2562062488,15904,1110
4982.484626,2562079171,2562080284,15901,1113
4982.496649,2562088081,2562089191,15827,1110
4982.511673,2562099197,2562100310,15842,1113
4982.523701,2562108098,2562109211,15822,1113
4982.535724,2562116988,2562118098,15825,1110
4982.547742,2562125865,2562126971,15863,1106
4982.559771,2562134759,2562135869,15906,1110
4982.583816,2562152558,2562153668,15861,1110
4982.595839,2562161449,2562162559,15907,1110
4982.607864,2562170335,2562171444,15991,1109
4982.619880,2562179224,2562180334,15830,1110
4982.631908,2562188122,2562189235,15909,1113
4982.643931,2562197023,2562198138,15971,1115
4982.655948,2562205920,2562207028,15841,1108
4982.692016,2562232578,2562233686,15827,1108
4982.704045,2562241480,2562242592,15906,1112
4982.716070,2562250372,2562251480,15909,1108
4982.728085,2562259270,2562260383,15827,1113
4982.749132,2562274845,2562275956,15903,1111
4982.761154,2562283741,2562284844,15927,1103
4982.785200,2562301521,2562302633,15915,1112
4982.797224,2562310408,2562311521,16010,1113
4982.824275,2562330409,2562331522,15990,1113
4982.836291,2562339318,2562340428,15758,1110
4982.848321,2562348205,2562349309,15911,1104
4982.860342,2562357090,2562358205,15976,1115
4982.875373,2562368223,2562369333,15908,1110
4982.887396,2562377106,2562378223,15993,1117
4982.905430,2562390452,2562391567,16069,1115
4982.917445,2562399341,2562400454,15785,1113
4982.971548,2562439353,2562440466,15845,1113
4982.983575,2562448280,2562449390,15909,1110
4982.995600,2562457177,2562458287,15981,1110
4983.007616,2562466110,2562467220,15865,1110
4983.019644,2562475005,2562476115,15907,1110
4983.031667,2562483887,2562484996,15917,1109
4983.043685,2562492800,2562493913,15864,1113
4983.055714,2562501676,2562502795,15907,1119
4983.067736,2562510565,2562511675,15937,1110
4983.079758,2562519470,2562520577,15904,1107
4983.091781,2562528350,2562529453,15824,1103
4983.103805,2562537238,2562538347,15889,1109
4983.115822,2562546129,2562547242,15845,1113
4983.127850,2562555025,2562556139,15907,1114
4983.139872,2562563918,2562565028,15957,1110
4983.151890,2562572824,2562573932,15770,1108
4983.175941,2562590631,2562591746,15959,1115
4983.187963,2562599546,2562600661,15773,1115
4983.199988,2562608467,2562609577,15866,1110
4983.212013,2562617360,2562618469,15902,1109
4983.224028,2562626231,2562627346,15785,1115
4983.236058,2562635114,2562636233,15905,1119
4983.248080,2562644014,2562645121,15976,1107
4983.260096,2562652906,2562654019,15846,1113
4983.272127,2562661788,2562662903,15909,1115
4983.284150,2562670695,2562671808,15994,1113
4983.296165,2562679582,2562680692,15833,1110
4983.308194,2562688485,2562689598,15823,1113
4983.320219,2562697391,2562698504,15903,1113
4983.332234,2562706305,2562707408,15752,1103
4983.344265,2562715186,2562716294,15821,1108
4983.365303,2562730739,2562731845,15970,1106
4983.377325,2562739625,2562740730,15861,1105
4983.392354,2562750746,2562751854,15979,1108
4983.404371,2562759640,2562760750,15755,1110
4983.425415,2562775204,2562776312,15901,1108
4983.437439,2562784084,2562785199,15961,1115
4983.497553,2562828516,2562829619,15910,1103
4983.509578,2562837403,2562838517,15977,1114
4983.527610,2562850736,2562851855,15997,1119
4983.539628,2562859642,2562860752,15863,1110
4983.551657,2562868527,2562869637,15906,1110
4983.563678,2562877431,2562878540,15959,1109
4983.575701,2562886327,2562887435,15905,1108
4983.587728,2562895234,2562896348,15910,1114
4983.599750,2562904126,2562905238,15990,1112
4983.623794,2562921907,2562923017,15908,1110
4983.635817,2562930798,2562931908,15973,1110
4983.647837,2562939696,2562940803,15871,1107
4983.689922,2562970793,2562971908,15992,1115
4983.701937,2562979689,2562980799,15743,1110
4983.738005,2563006383,2563007500,15845,1117
4983.750036,2563015284,2563016396,15908,1112
4983.789110,2563044189,2563045296,15988,1107
4983.801126,2563053098,2563054212,15741,1114
4983.828177,2563073128,2563074238,15840,1110
4983.840207,2563082425,2563083535,15818,1110
4983.852229,2563091306,2563092421,15974,1115
4983.864246,2563100201,2563101304,15802,1103
4983.876275,2563109099,2563110207,15828,1108
4983.888299,2563117994,2563119107,15996,1113
4983.900315,2563126897,2563128008,15833,1111
4983.912343,2563135774,2563136888,15910,1114
4983.945400,2563160261,2563161378,15840,1117
4983.957430,2563169153,2563170268,15818,1115
4983.969452,2563178059,2563179163,16025,1104
4983.981469,2563186949,2563188059,15838,1110
4983.996505,2563198067,2563199176,15989,1109
4984.008520,2563206970,2563208077,15826,1107
4984.047602,2563235877,2563236987,15908,1110
4984.059623,2563244797,2563245909,15975,1112
4984.071646,2563253689,2563254790,15890,1101
4984.089674,2563267001,2563268111,15826,1110
4984.101703,2563275891,2563277009,15865,1118
4984.149795,2563311458,2563312568,15946,1110
4984.161811,2563320356,2563321461,15841,1105
4984.173841,2563329237,2563330355,15914,1118
4984.188863,2563340336,2563341449,15829,1113
4984.200892,2563349242,2563350352,15909,1110
4984.212917,2563358159,2563359267,16075,1108
4984.239967,2563378141,2563379254,15984,1113
4984.251983,2563387021,2563388128,15850,1107
4984.270023,2563400347,2563401461,15906,1114
4984.282047,2563409233,2563410341,15867,1108
4984.318115,2563435904,2563437013,15911,1109
4984.330138,2563444796,2563445903,15978,1107
4984.360189,2563467025,2563468133,15845,1108
4984.372218,2563475909,2563477023,15917,1114
4984.384242,2563484793,2563485908,15986,1115
4984.408286,2563502566,2563503685,15912,1119
4984.420309,2563511483,2563512596,15917,1113
4984.432326,2563520381,2563521495,15926,1114
4984.444356,2563529263,2563530377,15818,1114
4984.459377,2563540385,2563541495,15847,1110
4984.549549,2563607088,2563608203,15844,1115
4984.561579,2563616002,2563617110,15912,1108
4984.573604,2563624895,2563626005,15906,1110
4984.585618,2563633789,2563634902,15787,1113
4984.597647,2563642675,2563643791,15913,1116
4984.612669,2563653795,2563654909,15831,1114
4984.627704,2563664929,2563666044,15971,1115
4984.639720,2563673832,2563674945,15849,1113
4984.651751,2563682733,2563683851,15905,1118
4984.663772,2563691618,2563692721,15891,1103
4984.675789,2563700499,2563701614,15829,1115
4984.687820,2563709389,2563710499,15823,1110
4984.699843,2563718285,2563719404,15994,1119
4984.711858,2563727182,2563728285,15833,1103
4984.777989,2563776065,2563777175,15906,1110
4984.790016,2563784962,2563786072,15992,1110
4984.802029,2563793856,2563794971,15826,1115
4984.817064,2563804964,2563806081,15909,1117
4984.832094,2563816096,2563817207,15905,1111
4984.844115,2563824979,2563826083,15973,1104
4984.856132,2563833861,2563834969,15844,1108
4984.868161,2563842756,2563843870,15908,1114
4984.880185,2563851654,2563852762,15993,1108
4984.892201,2563860538,2563861648,15830,1110
4984.904232,2563869440,2563870554,15915,1114
4984.916253,2563878322,2563879432,15917,1110
4984.928272,2563887218,2563888328,15878,1110
4984.940300,2563896117,2563897227,15823,1110
4984.952321,2563905001,2563906119,15889,1118
4985.003419,2563942787,2563943901,15914,1114
4985.015441,2563951670,2563952780,15917,1110
4985.033476,2563964982,2563966091,15900,1109
4985.045492,2563973886,2563974992,15838,1106
4985.081561,2564000551,2564001668,15832,1117
4985.093590,2564009448,2564010558,15864,1110
4985.105614,2564018332,2564019447,15997,1115
4985.117629,2564027252,2564028361,15839,1109
4985.159716,2564058352,2564059464,15976,1112
4985.201796,2564089452,2564090565,15910,1113
4985.213818,2564098353,2564099458,15914,1105
4985.237866,2564116131,2564117241,15906,1110
4985.249887,2564125045,2564126150,15972,1105
4985.267923,2564138379,2564139489,15991,1110
4985.310001,2564169524,2564170629,15906,1105
4985.322024,2564178417,2564179529,15974,1112
4985.334041,2564187297,2564188407,15844,1110
4985.349076,2564198815,2564199928,15973,1113
4985.361098,2564207722,2564208832,15821,1110
4985.385146,2564225522,2564226636,15991,1114
4985.400173,2564236631,2564237746,15903,1115
4985.412196,2564245531,2564246638,15829,1107
4985.424212,2564254406,2564255518,15843,1112
4985.436243,2564263319,2564264429,15907,1110
4985.448267,2564272236,2564273346,15980,1110
4985.511384,2564318931,2564320040,15915,1109
4985.523401,2564327825,2564328935,15843,1110
4985.536924,2564337995,2564339096,15599,1101
4985.576004,2564366798,2564367912,16033,1114
4985.588025,2564375648,2564376761,16045,1113
4985.600044,2564384462,2564385574,15702,1112
4985.618078,2564397724,2564398840,15627,1116
4985.630107,2564406584,2564407694,16033,1110
4985.648142,2564419869,2564420979,15951,1110
4985.660162,2564428775,2564429888,15800,1113
4985.672181,2564437630,2564438741,15509,1111
4985.690215,2564450899,2564452009,15623,1110
4985.702247,2564459753,2564460837,15765,1084
4985.735302,2564484025,2564485123,15630,1098
4985.747334,2564492886,2564493997,15966,1111
4985.759350,2564501754,2564502867,15861,1113
4985.771369,2564510605,2564511712,15593,1107
4985.783399,2564519448,2564520558,15955,1110
4985.804438,2564534989,2564536097,15937,1108
4985.816455,2564543812,2564544923,15629,1111
4985.840505,2564561521,2564562625,16043,1104
4985.852524,2564570346,2564571458,15631,1112
4985.864558,2564579238,2564580352,15965,1114
4985.876573,2564588094,2564589207,15875,1113
4985.897610,2564603567,2564604678,15632,1111
4985.909642,2564612410,2564613522,15993,1112
4985.940704,2564636704,2564637812,15593,1108
4986.044897,2564711880,2564712985,15958,1105
4986.056917,2564720725,2564721828,15932,1103
4986.108019,2564758368,2564759476,15962,1108
4986.120036,2564767212,2564768319,15833,1107
4986.132055,2564776037,2564777144,15627,1107
4986.144085,2564784895,2564786005,15952,1110
4986.156105,2564793777,2564794885,15761,1108
4986.168124,2564802613,2564803725,15672,1112
4986.180153,2564811479,2564812590,15950,1111
4986.192173,2564820312,2564821431,15965,1119
4986.204200,2564829146,2564830250,15705,1104
4986.222227,2564842387,2564843498,15702,1111
4986.234256,2564851245,2564852353,15946,1108
4986.256327,2564868931,2564870039,15832,1108
4986.273330,2564880064,2564881174,15888,1110
4986.360500,2564944217,2564945335,16039,1118
4986.372517,2564953085,2564954195,16044,1110
4986.408588,2564979645,2564980755,15952,1110
4986.420604,2564988479,2564989576,15628,1097
4986.460689,2565019503,2565020614,15934,1111
4986.483728,2565034949,2565036050,15663,1101
4986.495758,2565043847,2565044958,15921,1111
4986.507777,2565052736,2565053844,15949,1108
4986.519793,2565061555,2565062661,15626,1106
4986.531822,2565070418,2565071537,15900,1119
4986.543843,2565079271,2565080386,15964,1115
4986.579911,2565105810,2565106922,15961,1112
4986.591930,2565114673,2565115789,15514,1116
4986.603962,2565123554,2565124664,15917,1110
4986.615980,2565132425,2565133538,15968,1113
4986.627999,2565141252,2565142359,15638,1107
4986.640028,2565150104,2565151212,15997,1108
4986.652048,2565158948,2565160057,15858,1109
4986.664067,2565167782,2565168892,15589,1110
4986.676097,2565176634,2565177739,15972,1105
4986.688117,2565185474,2565186584,15962,1110
4986.700144,2565194297,2565195412,15708,1115
4986.712165,2565203145,2565204251,15951,1106
4986.733202,2565218610,2565219724,15957,1114
4986.745222,2565227433,2565228542,15631,1109
4986.793320,2565262825,2565263930,15945,1105
4986.805342,2565271669,2565272779,15948,1110
4986.853430,2565307014,2565308129,15905,1115
4986.865462,2565316320,2565317433,16045,1113
4986.877477,2565325194,2565326307,15961,1113
4986.889499,2565334164,2565335273,15782,1109
4986.901530,2565343029,2565344144,16077,1115
4986.913546,2565351876,2565352986,16055,1110
4986.925562,2565360723,2565361835,15637,1112
4986.937595,2565369576,2565370685,16020,1109
4986.949614,2565378421,2565379534,15934,1113
4987.000717,2565415940,2565417046,16076,1106
4987.012734,2565424781,2565425894,16046,1113
4987.081868,2565475660,2565476765,15946,1105
4987.093889,2565484512,2565485621,15963,1109
4987.105913,2565493392,2565494505,15827,1113
4987.193077,2565557580,2565558687,15960,1107
4987.205096,2565566393,2565567498,15642,1105
4987.268216,2565612858,2565613970,15719,1112
4987.301286,2565637204,2565638312,16035,1108
4987.313303,2565646071,2565647186,15721,1115
4987.325333,2565654971,2565656089,15964,1118
4987.337351,2565663859,2565664977,15965,1118
4987.412494,2565719287,2565720394,15919,1107
4987.427523,2565730355,2565731458,15964,1103
4987.511679,2565792254,2565793364,15682,1110
4987.523707,2565801307,2565802417,15938,1110
4987.535729,2565810163,2565811276,15920,1113
4987.547751,2565819014,2565820127,15802,1113
4987.559780,2565827851,2565828956,15910,1105
4987.571798,2565836694,2565837802,15811,1108
4987.583817,2565845512,2565846619,15551,1107
4987.595849,2565854339,2565855453,15991,1114
4987.607866,2565863191,2565864300,15965,1109
4987.628902,2565878620,2565879729,15625,1109
4987.640931,2565887462,2565888571,15947,1109
4987.689020,2565922837,2565923950,15963,1113
4987.701040,2565931653,2565932764,15628,1111
4987.716072,2565942722,2565943831,15961,1109
4987.728093,2565951593,2565952709,15821,1116
4987.740122,2565960481,2565961596,15865,1115
4987.752142,2565969372,2565970482,15848,1110
4987.764159,2565978184,2565979291,15587,1107
4987.785208,2565993666,2565994748,15776,1082
4987.797229,2566002465,2566003583,15866,1118
4987.818265,2566017912,2566019025,15821,1113
4987.830291,2566026740,2566027849,15905,1109
4987.840327,2566035594,2566036707,15848,1113
4987.872365,2566057720,2566058825,15706,1105
4987.884394,2566066578,2566067687,15951,1109
4987.908433,2566084259,2566085369,15624,1110
4987.920463,2566093118,2566094227,15953,1109
4987.932485,2566102020,2566103128,15884,1108
4987.944505,2566110863,2566111973,15827,1110
4987.956534,2566119710,2566120825,15995,1115
4987.968552,2566128587,2566129695,15967,1108
4988.044703,2566186097,2566187209,15965,1112
4988.103810,2566228067,2566229175,15965,1108
4988.115828,2566236864,2566237975,15586,1111
4988.127857,2566245733,2566246844,15948,1111
4988.145896,2566259076,2566260190,16024,1114
4988.157912,2566267928,2566269046,16003,1118
4988.199994,2566298826,2566299931,15948,1105
4988.212015,2566307669,2566308780,16000,1111
4988.224034,2566316486,2566317593,15628,1107
4988.236063,2566325324,2566326429,15900,1105
4988.248085,2566334197,2566335308,15893,1111
4988.260102,2566343067,2566344168,15588,1101
4988.272132,2566351907,2566353015,15947,1108
4988.284152,2566360753,2566361860,15964,1107
4988.296171,2566369584,2566370696,15705,1112
4988.308202,2566378424,2566379504,15882,1080
4988.329238,2566393840,2566394956,16005,1116
4988.344273,2566404912,2566406019,15975,1107
4988.356290,2566413768,2566414872,15971,1104
4988.368309,2566422638,2566423754,15667,1116
4988.380340,2566431899,2566433011,16029,1112
4988.395360,2566442976,2566444085,15625,1109
4988.416406,2566458435,2566459541,15954,1106
4988.428428,2566467315,2566468427,16015,1112
4988.443462,2566478390,2566479489,15958,1099
4988.455478,2566487241,2566488350,15971,1109
4988.467497,2566496055,2566497162,15625,1107
4988.479528,2566504910,2566506018,16033,1108
4988.491549,2566513742,2566514850,15949,1108
4988.503570,2566522535,2566523646,15668,1111
4988.515595,2566531383,2566532496,15860,1113
4988.527615,2566540228,2566541337,15963,1109
4988.539638,2566549078,2566550188,15825,1110
4988.551666,2566557930,2566559036,15915,1106
4988.563684,2566566763,2566567869,15874,1106
4988.575706,2566575630,2566576735,15734,1105
4988.587737,2566584491,2566585604,15991,1113
4988.599752,2566593357,2566594466,15963,1109
4988.611771,2566602156,2566603272,15627,1116
4988.623801,2566611012,2566612118,15952,1106
4988.641839,2566624288,2566625397,15959,1109
4988.653855,2566633141,2566634254,15921,1113
4988.668886,2566644171,2566645284,15948,1113
4988.680907,2566653038,2566654147,15874,1109
4988.695938,2566664087,2566665200,15945,1113
4988.707958,2566672936,2566674046,15959,1110
4988.719977,2566681750,2566682857,15703,1107
4988.738014,2566695040,2566696143,15825,1103
4988.750041,2566703897,2566705012,15951,1115
4988.768075,2566717161,2566718274,15949,1113
4988.780096,2566726054,2566727160,15931,1106
4988.792114,2566734883,2566735984,15625,1101
4988.813161,2566750354,2566751461,15941,1107
4988.825181,2566759204,2566760317,15964,1113
4988.840216,2566770278,2566771387,15958,1109
4988.852233,2566779111,2566780215,15874,1104
4988.864254,2566787944,2566789053,15734,1109
4988.876284,2566796832,2566797947,15963,1115
4988.888304,2566805687,2566806797,15949,1110
4988.900322,2566814507,2566815616,15629,1109
4988.912349,2566823361,2566824474,15948,1113
4988.945406,2566847726,2566848842,15594,1116
4988.957435,2566856591,2566857698,15954,1107
4988.999509,2566887544,2566888655,15631,1111
4989.011542,2566896434,2566897551,15968,1117
4989.023558,2566905287,2566906395,15968,1108
4989.035580,2566914127,2566915239,15830,1112
4989.047607,2566922965,2566924074,15950,1109
4989.059627,2566931827,2566932926,16047,1099
4989.071642,2566940649,2566941756,15662,1107
4989.104713,2566964956,2566966066,16048,1110
4989.116732,2566973804,2566974911,15590,1107
4989.128761,2566982650,2566983764,15947,1114
4989.152801,2567000382,2567001492,15594,1110
4989.164829,2567009223,2567010332,16028,1109
4989.204916,2567040178,2567041289,15668,1111
4989.270023,2567086615,2567087726,15627,1111
4989.282055,2567095462,2567096570,15999,1108
4989.309104,2567115328,2567116427,15949,1099
4989.321124,2567124193,2567125300,15965,1107
4989.333146,2567133039,2567134143,15739,1104
4989.354190,2567148519,2567149632,16031,1113
4989.366211,2567157385,2567158495,15963,1110
4989.411296,2567190567,2567191680,15963,1113
4989.423315,2567199411,2567200522,15627,1111
4989.441349,2567212704,2567213810,15664,1106
4989.453378,2567221541,2567222645,16031,1104
4989.513489,2567265677,2567266785,15642,1108
4989.525517,2567274534,2567275643,15975,1109
4989.543552,2567287801,2567288915,16003,1114
4989.555570,2567296656,2567297769,15965,1113
4989.567588,2567305456,2567306536,15794,1080
4989.579621,2567314289,2567315404,15958,1115
4989.597653,2567327561,2567328670,15940,1109
4989.609674,2567336462,2567337574,15932,1112
4989.624704,2567347522,2567348636,15949,1114
4989.639726,2567358596,2567359703,15586,1107
4989.693829,2567398347,2567399447,15702,1100
4989.705858,2567407194,2567408303,15991,1109
4989.717879,2567416037,2567417150,16049,1113
4989.771982,2567455857,2567456970,15969,1113
4989.790016,2567469189,2567470302,15961,1113
4989.802035,2567478031,2567479136,15640,1105
4989.829089,2567497968,2567499077,15838,1109
4989.841114,2567506810,2567507919,15897,1109
4989.865155,2567524505,2567525612,15642,1107
4989.877186,2567533314,2567534419,15981,1105
4989.889206,2567542607,2567543720,15934,1113
4989.910241,2567558073,2567559179,15639,1106
4989.922269,2567566921,2567568034,15857,1113
4989.940303,2567580218,2567581326,15934,1108
4989.955326,2567591254,2567592356,15636,1102
4989.976374,2567606771,2567607876,15948,1105
4989.988394,2567615661,2567616769,15934,1108
4990.000414,2567624475,2567625588,15598,1113
4990.040494,2567655455,2567656567,15965,1112
4990.144687,2567730553,2567731665,15626,1112
4990.156716,2567739394,2567740498,15864,1104
4990.183767,2567759291,2567760404,15945,1113
4990.201802,2567772572,2567773687,15954,1115
4990.213824,2567781468,2567782577,15939,1109
4990.225846,2567790351,2567791461,15869,1110
4990.237870,2567799216,2567800334,15947,1118
4990.249890,2567808082,2567809190,15918,1108
4990.261911,2567816899,2567818001,15626,1102
4990.361101,2567889904,2567891017,15822,1113
4990.373130,2567898779,2567899888,15996,1109
4990.388149,2567909814,2567910925,15702,1111
4990.400179,2567918673,2567919779,16035,1106
4990.412199,2567927526,2567928635,16007,1109
4990.424221,2567936381,2567937485,15831,1104
4990.445264,2567951857,2567952968,16019,1111
4990.457285,2567960695,2567961803,15966,1108
4990.475322,2567973966,2567975078,15952,1112
4990.487338,2567982789,2567983896,15700,1107
4990.499370,2567991631,2567992741,15985,1110
4990.511388,2568000478,2568001588,15967,1110
4990.532424,2568015950,2568017058,15667,1108
4990.552332,2568025331,2568025946,12065,615
4990.594051,2568050178,2568051294,15985,1116
4990.606073,2568059064,2568060175,15974,1111
4990.618095,2568067966,2568069070,15906,1104
4990.681210,2568114577,2568115683,15821,1106
4990.693240,2568123454,2568124563,15868,1109
4990.705262,2568132350,2568133460,15975,1110
4990.744330,2568161209,2568162317,15839,1108
4990.756359,2568170076,2568171182,15822,1106
4990.771384,2568181171,2568182289,15869,1118
4990.783411,2568190076,2568191186,15862,1110
4990.795433,2568198957,2568200066,15932,1109
4990.807450,2568207865,2568208969,15855,1104
4990.819478,2568216755,2568217869,15867,1114
4990.831502,2568225644,2568226756,15983,1112
4990.867569,2568252283,2568253397,15914,1114
4990.879587,2568261190,2568262300,15857,1110
4990.891616,2568270081,2568271189,15908,1108
4990.903637,2568278967,2568280077,15960,1110
4990.915660,2568287863,2568288969,15902,1106
4990.927683,2568296740,2568297855,15909,1115
4990.939707,2568305648,2568306752,15938,1104
4990.951724,2568314541,2568315655,15844,1114
4990.963752,2568323436,2568324539,15863,1103
4990.975775,2568332319,2568333428,15959,1109
4990.987793,2568341211,2568342326,15861,1115
4990.999822,2568350120,2568351235,15859,1115
4991.011845,2568359031,2568360139,15975,1108
4991.023861,2568367920,2568369019,15742,1099
4991.035890,2568376786,2568377899,15822,1113
4991.047915,2568385667,2568386775,15902,1108
4991.061439,2568394284,2568395390,15858,1106
4991.073458,2568403154,2568404267,15860,1113
4991.088492,2568414259,2568415374,15994,1115
4991.100507,2568423146,2568424254,15743,1108
4991.115542,2568434252,2568435365,15919,1113
4991.127558,2568443131,2568444244,15756,1113
4991.139589,2568452023,2568453133,15906,1110
4991.151610,2568460905,2568462020,15973,1115
4991.163633,2568469820,2568470924,15813,1104
4991.175656,2568478693,2568479806,15908,1113
4991.187680,2568487569,2568488682,15966,1113
4991.199698,2568496450,2568497557,15944,1107
4991.211727,2568505361,2568506475,15906,1114
4991.223748,2568514266,2568515376,15901,1110
4991.235764,2568523162,2568524276,15841,1114
4991.247795,2568532070,2568533174,15907,1104
4991.259816,2568540947,2568542060,16055,1113
4991.271833,2568549856,2568550966,15833,1110
4991.283861,2568558734,2568559851,15910,1117
4991.295886,2568567640,2568568755,16071,1115
4991.307902,2568576536,2568577639,15833,1103
4991.319932,2568585438,2568586547,15915,1109
4991.331953,2568594351,2568595464,15995,1113
4991.343970,2568603236,2568604350,15850,1114
4991.356000,2568612136,2568613244,15906,1108
4991.368024,2568621015,2568622130,15993,1115
4991.380039,2568629914,2568631026,15830,1112
4991.393070,2568641045,2568642155,15985,1110
4991.410104,2568652561,2568653675,15889,1114
4991.423627,2568662732,2568663835,15914,1103
4991.435651,2568671624,2568672740,15893,1116
4991.447667,2568680508,2568681625,15761,1117
4991.459697,2568689405,2568690515,15822,1110
4991.471717,2568698313,2568699426,15964,1113
4991.483736,2568707214,2568708327,15938,1113
4991.507787,2568725000,2568726117,15966,1117
4991.519805,2568733905,2568735024,15851,1119
4991.531832,2568742805,2568743911,15969,1106
4991.543857,2568751681,2568752799,16064,1118
4991.555873,2568760583,2568761696,15845,1113
4991.567902,2568769478,2568770588,15906,1110
4991.579924,2568778360,2568779473,15959,1113
4991.591941,2568787272,2568788380,15776,1108
4991.603971,2568796156,2568797276,15820,1120
4991.615994,2568805067,2568806180,15980,1113
4991.628013,2568813960,2568815078,15939,1118
4991.640039,2568822846,2568823951,15864,1105
4991.652064,2568831733,2568832840,15903,1107
4991.664081,2568840627,2568841735,15756,1108
4991.676109,2568849526,2568850635,15907,1109
4991.688131,2568858415,2568859523,15971,1108
4991.700147,2568867293,2568868406,15842,1113
4991.718182,2568880622,2568881731,15831,1109
4991.730213,2568889507,2568890613,15928,1106
4991.748245,2568902829,2568903939,15912,1110
4991.760268,2568911714,2568912827,15870,1113
4991.772285,2568920600,2568921713,15844,1113
4991.784315,2568929492,2568930602,15904,1110
4991.796337,2568938353,2568939465,15974,1112
4991.820382,2568956114,2568957224,15907,1110
4991.832406,2568965052,2568966160,15988,1108
4991.865470,2568989523,2568990637,15909,1114
4991.877491,2568998425,2568999532,15931,1107
4991.907548,2569020652,2569021769,15915,1117
4991.937606,2569042878,2569043991,15904,1113
4991.949629,2569051777,2569052890,15994,1113
4991.961645,2569060660,2569061773,15843,1113
4991.991710,2569082900,2569084012,15906,1112
4992.003731,2569091798,2569092911,15972,1113
4992.015748,2569100695,2569101805,15837,1110
4992.027777,2569109579,2569110692,15908,1113
4992.039801,2569118486,2569119596,15985,1110
4992.051816,2569127382,2569128492,15787,1110
4992.063846,2569136267,2569137382,15905,1115
4992.075868,2569145178,2569146288,15970,1110
4992.087885,2569154072,2569155178,15825,1106
4992.099916,2569162953,2569164066,15912,1113
4992.111938,2569171864,2569172982,15995,1118
4992.129973,2569185181,2569186294,15987,1113
4992.141988,2569194077,2569195186,15791,1109
4992.154017,2569202963,2569204073,15917,1110
4992.169039,2569214103,2569215217,15927,1114
4992.181070,2569222992,2569224099,15866,1107
4992.197105,2569236301,2569237408,15903,1107
4992.209127,2569245193,2569246303,15991,1110
4992.232159,2569260738,2569261848,15829,1110
4992.244187,2569269654,2569270763,15903,1109
4992.256209,2569278542,2569279648,15821,1106
4992.268228,2569287421,2569288527,15818,1106
4992.280257,2569296311,2569297421,15819,1110
4992.292278,2569305195,2569306314,15965,1119
4992.304301,2569314094,2569315204,15904,1110
4992.316324,2569322976,2569324089,15907,1113
4992.331348,2569334103,2569335212,15847,1109
4992.343376,2569342988,2569344101,15909,1113
4992.355398,2569351861,2569352969,15831,1108
4992.367416,2569360769,2569361886,15859,1117
4992.379444,2569369705,2569370822,15910,1117
4992.391468,2569378629,2569379745,15949,1116
4992.403491,2569387553,2569388671,15822,1118
4992.415514,2569396468,2569397585,15912,1117
4992.427536,2569405395,2569406506,15960,1111
4992.439555,2569414317,2569415421,15865,1104
4992.451583,2569423204,2569424321,15911,1117
4992.463605,2569432109,2569433223,15983,1114
4992.475622,2569440992,2569442108,15924,1116
4992.487650,2569449879,2569450992,15987,1113
4992.499674,2569458772,2569459882,15983,1110
4992.511690,2569467667,2569468782,15859,1115
4992.523719,2569476571,2569477684,15909,1113
4992.535742,2569485469,2569486573,15964,1104
4992.547759,2569494353,2569495463,15863,1110
4992.559789,2569503251,2569504362,15911,1111
4992.571810,2569512149,2569513264,15912,1115
4992.583833,2569521077,2569522195,15909,1118
4992.625913,2569552302,2569553417,15961,1115
4992.637930,2569561211,2569562319,15796,1108
4992.693049,2569603401,2569604511,15907,1110
4992.740133,2569636745,2569637862,15909,1117
4992.752156,2569645650,2569646763,15830,1113
4992.764171,2569654560,2569655670,15828,1110
4992.776200,2569663433,2569664542,15907,1109
4992.788224,2569672317,2569673425,15903,1108
4992.800247,2569681208,2569682323,15904,1115
4992.812270,2569690100,2569691208,15907,1108
4992.824291,2569698986,2569700099,15936,1113
4992.845326,2569714543,2569715658,15848,1115
4992.857352,2569723462,2569724578,15862,1116
4992.899434,2569754562,2569755669,15910,1107
4992.911457,2569763459,2569764562,15861,1103
4992.923481,2569772764,2569773874,15965,1110
4992.935497,2569781673,2569782783,15862,1110
4992.947526,2569790567,2569791681,15907,1114
4992.959549,2569799461,2569800571,15978,1110
4992.971566,2569808366,2569809467,15759,1101
4992.983593,2569817243,2569818348,15909,1105
4992.995618,2569826118,2569827227,15936,1109
4993.007634,2569835004,2569836115,15862,1111
4993.019665,2569843899,2569845014,15907,1115
4993.031684,2569852798,2569853908,15962,1110
4993.043703,2569861704,2569862815,15860,1111
4993.055734,2569870626,2569871733,15905,1107
4993.067756,2569879516,2569880629,15992,1113
4993.079771,2569888419,2569889532,15830,1113
4993.091800,2569897279,2569898392,15904,1113
4993.103823,2569906174,2569907279,15982,1105
4993.115840,2569915081,2569916191,15851,1110
4993.127870,2569923969,2569925079,15863,1110
4993.139892,2569932849,2569933966,15978,1117
4993.151908,2569941741,2569942851,15788,1110
4993.187977,2569968423,2569969531,15811,1108
4993.200008,2569977306,2569978421,15915,1115
4993.212029,2569986197,2569987310,15986,1113
4993.224045,2569995082,2569996192,15928,1110
4993.257116,2570019546,2570020657,15988,1111
4993.269134,2570028421,2570029533,15855,1112
4993.296190,2570048441,2570049553,15907,1112
4993.308213,2570057319,2570058431,15912,1112
4993.320235,2570066229,2570067342,15985,1113
4993.332254,2570075133,2570076251,15857,1118
4993.344282,2570084029,2570085134,15911,1105
4993.356305,2570092908,2570094015,15990,1107
4993.368320,2570101789,2570102899,15827,1110
4993.380349,2570110681,2570111796,15913,1115
4993.413406,2570135112,2570136225,15847,1113
4993.425436,2570144007,2570145122,15990,1115
4993.437458,2570152901,2570154014,16056,1113
4993.449474,2570161792,2570162904,15830,1112
4993.461503,2570170674,2570171787,15817,1113
4993.476526,2570181799,2570182907,15911,1108
4993.488555,2570190690,2570191795,15891,1105
4993.500577,2570199572,2570200685,15980,1113
4993.527629,2570219557,2570220672,16065,1115
4993.539646,2570228450,2570229559,15845,1109
4993.551675,2570237304,2570238419,15823,1115
4993.563699,2570246195,2570247308,15994,1113
4993.575712,2570255050,2570256152,15678,1102
4993.635836,2570299456,2570300564,16074,1108
4993.647854,2570308338,2570309448,15872,1110
4993.659882,2570317241,2570318354,15908,1113
4993.671906,2570326121,2570327231,15976,1110
4993.683920,2570335017,2570336127,15843,1110
4993.695949,2570343910,2570345027,15911,1117
4993.707974,2570352808,2570353918,15989,1110
4993.719989,2570361720,2570362833,15833,1113
4993.732017,2570370601,2570371709,15909,1108
4993.744041,2570379500,2570380609,15913,1109
4993.756057,2570388401,2570389518,15842,1117
4993.768088,2570397299,2570398408,15906,1109
4993.780110,2570406200,2570407309,15979,1109
4993.792132,2570415090,2570416208,15906,1118
4993.810160,2570428409,2570429522,15827,1113
4993.822189,2570437294,2570438407,15911,1113
4993.852246,2570459499,2570460608,15970,1109
4993.864263,2570468391,2570469508,15846,1117
4993.876295,2570477310,2570478419,15896,1109
4993.888315,2570486216,2570487326,15933,1110
4993.952444,2570535098,2570536201,15846,1103
4993.981486,2570555102,2570556208,15849,1106
4993.993515,2570563996,2570565106,15896,1110
4994.056635,2570610632,2570611745,15987,1113
4994.068659,2570619533,2570620646,16038,1113
4994.101722,2570643941,2570645049,15893,1108
4994.113744,2570652793,2570653901,15933,1108
4994.137791,2570670546,2570671656,15905,1110
4994.149814,2570679462,2570680574,15989,1112
4994.161832,2570688354,2570689471,15860,1117
4994.173860,2570697250,2570698356,15885,1106
4994.192901,2570712809,2570713922,15982,1113
4994.249003,2570752797,2570753911,15989,1114
4994.261018,2570761682,2570762797,15834,1115
4994.282064,2570777217,2570778330,15907,1113
4994.294087,2570786105,2570787213,15971,1108
4994.312121,2570799445,2570800558,15971,1113
4994.324138,2570808342,2570809456,15848,1114
4994.336168,2570817237,2570818351,15908,1114
4994.348191,2570826131,2570827246,15988,1115
4994.366225,2570839443,2570840556,15988,1113
4994.423326,2570881674,2570882783,15843,1109
4994.436861,2570891883,2570893001,15902,1118
4994.448882,2570900787,2570901899,15909,1112
4994.463903,2570911914,2570913024,15841,1110
4994.475936,2570920743,2570921858,15944,1115
4994.487956,2570929644,2570930752,15911,1108
4994.505990,2570943001,2570944113,15981,1112
4994.518006,2570951906,2570953024,15843,1118
4994.573121,2570994162,2570995275,15917,1113
4994.596161,2571009747,2571010851,15970,1104
4994.609682,2571019892,2571021005,15920,1113
4994.675807,2571068362,2571069473,15634,1111
4994.687836,2571077260,2571078361,15966,1101
4994.705866,2571090516,2571091624,15955,1108
4994.717876,2571099302,2571100407,15601,1105
4994.778008,2571143312,2571144422,15959,1110
4994.790013,2571152142,2571153254,15675,1112
4994.880185,2571218071,2571219182,15756,1111
4994.892219,2571226857,2571227963,15636,1106
4994.910253,2571240123,2571241230,15648,1107
4994.922280,2571248916,2571250023,15966,1107
4994.952322,2571270901,2571272008,15681,1107
4994.964356,2571279716,2571280822,15638,1106
4994.979373,2571290716,2571291822,15676,1106
4994.991408,2571299499,2571300610,15668,1111
4995.003436,2571308336,2571309449,15890,1113
4995.015442,2571317126,2571318228,15598,1102
4995.027473,2571325929,2571327035,15733,1106
4995.039504,2571334749,2571335827,15810,1078
4995.051511,2571343503,2571344605,15599,1102
4995.069545,2571356654,2571357770,15679,1116
4995.081584,2571365452,2571366568,15662,1116
4995.099613,2571378614,2571379721,15612,1107
4995.111641,2571387490,2571388603,15901,1113
4995.123648,2571396282,2571397392,15681,1110
4995.135676,2571405084,2571406188,15705,1104
4995.156728,2571420514,2571421599,15836,1085
4995.168734,2571429261,2571430362,15680,1101
4995.207819,2571457831,2571458938,15632,1107
4995.219848,2571466688,2571467801,15962,1113
4995.231865,2571475520,2571476622,15643,1102
4995.243886,2571484361,2571485471,15823,1110
4995.264936,2571499824,2571500928,15976,1104
4995.276939,2571508598,2571509703,15639,1105
4995.303991,2571528401,2571529513,15681,1112
4995.316027,2571537232,2571538338,15616,1106
4995.328053,2571546050,2571547167,15977,1117
4995.340066,2571554881,2571555992,15714,1111
4995.352093,2571563669,2571564780,15637,1111
4995.364123,2571572497,2571573584,15829,1087
4995.376128,2571581257,2571582364,15599,1107
4995.388162,2571590045,2571591150,15639,1105
4995.400190,2571598857,2571599967,15976,1110
4995.421214,2571614188,2571615292,15680,1104
4995.433243,2571622988,2571624102,15772,1114
4995.445276,2571631801,2571632905,15892,1104
4995.460299,2571642754,2571643861,15635,1107
4995.496368,2571669112,2571670216,15713,1104
4995.508396,2571677920,2571679028,16061,1108
4995.520408,2571686732,2571687834,15729,1102
4995.592540,2571739461,2571740568,15683,1107
4995.604573,2571748243,2571749352,15636,1109
4995.628616,2571765851,2571766953,15608,1102
4995.640638,2571774697,2571775803,15620,1106
4995.692752,2571814167,2571815269,15671,1102
4995.715789,2571829584,2571830695,15971,1111
4995.728824,2571840612,2571841720,15809,1108
4995.745846,2571851658,2571852765,15954,1107
4995.833014,2571915429,2571916533,15952,1104
4995.845020,2571924224,2571925335,15601,1111
4995.908154,2571970405,2571971523,15957,1118
4995.920174,2571979194,2571980296,15716,1102
4995.932204,2571988072,2571989175,16000,1103
4995.948719,2572000412,2572001524,15760,1112
4995.962243,2572010744,2572011854,15680,1110
4996.007329,2572043711,2572044816,15682,1105
4996.019362,2572052504,2572053609,15557,1105
4996.031392,2572061343,2572062458,15910,1115
4996.043397,2572070139,2572071255,15641,1116
4996.055431,2572078935,2572080044,15641,1109
4996.076476,2572094346,2572095452,16039,1106
4996.088483,2572103127,2572104232,15686,1105
4996.124562,2572129489,2572130597,15875,1108
4996.136585,2572138352,2572139453,15888,1101
4996.151607,2572149341,2572150451,15763,1110
4996.163633,2572158206,2572159316,15607,1110
4996.175665,2572167028,2572168135,15871,1107
4996.193698,2572180219,2572181333,15986,1114
4996.205706,2572188987,2572190097,15685,1110
4996.236772,2572213156,2572214266,15977,1110
4996.256819,2572226372,2572227485,15989,1113
4996.268829,2572235180,2572236288,15677,1108
4996.295877,2572255001,2572256114,15681,1113
4996.307910,2572263828,2572264947,15833,1119
4996.319941,2572272644,2572273726,15825,1082
4996.331947,2572281431,2572282538,15679,1107
4996.343978,2572290269,2572291376,15595,1107
4996.356008,2572299052,2572300170,15894,1118
4996.368015,2572307850,2572308955,15599,1105
4996.380049,2572316649,2572317756,15638,1107
4996.392077,2572325441,2572326545,16062,1104
4996.410111,2572338615,2572339719,15985,1104
4996.422125,2572347433,2572348541,15678,1108
4996.473231,2572384798,2572385911,15961,1113
4996.488254,2572395781,2572396860,15833,1079
4996.521313,2572419943,2572421049,15715,1106
4996.533340,2572428763,2572429868,15717,1105
4996.557375,2572446345,2572447457,15682,1112
4996.569415,2572455134,2572456241,15787,1107
4996.581437,2572463970,2572465074,16018,1104
4996.617503,2572490294,2572491398,15960,1104
4996.629513,2572499089,2572500191,15681,1102
4996.677608,2572534326,2572535423,15565,1097
4996.689643,2572543126,2572544239,16065,1113
4996.743747,2572582775,2572583881,16001,1106
4996.755754,2572591625,2572592737,15597,1112
4996.767792,2572600417,2572601524,15632,1107
4996.779814,2572609210,2572610320,15979,1110
4996.791834,2572618033,2572619143,15951,1110
4996.803851,2572626806,2572627918,15612,1112
4996.815884,2572635640,2572636719,15902,1079
4996.833918,2572648828,2572649910,15823,1082
4996.845924,2572657592,2572658706,15681,1114
4996.885005,2572686143,2572687246,15607,1103
4996.900032,2572697169,2572698272,15786,1103
4996.948127,2572732460,2572733573,15835,1113
4996.960158,2572741362,2572742472,15956,1110
4996.972165,2572750141,2572751246,15619,1105
4996.984197,2572758919,2572760024,15654,1105
4996.996221,2572767769,2572768878,15931,1109
4997.008238,2572776554,2572777655,15807,1101
4997.020261,2572785367,2572786478,15815,1111
4997.032294,2572794177,2572795283,15985,1106
4997.044300,2572802957,2572804064,15683,1107
4997.056334,2572811730,2572812841,15635,1111
4997.095414,2572840327,2572841440,15982,1113
4997.107420,2572849128,2572850239,15757,1111
4997.119449,2572857941,2572859023,15634,1082
4997.152507,2572882128,2572883229,15680,1101
4997.164545,2572890964,2572892076,15717,1112
4997.197596,2572915225,2572916331,15760,1106
4997.209626,2572924003,2572925110,15640,1107
4997.257722,2572959211,2572960324,16071,1113
4997.269730,2572967987,2572969091,15680,1104
4997.299794,2572990011,2572991109,15635,1098
4997.311826,2572998812,2572999927,16026,1115
4997.323834,2573007645,2573008756,15679,1111
4997.335865,2573016466,2573017579,15836,1113
4997.347896,2573025277,2573026359,15744,1082
4997.359901,2573034016,2573035132,15677,1116
4997.377937,2573047258,2573048365,15679,1107
4997.389966,2573056089,2573057199,15756,1110
4997.401998,2573064893,2573065996,15939,1103
4997.414008,2573073706,2573074804,15598,1098
4997.426034,2573082587,2573083697,15642,1110
4997.456097,2573104701,2573105818,15940,1117
4997.468123,2573113979,2573115096,15954,1117
4997.513200,2573147185,2573148288,15636,1103
4997.525227,2573156011,2573157121,15646,1110
4997.537254,2573164812,2573165916,15979,1104
4997.564305,2573184614,2573185717,15952,1103
4997.576314,2573193441,2573194551,15683,1110
4997.588342,2573202250,2573203356,15643,1106
4997.609392,2573217707,2573218820,15981,1113
4997.621402,2573226528,2573227632,15761,1104
4997.693535,2573279367,2573280476,15680,1109
4997.705569,2573288191,2573289295,15599,1104
4997.720588,2573299266,2573300372,15681,1106
4997.732620,2573308105,2573309209,15781,1104
4997.768686,2573334458,2573335561,15602,1103
4997.780717,2573343252,2573344361,15969,1109
4997.792726,2573352082,2573353194,15682,1112
4997.820801,2573374091,2573375193,15637,1102
4997.897940,2573429049,2573430155,15984,1106
4997.909954,2573437809,2573438912,15638,1103
4997.924992,2573448827,2573449940,16058,1113
4997.936998,2573457620,2573458729,15676,1109
4997.949032,2573466405,2573467507,15714,1102
4997.961060,2573475228,2573476336,15909,1108
4997.973067,2573484015,2573485117,15682,1102
4997.988112,2573495019,2573496128,15975,1109
4998.000120,2573503839,2573504942,15678,1103
4998.018154,2573517055,2573518161,15677,1106
4998.030186,2573525831,2573526942,15649,1111
4998.057243,2573545611,2573546722,15706,1111
4998.069265,2573554427,2573555528,15964,1101
4998.141402,2573607151,2573608251,15963,1100
4998.153410,2573615949,2573617060,15684,1111
4998.165444,2573624758,2573625863,15638,1105
4998.177474,2573633564,2573634641,15824,1077
4998.192495,2573644501,2573645611,15716,1110
4998.204525,2573653400,2573654509,15961,1109
4998.244601,2573684215,2573685325,15729,1110
4998.261616,2573695217,2573696324,15681,1107
4998.273650,2573704015,2573705118,15710,1103
4998.345783,2573756746,2573757853,15598,1107
4998.357814,2573765558,2573766671,15952,1113
4998.399890,2573796220,2573797327,15637,1107
4998.411919,2573805101,2573806201,15876,1100
4998.423924,2573813881,2573814988,15757,1107
4998.435958,2573822644,2573823750,15643,1106
4998.447986,2573831439,2573832549,15984,1110
4998.469010,2573846861,2573847968,15676,1107
4998.481044,2573855627,2573856725,15561,1098
4998.517112,2573882053,2573883155,15641,1102
4998.529140,2573890873,2573891952,15803,1079
4998.553188,2573908390,2573909500,15707,1110
4998.565206,2573917230,2573918339,15942,1109
4998.601276,2573943574,2573944674,15965,1100
4998.613286,2573952411,2573953522,15683,1111
4998.625318,2573961195,2573962301,15633,1106
4998.656388,2573985396,2573986508,15731,1112
4998.668412,2573994227,2573995334,15650,1107
4998.760576,2574060155,2574061271,15716,1116
4998.772604,2574068990,2574070099,16015,1109
4998.808675,2574095375,2574096479,16056,1104
4998.820680,2574104199,2574105302,15681,1103
4998.860762,2574134983,2574136087,15988,1104
4998.907860,2574167960,2574169042,15879,1082
4998.919872,2574176695,2574177806,15767,1111
4998.931901,2574185493,2574186598,15654,1105
4998.943928,2574194313,2574195423,15966,1110
4998.955939,2574203088,2574204191,15671,1103
4998.967969,2574211867,2574212978,15729,1111
4998.980000,2574221112,2574222220,16041,1108
4999.016067,2574247570,2574248679,16061,1109
4999.028080,2574256421,2574257524,15636,1103
4999.040108,2574265214,2574266324,15642,1110
4999.052136,2574274063,2574275174,15976,1111
4999.064142,2574282832,2574283934,15602,1102
4999.076176,2574291629,2574292705,15867,1076
4999.088207,2574300448,2574301561,15875,1113
4999.100218,2574309226,2574310323,15646,1097
4999.112244,2574318051,2574319152,15657,1101
4999.124271,2574326861,2574327974,15961,1113
4999.160342,2574353219,2574354334,15965,1115
4999.172359,2574362047,2574363153,15878,1106
4999.187392,2574373046,2574374159,16008,1113
4999.199410,2574381882,2574382989,15815,1107
4999.211432,2574390704,2574391807,15650,1103
4999.223460,2574399510,2574400620,15969,1110
4999.235470,2574408364,2574409473,15689,1109
4999.289572,2574448079,2574449176,15678,1097
4999.301599,2574456882,2574457989,15806,1107
4999.313633,2574465704,2574466822,15980,1118
4999.367735,2574505245,2574506352,15993,1107
4999.379756,2574514058,2574515166,15956,1108
4999.391773,2574522850,2574523957,15601,1107
4999.403806,2574531693,2574532803,15945,1110
4999.424842,2574547090,2574548199,15952,1109
4999.436861,2574555914,2574557024,15838,1110
4999.496976,2574599874,2574600981,15859,1107
4999.508995,2574608712,2574609827,15599,1115
4999.524017,2574619709,2574620814,15681,1105
4999.593164,2574670233,2574671342,16060,1109
4999.620218,2574684007,2574684620,12047,613
4999.633745,2574689176,2574690006,13645,830
4999.645766,2574697737,2574698842,15914,1105
4999.657778,2574706578,2574707681,15599,1103
4999.687846,2574728618,2574729722,15939,1104
4999.699868,2574737458,2574738564,15998,1106
4999.711881,2574746262,2574747369,15602,1107
4999.723915,2574755086,2574756196,15951,1110
4999.735936,2574763952,2574765067,15988,1115
4999.747952,2574772848,2574773962,15821,1114
4999.759983,2574781679,2574782785,15941,1106
4999.772004,2574790526,2574791634,15971,1108
4999.784018,2574799347,2574800452,15682,1105
4999.796051,2574808193,2574809311,15987,1118
4999.808072,2574817041,2574818149,16022,1108
4999.820084,2574825845,2574826949,15644,1104
4999.832120,2574834691,2574835800,15948,1109
4999.844141,2574843745,2574844851,15868,1106
4999.856156,2574852596,2574853698,15536,1102
4999.868189,2574861422,2574862539,15813,1117
4999.880210,2574870277,2574871383,15973,1106
4999.892231,2574879103,2574880210,15601,1107
4999.904257,2574887947,2574889055,15934,1108
4999.916278,2574896790,2574897894,15971,1104
4999.928290,2574905597,2574906704,15493,1107
4999.940326,2574914447,2574915560,15851,1113
4999.988416,2574949900,2574951004,16047,1104
5000.000432,2574958745,2574959854,15842,1109
5000.045518,2574991936,2574993054,15833,1118
5000.057547,2575000999,2575002112,16019,1113
5000.069568,2575009852,2575010966,15870,1114
5000.081583,2575018676,2575019782,15570,1106
5000.093616,2575027524,2575028632,15858,1108
5000.105637,2575036396,2575037509,15866,1113
5000.116158,2575042873,2575043771,15212,898
5000.128180,2575051495,2575052601,15957,1106
5000.140202,2575060304,2575061411,15603,1107
5000.152227,2575069146,2575070256,15939,1110
5000.164249,2575077999,2575079112,15870,1113
5000.176264,2575086833,2575087942,15617,1109
5000.188296,2575095686,2575096800,15905,1114
5000.212335,2575113384,2575114494,15818,1110
5000.224365,2575122262,2575123372,15907,1110
5000.236386,2575131105,2575132213,15873,1108
5000.248404,2575139959,2575141074,15858,1115
5000.260434,2575148873,2575149983,15801,1110
5000.275453,2575159901,2575161008,15676,1107
5000.287486,2575168741,2575169855,15945,1114
5000.299508,2575177630,2575178730,15992,1100
5000.311525,2575186454,2575187564,15622,1110
5000.323554,2575195289,2575196397,15899,1108
5000.335576,2575204152,2575205266,15971,1114
5000.348606,2575215188,2575216291,16018,1103
5000.371645,2575230670,2575231784,16052,1114
5000.383664,2575239536,2575240644,15878,1108
5000.395690,2575248410,2575249515,15822,1105
5000.407713,2575257239,2575258345,15974,1106
5000.419727,2575266052,2575267155,15603,1103
5000.431760,2575274883,2575275992,15945,1109
5000.443781,2575283732,2575284842,15970,1110
5000.455796,2575292545,2575293654,15604,1109
5000.467828,2575301410,2575302517,15942,1107
5000.479849,2575310256,2575311364,15876,1108
5000.490372,2575318193,2575319306,15909,1113
5000.503897,2575328381,2575329496,15939,1115
5000.515917,2575337230,2575338334,15870,1104
5000.527933,2575346050,2575347153,15539,1103
5000.539963,2575354937,2575356047,15823,1110
5000.551986,2575363778,2575364892,15871,1114
5000.564001,2575372647,2575373749,15620,1102
5000.576033,2575381473,2575382582,15944,1109
5000.588056,2575390338,2575391449,15911,1111
5000.600070,2575399210,2575400318,15694,1108
5000.612102,2575408061,2575409169,15946,1108
5000.624123,2575416933,2575418050,15961,1117
5000.636145,2575425750,2575426857,15684,1107
5000.648171,2575434596,2575435710,16024,1114
5000.660192,2575443447,2575444553,15959,1106
5000.684240,2575461144,2575462252,15943,1108
5000.696262,2575470037,2575471147,15973,1110
5000.708275,2575478894,2575480004,15536,1110
5000.747357,2575507613,2575508692,15745,1079
5000.759382,2575516458,2575517567,15977,1109
5000.771395,2575525329,2575526430,15692,1101
5000.783425,2575534176,2575535262,15744,1086
5000.795451,2575543042,2575544157,15933,1115
5000.807464,2575551894,2575553001,15616,1107
5000.819496,2575560789,2575561902,15988,1113
5000.831518,2575569642,2575570757,15873,1115
5000.843533,2575578479,2575579581,15528,1102
5000.855566,2575587337,2575588419,15652,1082
5000.867588,2575596180,2575597292,15958,1112
5000.879601,2575605008,2575606124,15694,1116
5000.891634,2575613891,2575614974,15844,1083
5000.903657,2575622704,2575623817,15957,1113
5000.915674,2575631530,2575632632,15620,1102
5000.927703,2575640371,2575641481,15897,1110
5000.939725,2575649239,2575650349,15887,1110
5000.951739,2575658048,2575659155,15606,1107
5000.963772,2575666900,2575668004,15818,1104
5000.981804,2575680152,2575681231,15741,1079
5000.993829,2575689006,2575690111,15944,1105
5001.068961,2575744235,2575745346,15597,1111
5001.080994,2575753106,2575754224,15973,1118
5001.105031,2575770807,2575771910,15611,1103
5001.117062,2575779649,2575780762,15939,1113
5001.129085,2575788493,2575789599,15976,1106
5001.141099,2575797297,2575798409,15620,1112
5001.162148,2575812767,2575813877,15938,1110
5001.174169,2575821615,2575822728,15963,1113
5001.186187,2575830471,2575831581,15753,1110
5001.210237,2575848218,2575849327,16037,1109
5001.222253,2575857043,2575858152,15618,1109
5001.255324,2575881415,2575882522,15958,1107
5001.267339,2575890249,2575891361,15615,1112
5001.279373,2575899119,2575900227,15897,1108
5001.291395,2575908004,2575909117,15984,1113
5001.303408,2575916824,2575917936,15606,1112
5001.315440,2575925708,2575926809,15917,1101
5001.327462,2575934586,2575935702,15886,1116
5001.339480,2575943404,2575944517,15584,1113
5001.351510,2575952263,2575953382,15943,1119
5001.363531,2575961141,2575962255,15970,1114
5001.375545,2575969937,2575971038,15524,1101
5001.387577,2575978794,2575979906,15827,1112
5001.399601,2575987694,2575988806,15872,1112
5001.411619,2575996528,2575997643,15875,1115
5001.423644,2576005388,2576006471,15743,1083
5001.435668,2576014237,2576015341,15890,1104
5001.447682,2576023077,2576024188,15606,1111
5001.480755,2576047398,2576048511,15913,1113
5001.492768,2576056257,2576057358,15565,1101
5001.513819,2576071736,2576072840,15897,1104
5001.525839,2576080610,2576081718,15985,1108
5001.543873,2576093877,2576094989,15943,1112
5001.555888,2576102699,2576103796,15604,1097
5001.567921,2576111516,2576112632,15940,1116
5001.579944,2576120375,2576121488,15827,1113
5001.591959,2576129262,2576130366,15824,1104
5001.628033,2576155752,2576156857,15684,1105
5001.640059,2576164605,2576165718,16018,1113
5001.652079,2576173449,2576174555,15885,1106
5001.664094,2576182271,2576183382,15603,1111
5001.676127,2576191145,2576192249,15827,1104
5001.688150,2576200032,2576201145,15990,1113
5001.700162,2576208902,2576210008,15608,1106
5001.712196,2576217742,2576218852,15921,1110
5001.724217,2576226619,2576227732,15971,1113
5001.736234,2576235468,2576236581,15890,1113
5001.748265,2576244320,2576245427,15941,1107
5001.760285,2576253161,2576254269,15968,1108
5001.772299,2576261978,2576263085,15607,1107
5001.784331,2576270849,2576271960,15905,1111
5001.796354,2576279702,2576280815,15969,1113
5001.832423,2576306202,2576307315,15975,1113
5001.844442,2576315063,2576316169,15872,1106
5001.892539,2576350469,2576351573,15946,1104
5001.904560,2576359365,2576360476,15969,1111
5001.916574,2576368177,2576369286,15563,1109
5001.943626,2576388044,2576389151,15605,1107
5001.955658,2576396897,2576398010,15941,1113
5001.967680,2576405735,2576406846,16057,1111
5001.979696,2576414591,2576415706,15835,1115
5001.991727,2576423458,2576424567,15940,1109
5002.005253,2576433584,2576434694,15943,1110
5002.024787,2576448171,2576449278,15682,1107
5002.039818,2576459322,2576460440,15985,1118
5002.052849,2576470477,2576471596,15941,1119
5002.069865,2576481567,2576482679,15669,1112
5002.081897,2576490491,2576491600,15987,1109
5002.093921,2576499415,2576500530,15985,1115
5002.117966,2576517165,2576518284,15943,1119
5002.129988,2576526077,2576527190,16022,1113
5002.142002,2576534944,2576536056,15617,1112
5002.157038,2576546040,2576547153,15960,1113
5002.169053,2576554900,2576556012,15609,1112
5002.181084,2576563804,2576564912,15908,1108
5002.193108,2576572737,2576573854,15954,1117
5002.205123,2576581597,2576582709,15616,1112
5002.262240,2576623764,2576624874,15939,1110
5002.274263,2576632645,2576633757,15915,1112
5002.286277,2576641519,2576642635,15612,1116
5002.304308,2576654806,2576655913,15567,1107
5002.316344,2576663665,2576664775,15809,1110
5002.367428,2576701203,2576702306,15562,1103
5002.379463,2576710087,2576711199,15907,1112
5002.397499,2576723338,2576724417,15735,1079
5002.409520,2576732169,2576733277,15947,1108
5002.421542,2576740995,2576742102,15683,1107
5002.433565,2576749841,2576750925,15745,1084
5002.445589,2576758696,2576759806,15916,1110
5002.457612,2576767601,2576768716,15911,1115
5002.472640,2576778752,2576779867,15914,1115
5002.484663,2576787668,2576788779,15805,1111
5002.508709,2576805500,2576806611,15892,1111
5002.520726,2576814346,2576815458,15640,1112
5002.532755,2576823192,2576824304,15940,1112
5002.580846,2576858755,2576859868,15970,1113
5002.592860,2576867611,2576868723,15540,1112
5002.631944,2576896359,2576897472,15944,1113
5002.643964,2576905226,2576906335,15867,1109
5002.661998,2576918492,2576919601,15955,1109
5002.674019,2576927351,2576928458,15867,1107
5002.728117,2576967150,2576968257,15613,1107
5002.740151,2576975998,2576977111,15941,1113
5002.752172,2576984873,2576985988,15973,1115
5002.764188,2576993747,2576994851,15803,1104
5002.776220,2577002637,2577003719,15687,1082
5002.788242,2577011460,2577012568,15884,1108
5002.800254,2577020277,2577021385,15605,1108
5002.821305,2577035762,2577036875,15905,1113
5002.833326,2577044631,2577045741,16013,1110
5002.872394,2577073298,2577074404,15829,1106
5002.884425,2577082154,2577083269,15940,1115
5002.911477,2577102095,2577103208,15942,1113
5002.932515,2577117578,2577118691,15980,1113
5002.944533,2577126501,2577127607,15824,1106
5002.989611,2577159629,2577160736,15565,1107
5003.001648,2577168467,2577169580,15945,1113
5003.049737,2577203874,2577204989,15973,1115
5003.061752,2577212706,2577213821,15602,1115
5003.092817,2577237088,2577238199,15969,1111
5003.145922,2577274754,2577275868,15938,1114
5003.157945,2577283618,2577284727,16054,1109
5003.169960,2577292466,2577293569,15911,1103
5003.181990,2577301315,2577302428,15944,1113
5003.197009,2577312368,2577313470,15685,1102
5003.209040,2577321216,2577322295,15820,1079
5003.221063,2577330073,2577331186,15965,1113
5003.248117,2577350020,2577351127,15992,1107
5003.260129,2577358823,2577359929,15602,1106
5003.272160,2577367715,2577368830,15908,1115
5003.284184,2577376573,2577377681,16055,1108
5003.296198,2577385382,2577386488,15609,1106
5003.308231,2577394216,2577395324,15948,1108
5003.320253,2577403114,2577404222,16070,1108
5003.332266,2577411920,2577413031,15599,1111
5003.344300,2577420773,2577421885,15946,1112
5003.356320,2577429636,2577430748,15945,1112
5003.380368,2577447348,2577448458,15936,1110
5003.392389,2577456199,2577457303,15971,1104
5003.413431,2577471656,2577472753,15714,1097
5003.425454,2577480488,2577481593,15932,1105
5003.456519,2577504845,2577505955,15600,1110
5003.512617,2577544675,2577545786,15665,1111
5003.524335,2577553948,2577555062,15944,1114
5003.560711,2577580532,2577581644,15943,1112
5003.572732,2577589442,2577590550,15972,1108
5003.584749,2577598276,2577599384,15863,1108
5003.617816,2577622584,2577623699,15960,1115
5003.629832,2577631423,2577632525,15616,1102
5003.656883,2577651314,2577652423,15618,1109
5003.668913,2577660199,2577661313,15906,1114
5003.689953,2577675671,2577676781,15884,1110
5003.701969,2577684495,2577685602,15572,1107
5003.714001,2577693356,2577694469,15905,1113
5003.726014,2577702218,2577703321,15671,1103
5003.741048,2577713246,2577714354,15940,1108
5003.753059,2577722035,2577723147,15683,1112
5003.768104,2577733087,2577734199,16068,1112
5003.780112,2577741931,2577743036,15675,1105
5003.792144,2577750706,2577751806,15642,1100
5003.804173,2577759543,2577760655,15967,1112
5003.816183,2577768323,2577769431,15803,1108
5003.834213,2577781510,2577782616,15758,1106
5003.846244,2577790325,2577791433,15901,1108
5003.879303,2577814513,2577815616,15729,1103
5003.891333,2577823284,2577824396,15653,1112
5003.903361,2577832102,2577833180,15812,1078
5003.921394,2577845248,2577846352,15961,1104
5003.933402,2577854025,2577855137,15643,1112
5003.972483,2577882599,2577883706,15597,1107
5003.984512,2577891442,2577892552,15956,1110
5004.008562,2577909028,2577910129,15670,1101
5004.020583,2577917825,2577918934,15974,1109
5004.041612,2577933212,2577934314,15761,1102
5004.053641,2577942026,2577943140,15638,1114
5004.143813,2578007983,2578009098,15639,1115
5004.155841,2578016821,2578017921,15985,1100
5004.179882,2578034448,2578035543,15640,1095
5004.191907,2578043276,2578044386,15953,1110
5004.203916,2578052089,2578053195,15682,1106
5004.215950,2578060869,2578061975,15716,1106
5004.227979,2578069666,2578070784,16068,1118
5004.239985,2578078471,2578079583,15758,1112
5004.252019,2578087295,2578088401,15638,1106
5004.270053,2578100517,2578101623,15716,1106
5004.282078,2578109359,2578110467,15897,1108
5004.294088,2578118139,2578119250,15639,1111
5004.306127,2578126925,2578128032,15704,1107
5004.360220,2578166494,2578167599,15828,1105
5004.372252,2578175303,2578176402,15967,1099
5004.384259,2578184059,2578185170,15685,1111
5004.396293,2578192873,2578193971,15652,1098
5004.408322,2578201715,2578202828,15975,1113
5004.420328,2578210495,2578211607,15677,1112
5004.465415,2578243442,2578244552,15679,1110
5004.477447,2578252272,2578253375,15612,1103
5004.489474,2578261055,2578262158,15966,1103
5004.501493,2578269876,2578270981,15962,1105
5004.567618,2578318267,2578319377,15814,1110
5004.579647,2578327069,2578328183,15890,1114
5004.591668,2578335898,2578337006,15952,1108
5004.603691,2578344742,2578345854,15664,1112
5004.615716,2578353546,2578354652,15889,1106
5004.627735,2578362377,2578363490,15935,1113
5004.639757,2578371160,2578372236,15816,1076
5004.657786,2578384334,2578385447,15813,1113
5004.669818,2578393149,2578394249,15894,1100
5004.681826,2578401920,2578403028,15684,1108
5004.693859,2578410746,2578411853,15601,1107
5004.711894,2578423943,2578425045,15641,1102
5004.723922,2578432752,2578433861,15983,1109
5004.735934,2578441527,2578442639,15712,1112
5004.784031,2578476684,2578477791,15713,1107
5004.796060,2578485513,2578486626,15946,1113
5004.808066,2578494318,2578495433,15763,1115
5004.820095,2578503169,2578504266,15674,1097
5004.832127,2578511976,2578513086,15979,1110
5004.844134,2578520756,2578521861,15684,1105
5004.856163,2578529534,2578530644,15820,1110
5004.868196,2578538329,2578539439,15976,1110
5004.880203,2578547099,2578548198,15723,1099
5004.895248,2578558114,2578559209,15984,1095
5004.905273,2578566963,2578568068,15759,1105
5004.997429,2578632892,2578633999,15801,1107
5005.025994,2578653844,2578654952,15958,1108
5005.037519,2578663233,2578664339,15935,1106
5005.050041,2578672093,2578673203,15876,1110
5005.062063,2578680910,2578682028,15962,1118
5005.074085,2578689745,2578690854,15957,1109
5005.104135,2578711746,2578712856,15822,1110
5005.116167,2578720577,2578721685,15977,1108
5005.134201,2578733745,2578734854,15990,1109
5005.146212,2578742508,2578743615,15837,1107
5005.158238,2578751286,2578752388,15608,1102
5005.170270,2578760107,2578761211,15972,1104
5005.182278,2578768903,2578770010,15755,1107
5005.203322,2578784335,2578785445,15823,1110
5005.215354,2578793199,2578794314,15922,1115
5005.227363,2578801988,2578803099,15679,1111
5005.239392,2578810806,2578811908,15649,1102
5005.251423,2578819612,2578820725,15943,1113
5005.269461,2578832806,2578833916,16012,1110
5005.281471,2578841598,2578842711,15715,1113
5005.312532,2578865789,2578866905,15980,1116
5005.407707,2578933927,2578935036,15679,1109
5005.421236,2578944013,2578945115,15685,1102
5005.433261,2578952860,2578953969,15556,1109
5005.445292,2578961667,2578962774,15920,1107
5005.511403,2579010009,2579011119,15758,1110
5005.523434,2579018829,2579019932,15900,1103
5005.535466,2579027636,2579028741,15907,1105
5005.577536,2579058397,2579059499,15596,1102
5005.589565,2579067244,2579068353,15944,1109
5005.601575,2579076034,2579077147,15690,1113
5005.613608,2579084855,2579085957,15637,1102
5005.625634,2579093694,2579094801,16026,1107
5005.637648,2579102522,2579103626,15761,1104
5005.673711,2579128877,2579129979,15757,1102
5005.685739,2579137636,2579138748,15641,1112
5005.727815,2579168431,2579169533,15682,1102
5005.739848,2579177218,2579178329,15712,1111
5005.757882,2579190463,2579191565,15637,1102
5005.769911,2579199255,2579200368,15980,1113
5005.821002,2579236604,2579237709,15642,1105
5005.836025,2579247599,2579248701,15716,1102
5005.849560,2579257503,2579258609,15956,1106
5005.897643,2579292618,2579293729,15832,1111
5005.909675,2579301420,2579302533,15971,1113
5005.928713,2579316815,2579317922,15680,1107
5006.032906,2579391579,2579392685,15634,1106
5006.044936,2579400403,2579401515,15975,1112
5006.056954,2579409212,2579410326,15951,1114
5006.133105,2579466394,2579467507,15942,1113
5006.162156,2579486289,2579487397,15976,1108
5006.174169,2579495077,2579496189,15709,1112
5006.186197,2579503847,2579504946,15599,1099
5006.237289,2579541194,2579542297,15712,1103
5006.249314,2579550023,2579551130,15547,1107
5006.267352,2579563205,2579564317,15639,1112
5006.339494,2579615985,2579617091,15705,1106
5006.351518,2579624815,2579625921,15878,1106
5006.363523,2579633620,2579634731,15639,1111
5006.375557,2579642416,2579643522,15636,1106
5006.387585,2579651225,2579652334,15975,1109
5006.399604,2579660087,2579661196,15933,1109
5006.411626,2579668869,2579669978,15635,1109
5006.423654,2579677669,2579678778,15975,1109
5006.435660,2579686445,2579687552,15679,1107
5006.447694,2579695216,2579696319,15568,1103
5006.459718,2579704066,2579705170,15842,1104
5006.477758,2579717280,2579718379,15988,1099
5006.489771,2579726083,2579727194,15604,1111
5006.537873,2579761269,2579762377,15787,1108
5006.552885,2579772662,2579773768,15679,1106
5006.564918,2579781446,2579782557,15639,1111
5006.576945,2579790272,2579791381,15967,1109
5006.588959,2579799100,2579800211,15607,1111
5006.634043,2579832102,2579833214,15714,1112
5006.646067,2579840922,2579842032,15879,1110
5006.664106,2579854145,2579855252,15637,1107
5006.676136,2579862985,2579864094,15969,1109
5006.694170,2579876207,2579877308,15996,1101
5006.706175,2579885010,2579886107,15597,1097
5006.760278,2579924509,2579925616,15679,1107
5006.772308,2579933307,2579934408,15637,1101
5006.784337,2579942134,2579943240,15937,1106
5006.868484,2580003639,2580004749,15752,1110
5006.880516,2580012465,2580013573,15830,1108
5006.907569,2580032283,2580033389,15637,1106
5006.919597,2580041085,2580042190,16003,1105
5006.931608,2580049875,2580050981,15760,1106
5006.943638,2580058652,2580059732,15918,1080
5006.955669,2580067503,2580068609,16092,1106
5006.967674,2580076336,2580077439,15760,1103
5006.979705,2580085194,2580086309,15832,1115
5006.991736,2580094054,2580095164,16002,1110
5007.003743,2580102875,2580103979,15726,1104
5007.015774,2580111714,2580112825,15895,1111
5007.027804,2580120584,2580121701,15989,1117
5007.048827,2580136008,2580137111,15764,1103
5007.060859,2580144868,2580145977,15828,1109
5007.075880,2580155894,2580157001,15758,1107
5007.087914,2580164759,2580165872,15851,1113
5007.099941,2580173592,2580174697,15962,1105
5007.111949,2580182408,2580183514,15647,1106
5007.123980,2580191252,2580192356,15862,1104
5007.136007,2580200099,2580201207,16025,1108
5007.148017,2580208881,2580209988,15761,1107
5007.160051,2580217733,2580218845,15864,1112
5007.208147,2580253061,2580254170,16018,1109
5007.220154,2580261869,2580262970,15686,1101
5007.232191,2580270687,2580271806,15886,1119
5007.244214,2580279532,2580280639,16013,1107
5007.256223,2580288344,2580289456,15762,1112
5007.268254,2580297181,2580298284,15901,1103
5007.280284,2580306035,2580307143,16054,1108
5007.292292,2580314910,2580316013,15684,1103
5007.304322,2580323758,2580324867,15812,1109
5007.316353,2580332599,2580333713,15973,1114
5007.331380,2580343617,2580344725,15878,1108
5007.343403,2580352498,2580353599,15943,1101
5007.355413,2580361303,2580362404,15620,1101
5007.367443,2580370153,2580371263,15825,1110
5007.379473,2580378997,2580380107,15981,1110
5007.391482,2580387866,2580388969,15704,1103
5007.403511,2580396704,2580397822,15821,1118
5007.421545,2580409951,2580411058,15815,1107
5007.433575,2580418789,2580419902,15954,1113
5007.484661,2580456374,2580457487,15809,1113
5007.496696,2580465302,2580466416,15921,1114
5007.529759,2580489818,2580490929,15903,1111
5007.541782,2580498738,2580499854,15862,1116
5007.559816,2580512110,2580513221,15863,1111
5007.571827,2580520957,2580522064,15726,1107
5007.583850,2580529805,2580530915,15787,1110
5007.595885,2580538655,2580539768,15980,1113
5007.607895,2580547476,2580548588,15761,1112
5007.625926,2580560797,2580561899,15680,1102
5007.637959,2580569673,2580570786,15868,1113
5007.689046,2580607238,2580608345,15682,1107
5007.701077,2580616080,2580617193,15812,1113
5007.713107,2580624972,2580626085,15914,1113
5007.741159,2580647095,2580648187,15720,1092
5007.785245,2580678014,2580679123,15987,1109
5007.797252,2580686806,2580687913,15642,1107
5007.845352,2580722106,2580723221,15818,1115
5007.857382,2580730968,2580732072,15914,1104
5007.869389,2580739780,2580740890,15689,1110
5007.881416,2580748635,2580749738,15816,1103
5007.908471,2580768494,2580769598,15826,1104
5007.920502,2580777395,2580778498,15872,1103
5007.944538,2580795032,2580796142,15884,1110
5007.956570,2580803867,2580804975,16058,1108
5007.968589,2580812701,2580813807,16018,1106
5008.055759,2580876775,2580877880,15973,1105
5008.069285,2580887275,2580888384,15960,1109
5008.117364,2580922649,2580923756,15770,1107
5008.129396,2580931530,2580932634,15865,1104
5008.141422,2580940425,2580941528,15913,1103
5008.153434,2580949237,2580950348,15788,1111
5008.168473,2580960319,2580961432,15979,1113
5008.180493,2580969166,2580970269,15955,1103
5008.240611,2581013359,2581014472,15984,1113
5008.252618,2581022213,2581023320,15683,1107
5008.264645,2581031034,2581032140,15737,1106
5008.276678,2581039872,2581040985,15948,1113
5008.297703,2581055353,2581056460,15683,1107
5008.309734,2581064203,2581065312,15819,1109
5008.327765,2581077469,2581078577,15809,1108
5008.339799,2581086380,2581087486,15910,1106
5008.357833,2581099619,2581100724,15973,1105
5008.369841,2581108439,2581109546,15646,1107
5008.381872,2581117308,2581118418,15845,1110
5008.393900,2581126166,2581127273,15944,1107
5008.484073,2581192360,2581193466,15946,1106
5008.496081,2581201198,2581202299,15643,1101
5008.508112,2581210013,2581211121,15899,1108
5008.532149,2581227663,2581228765,15759,1102
5008.544180,2581236506,2581237616,15817,1110
5008.556211,2581245348,2581246458,15980,1110
5008.568218,2581254160,2581255267,15687,1107
5008.580251,2581263027,2581264134,15868,1107
5008.592279,2581271856,2581272965,15981,1109
5008.604287,2581280684,2581281791,15684,1107
5008.616318,2581289524,2581290628,15820,1104
5008.649373,2581313815,2581314924,15686,1109
5008.661400,2581322657,2581323761,15858,1104
5008.673432,2581331482,2581332589,16041,1107
5008.700486,2581351428,2581352537,15983,1109
5008.712503,2581360323,2581361438,15939,1115
5008.739555,2581374099,2581374719,11975,620
5008.753080,2581379425,2581380152,13022,727
5008.765107,2581388147,2581389307,16229,1160
5008.777128,2581397486,2581398673,16368,1187
5008.810192,2581423467,2581424657,16313,1190
5008.822214,2581433003,2581434192,16340,1189
5008.834235,2581442498,2581443687,16296,1189
5008.846261,2581452007,2581453200,16318,1193
5008.873313,2581473404,2581474597,16316,1193
5008.885334,2581482934,2581484126,16342,1192
5008.897352,2581492476,2581493665,16259,1189
5008.909381,2581502000,2581503197,16318,1197
5008.921402,2581511543,2581512731,16338,1188
5008.933421,2581521043,2581522237,16268,1194
5008.945450,2581530605,2581531794,16315,1189
5008.963484,2581545201,2581546390,16273,1189
5008.975506,2581554723,2581555916,16327,1193
5008.987524,2581564225,2581565417,16265,1192
5008.999553,2581573778,2581574967,16322,1189
5009.011574,2581583322,2581584518,16282,1196
5009.023592,2581592875,2581594065,16179,1190
5009.041627,2581607137,2581608325,16268,1188
5009.053656,2581616680,2581617878,16313,1198
5009.116775,2581666768,2581667960,16310,1192
5009.128797,2581676310,2581677500,16369,1190
5009.144828,2581690634,2581691826,16321,1192
5009.161863,2581702582,2581703781,16313,1199
5009.179897,2581716910,2581718097,16321,1187
5009.191918,2581726450,2581727634,16385,1184
5009.209953,2581740744,2581741934,16377,1190
5009.221970,2581750305,2581751499,16252,1194
5009.240004,2581764605,2581765795,16253,1190
5009.253530,2581773454,2581774568,15798,1114
5009.265561,2581782365,2581783475,15906,1110
5009.280581,2581793471,2581794583,15843,1112
5009.292612,2581802355,2581803463,15914,1108
5009.316648,2581820132,2581821245,15789,1113
5009.328680,2581829034,2581830148,15903,1114
5009.340701,2581837933,2581839051,15974,1118
5009.352718,2581846836,2581847944,15801,1108
5009.364748,2581855764,2581856880,15902,1116
5009.376769,2581864660,2581865764,15957,1104
5009.388787,2581873536,2581874639,15855,1103
5009.404829,2581886836,2581887946,15807,1110
5009.424858,2581900173,2581901282,15847,1109
5009.436884,2581909059,2581910169,15825,1110
5009.460926,2581926838,2581927952,15840,1114
5009.472953,2581935743,2581936853,15818,1110
5009.484974,2581944632,2581945736,15872,1104
5009.496992,2581953499,2581954611,15856,1112
5009.509021,2581962410,2581963522,15905,1112
5009.521043,2581971288,2581972392,15963,1104
5009.545090,2581989059,2581990172,15909,1113
5009.557111,2581997929,2581999037,15960,1108
5009.578147,2582013545,2582014660,15838,1115
5009.609708,2582037289,2582038406,15831,1117
5009.621736,2582046187,2582047297,15867,1110
5009.633760,2582055080,2582056188,15992,1108
5009.645776,2582063955,2582065063,15830,1108
5009.669829,2582081747,2582082861,15988,1114
5009.681844,2582090636,2582091754,15831,1118
5009.693875,2582099539,2582100654,15923,1115
5009.711907,2582112889,2582114002,15903,1113
5009.723932,2582121792,2582122899,15989,1107
5009.735950,2582130672,2582131791,15816,1119
5009.747976,2582139569,2582140682,15869,1113
5009.766012,2582152900,2582154006,15930,1106
5009.776328,2582161801,2582162911,15989,1110
5009.790049,2582170709,2582171821,15827,1112
5009.814103,2582188492,2582189600,15978,1108
5009.826119,2582197384,2582198491,15839,1107
5009.838147,2582206249,2582207360,15907,1111
5009.850172,2582215138,2582216244,15986,1106
5009.862185,2582224023,2582225126,15813,1103
5009.874216,2582232909,2582234012,15905,1103
5009.886242,2582241780,2582242895,15990,1115
5009.898258,2582250658,2582251768,15813,1110
5009.910284,2582259544,2582260653,15859,1109
5009.925307,2582270650,2582271764,15835,1114
5009.937336,2582279534,2582280638,15864,1104
5009.952359,2582290635,2582291745,15827,1110
5009.964388,2582299534,2582300642,15915,1108
5009.980424,2582312880,2582313990,15902,1110
5009.992441,2582321773,2582322891,15975,1118
5010.012479,2582335107,2582336215,15992,1108
5010.024496,2582344010,2582345113,15845,1103
5010.069581,2582377309,2582378426,15838,1117
5010.081609,2582386209,2582387315,15889,1106
5010.093633,2582395081,2582396187,15975,1106
5010.105650,2582403976,2582405091,15840,1115
5010.117678,2582412881,2582413988,15912,1107
5010.132704,2582423958,2582425071,15872,1113
5010.144729,2582432834,2582433944,15907,1110
5010.156753,2582441720,2582442831,15976,1111
5010.177787,2582457261,2582458375,15840,1114
5010.189816,2582466156,2582467260,15817,1104
5010.225885,2582492788,2582493896,15866,1108
5010.237909,2582501664,2582502764,15944,1100
5010.249927,2582510513,2582511621,15855,1108
5010.261953,2582519405,2582520514,15989,1109
5010.273978,2582528277,2582529386,15991,1109
5010.292012,2582541636,2582542748,15991,1112
5010.304027,2582550508,2582551617,15916,1109
5010.316056,2582559393,2582560506,15912,1113
5010.328081,2582568273,2582569382,15987,1109
5010.346115,2582581576,2582582689,15965,1113
5010.358129,2582590446,2582591556,15774,1110
5010.385182,2582610415,2582611525,15829,1110
5010.397211,2582619329,2582620440,15907,1111
5010.433280,2582645989,2582647106,15914,1117
5010.445303,2582654881,2582655987,15990,1106
5010.457318,2582663741,2582664844,15813,1103
5010.469348,2582672606,2582673721,15906,1115
5010.493388,2582690364,2582691480,15835,1116
5010.505417,2582699264,2582700373,15908,1109
5010.541485,2582725899,2582727012,15909,1113
5010.553509,2582734798,2582735916,15950,1118
5010.565525,2582743709,2582744819,15837,1110
5010.577554,2582752587,2582753696,15842,1109
5010.595588,2582765914,2582767022,15841,1108
5010.607612,2582774990,2582776104,16001,1114
5010.619628,2582783871,2582784977,15831,1106
5010.631657,2582792746,2582793864,15909,1118
5010.643681,2582801617,2582802726,15876,1109
5010.655695,2582810503,2582811617,15820,1114
5010.667727,2582819389,2582820497,15933,1108
5010.679749,2582828257,2582829363,15990,1106
5010.692780,2582839342,2582840455,15906,1113
5010.727836,2582863766,2582864879,15861,1113
5010.739862,2582872625,2582873729,15914,1104
5010.751887,2582881503,2582882606,15972,1103
5010.769921,2582894820,2582895930,16066,1110
5010.781936,2582903729,2582904839,15913,1110
5010.799973,2582917044,2582918159,15944,1115
5010.824022,2582935036,2582936140,15971,1104
5010.836039,2582943913,2582945026,15842,1113
5010.848067,2582952791,2582953905,15992,1114
5010.860091,2582961680,2582962791,15949,1111
5010.872107,2582970557,2582971665,15847,1108
5010.884135,2582979419,2582980525,15909,1106
5010.905177,2582994963,2582996073,15997,1110
5010.917194,2583003836,2583004946,15870,1110
5010.953260,2583030480,2583031589,15830,1109
5010.965289,2583039363,2583040472,15914,1109
5011.004365,2583068169,2583069279,15991,1110
5011.016382,2583077274,2583078382,15884,1108
5011.067489,2583115042,2583116153,16010,1111
5011.079502,2583123914,2583125021,15909,1107
5011.091532,2583133180,2583134287,15964,1107
5011.109566,2583146519,2583147635,15911,1116
5011.121590,2583155406,2583156515,15991,1109
5011.181702,2583199814,2583200923,15908,1109
5011.193727,2583208685,2583209794,15946,1109
5011.211761,2583222042,2583223150,15986,1108
5011.223776,2583231129,2583232247,15828,1118
5011.235805,2583240040,2583241144,15821,1104
5011.247830,2583248933,2583250041,15943,1108
5011.268865,2583264463,2583265572,15857,1109
5011.280891,2583273343,2583274455,15866,1112
5011.295914,2583284464,2583285574,15828,1110
5011.307942,2583293373,2583294484,15994,1111
5011.319967,2583302267,2583303376,16031,1109
5011.331982,2583311139,2583312251,15835,1112
5011.344011,2583320019,2583321132,15904,1113
5011.368054,2583337777,2583338890,15860,1113
5011.380079,2583346659,2583347774,15907,1115
5011.392104,2583355540,2583356649,15993,1109
5011.404120,2583364433,2583365551,15833,1118
5011.416148,2583373314,2583374424,15908,1110
5011.428173,2583382218,2583383326,15995,1108
5011.440188,2583391116,2583392218,15828,1102
5011.452217,2583400004,2583401112,15908,1108
5011.470251,2583413324,2583414432,15905,1108
5011.482275,2583422190,2583423299,15992,1109
5011.521342,2583451044,2583452151,15832,1107
5011.533371,2583459916,2583461031,15909,1115
5011.620531,2583524346,2583525454,15834,1108
5011.632562,2583533228,2583534340,15907,1112
5011.644584,2583542129,2583543235,15988,1106
5011.656600,2583551017,2583552118,15814,1101
5011.668629,2583559883,2583560993,15911,1110
5011.740766,2583613193,2583614302,15912,1109
5011.752791,2583622070,2583623179,15991,1109
5011.833945,2583682032,2583683144,15990,1112
5011.860998,2583702069,2583703184,16007,1115
5011.873011,2583710971,2583712074,15832,1103
5011.894057,2583726507,2583727613,15964,1106
5011.906081,2583735388,2583736503,16072,1115
5011.945147,2583764255,2583765365,15897,1110
5011.957177,2583773142,2583774250,15996,1108
5011.978219,2583788678,2583789784,15990,1106
5011.993246,2583799769,2583800873,15903,1104
5012.005270,2583808661,2583809768,15993,1107
5012.041339,2583835327,2583836444,16072,1117
5012.053357,2583844220,2583845333,15857,1113
5012.104459,2583882014,2583883122,15996,1108
5012.116474,2583890876,2583891984,15832,1108
5012.156556,2583921978,2583923094,15991,1116
5012.221682,2583968618,2583969732,15988,1114
5012.233697,2583977506,2583978616,15830,1110
5012.245726,2583986380,2583987497,15867,1117
5012.257750,2583995321,2583996429,15993,1108
5012.269766,2584004225,2584005342,15914,1117
5012.281795,2584013145,2584014249,15909,1104
5012.341902,2584057508,2584058622,15821,1114
5012.353932,2584066393,2584067502,15883,1109
5012.365956,2584075263,2584076376,16072,1113
5012.426069,2584119725,2584120834,15906,1109
5012.438093,2584128596,2584129711,15995,1115
5012.453120,2584139718,2584140826,15908,1108
5012.465145,2584148613,2584149718,15902,1105
5012.489189,2584166406,2584167514,15902,1108
5012.501214,2584175298,2584176415,15903,1117
5012.517242,2584188700,2584189815,15932,1115
5012.537281,2584202079,2584203194,15932,1115
5012.549297,2584210998,2584212117,15850,1119
5012.561328,2584219915,2584221033,15912,1118
5012.579362,2584233292,2584234411,15918,1119
5012.591383,2584242199,2584243313,15994,1114
5012.603400,2584251504,2584252614,15760,1110
5012.615430,2584260389,2584261495,15910,1106
5012.627452,2584269261,2584270378,15976,1117
5012.639467,2584278152,2584279263,15829,1111
5012.651499,2584287041,2584288149,15821,1108
5012.663519,2584295949,2584297055,15963,1106
5012.675540,2584304833,2584305940,15877,1107
5012.687566,2584313735,2584314850,15909,1115
5012.699587,2584322634,2584323744,16042,1110
5012.711606,2584331537,2584332646,15871,1109
5012.723635,2584340434,2584341542,15913,1108
5012.735656,2584349329,2584350442,16044,1113
5012.747674,2584358223,2584359335,15941,1112
5012.765708,2584371573,2584372690,15860,1117
5012.777738,2584380463,2584381576,15911,1113
5012.804789,2584400445,2584401550,15915,1105
5012.816811,2584409333,2584410445,16016,1112
5012.828829,2584418228,2584419338,15860,1110
5012.840857,2584427103,2584428211,15901,1108
5012.852879,2584435974,2584437086,15877,1112
5012.864897,2584444877,2584445982,15858,1105
5012.876928,2584453793,2584454903,15860,1110
5012.888949,2584462671,2584463789,15986,1118
5012.903979,2584473778,2584474887,15888,1109
5012.916001,2584482668,2584483777,15889,1109
5012.928017,2584491551,2584492656,15845,1105
5012.940048,2584500428,2584501540,15910,1112
5012.952069,2584509322,2584510441,15975,1119
5012.964086,2584518200,2584519307,15844,1107
5012.976109,2584527300,2584528406,15809,1106
5013.021195,2584560461,2584561566,15816,1105
5013.033225,2584569352,2584570455,15960,1103
5013.045243,2584578192,2584579299,15860,1107
5013.072289,2584598092,2584599198,15721,1106
5013.084324,2584606956,2584608073,15899,1117
5013.096345,2584615864,2584616977,15966,1113
5013.111366,2584626895,2584628004,15899,1109
5013.124399,2584637923,2584639027,15796,1104
5013.159465,2584662268,2584663374,15975,1106
5013.171476,2584671074,2584672181,15732,1107
5013.183511,2584679945,2584681022,15750,1077
5013.195533,2584688780,2584689886,15954,1106
5013.207545,2584697571,2584698680,15735,1109
5013.219572,2584706435,2584707540,15829,1105
5013.231602,2584715290,2584716398,15978,1108
5013.243610,2584724126,2584725232,15689,1106
5013.255636,2584733014,2584734092,15612,1078
5013.267670,2584741862,2584742969,16036,1107
5013.279689,2584750701,2584751814,16022,1113
5013.291709,2584759604,2584760717,15845,1113
5013.303738,2584768497,2584769609,15950,1112
5013.315747,2584777331,2584778438,15683,1107
5013.327777,2584786188,2584787294,15831,1106
5013.339810,2584795015,2584796130,15991,1115
5013.351815,2584803853,2584804960,15686,1107
5013.363849,2584812709,2584813822,15865,1113
5013.375877,2584821559,2584822666,15979,1107
5013.436988,2584867940,2584869048,15995,1108
5013.484082,2584901176,2584902285,15963,1109
5013.496101,2584910071,2584911175,15898,1104
5013.508121,2584918965,2584920078,15790,1113
5013.520150,2584927817,2584928930,15927,1113
5013.532167,2584936659,2584937771,15762,1112
5013.553207,2584952171,2584953284,15818,1113
5013.640364,2585016267,2585017374,15683,1107
5013.652395,2585025140,2585026249,15829,1109
5013.688464,2585051690,2585052804,15852,1114
5013.700492,2585060594,2585061707,15943,1113
5013.745580,2585093778,2585094891,15979,1113
5013.757587,2585102609,2585103716,15685,1107
5013.769618,2585111477,2585112586,15807,1109
5013.784651,2585122590,2585123696,15950,1106
5013.796669,2585131481,2585132584,15787,1103
5013.848782,2585171403,2585172513,15897,1110
5013.895857,2585204560,2585205672,15803,1112
5013.907889,2585213457,2585214569,15987,1112
5013.952974,2585246672,2585247792,15959,1120
5013.964992,2585255572,2585256677,15912,1105
5014.053159,2585321916,2585323026,15682,1110
5014.100238,2585355180,2585356282,15685,1102
5014.112270,2585364330,2585365438,15836,1108
5014.124300,2585373235,2585374338,15968,1103
5014.136318,2585382089,2585383206,15851,1117
5014.157355,2585397615,2585398723,15741,1108
5014.169386,2585406496,2585407600,15873,1104
5014.193424,2585424204,2585425322,15822,1118
5014.205454,2585433083,2585434194,15915,1111
5014.268574,2585479522,2585480634,15953,1112
5014.280594,2585488376,2585489489,15955,1113
5014.304641,2585506129,2585507243,15942,1114
5014.319659,2585517186,2585518264,15611,1078
5014.331693,2585526024,2585527133,15928,1109
5014.343709,2585534875,2585535984,15796,1109
5014.355732,2585543766,2585544874,15832,1108
5014.367765,2585552642,2585553748,15925,1106
5014.379782,2585561513,2585562618,15912,1105
5014.397816,2585574821,2585575938,15937,1117
5014.409836,2585583702,2585584813,15836,1111
5014.472962,2585630173,2585631281,15893,1108
5014.484987,2585639009,2585640114,16091,1105
5014.524054,2585667775,2585668888,15854,1113
5014.536076,2585676652,2585677758,15927,1106
5014.548104,2585685525,2585686634,16026,1109
5014.590179,2585716515,2585717631,15835,1116
5014.602209,2585725398,2585726512,15959,1114
5014.632262,2585747531,2585748649,15955,1118
5014.644281,2585756405,2585757509,15834,1104
5014.656312,2585765250,2585766363,16048,1113
5014.695382,2585794022,2585795129,15952,1107
5014.707402,2585802896,2585804005,15918,1109
5014.719432,2585811766,2585812881,15871,1115
5014.731447,2585820641,2585821750,15958,1109
5014.743470,2585829535,2585830650,15829,1115
5014.755501,2585838404,2585839514,15996,1110
5014.767519,2585847252,2585848365,15907,1113
5014.785553,2585860568,2585861677,15937,1109
5014.797573,2585869458,2585870566,15832,1108
5014.809605,2585878341,2585879449,15978,1108
5014.821620,2585887219,2585888334,15847,1115
5014.908792,2585951497,2585952606,15968,1109
5014.920809,2585960370,2585961475,15850,1105
5014.932833,2585969219,2585970327,15818,1108
5014.983930,2586006855,2586007962,15872,1107
5014.995946,2586015757,2586016835,15619,1078
5015.007980,2586024603,2586025715,15953,1112
5015.116187,2586104182,2586105293,16094,1111
5015.128205,2586113064,2586114167,16028,1103
5015.140220,2586121924,2586123006,15643,1082
5015.152255,2586130816,2586131931,15969,1115
5015.216372,2586179420,2586180533,15862,1113
5015.320567,2586254493,2586255607,15922,1114
5015.332598,2586263328,2586264436,16090,1108
5015.344615,2586272153,2586273266,15935,1113
5015.356632,2586281013,2586282088,15613,1075
5015.425771,2586331856,2586332959,16029,1103
5015.437789,2586340747,2586341825,15721,1078
5015.497906,2586384867,2586385975,15926,1108
5015.509924,2586393688,2586394770,15585,1082
5015.521958,2586402512,2586403626,15946,1114
5015.533975,2586411367,2586412481,15927,1114
5015.545992,2586420267,2586421346,15577,1079
5015.558028,2586429098,2586430202,16036,1104
5015.570042,2586437920,2586439029,16002,1109
5015.618133,2586473296,2586474402,15867,1106
5015.628658,2586481372,2586482493,16021,1121
5015.640672,2586490292,2586491371,15709,1079
5015.655706,2586501308,2586502421,15926,1113
5015.667728,2586510151,2586511258,15863,1107
5015.679760,2586519002,2586520115,16096,1113
5015.691775,2586527871,2586528978,15843,1107
5015.703792,2586536728,2586537806,15537,1078
5015.715825,2586545526,2586546636,15957,1110
5015.733861,2586558805,2586559909,15957,1104
5015.745879,2586567597,2586568709,15937,1112
5015.757895,2586576443,2586577522,15579,1079
5015.769929,2586585365,2586586476,15942,1111
5015.818014,2586620723,2586621831,15959,1108
5015.830032,2586629584,2586630663,15616,1079
5015.842068,2586638405,2586639512,16093,1107
5015.854083,2586647264,2586648371,15920,1107
5015.908186,2586687034,2586688137,16010,1103
5015.926220,2586700269,2586701382,15933,1113
5015.938238,2586709122,2586710200,15695,1078
5015.950273,2586717935,2586719042,16169,1107
5015.965294,2586729041,2586730141,15856,1100
5015.977325,2586738019,2586739129,16087,1110
5016.007378,2586760111,2586761217,16081,1106
5016.019392,2586768978,2586770055,15631,1077
5016.031428,2586777787,2586778899,16093,1112
5016.049462,2586791051,2586792154,16169,1103
5016.061478,2586799858,2586800971,15943,1113
5016.073495,2586808744,2586809820,15713,1076
5016.085533,2586817556,2586818654,16173,1098
5016.136615,2586855089,2586856167,15618,1078
5016.148651,2586863898,2586865004,16089,1106
5016.163671,2586875006,2586876115,15840,1109
5016.188732,2586895137,2586896216,15615,1079
5016.236816,2586930424,2586931539,16040,1115
5016.265873,2586950326,2586951430,15948,1104
5016.277891,2586959161,2586960278,15842,1117
5016.377078,2587032036,2587033151,15943,1115
5016.389096,2587041042,2587042117,15515,1075
5016.482285,2587109507,2587110612,16087,1105
5016.527370,2587142603,2587143710,16086,1107
5016.539386,2587151399,2587152507,15945,1108
5016.551406,2587160279,2587161354,15713,1075
5016.563439,2587169113,2587170217,16030,1104
5016.584472,2587184569,2587185673,16022,1104
5016.596492,2587193425,2587194506,15622,1081
5016.617542,2587208907,2587210009,16172,1102
5016.629558,2587217771,2587218879,15968,1108
5016.647592,2587231005,2587232114,16011,1109
5016.659614,2587239902,2587241015,15874,1113
5016.677644,2587253161,2587254239,15614,1078
5016.689680,2587261950,2587263051,16098,1101
5016.704708,2587272979,2587274068,15750,1089
5016.719729,2587283986,2587285099,16003,1113
5016.776836,2587326016,2587327098,15640,1082
5016.788869,2587334825,2587335936,16055,1111
5016.800884,2587343683,2587344793,16007,1110
5016.812902,2587352528,2587353607,15615,1079
5016.827935,2587363548,2587364663,16008,1115
5016.906091,2587420990,2587422093,16145,1103
5016.918110,2587429831,2587430930,16042,1099
5016.930124,2587438672,2587439751,15695,1079
5016.996263,2587487240,2587488342,16095,1102
5017.008280,2587496081,2587497190,15917,1109
5017.020296,2587504949,2587506026,15620,1077
5017.032332,2587513757,2587514865,16100,1108
5017.113486,2587573332,2587574439,16169,1107
5017.125501,2587582180,2587583297,15932,1117
5017.136333,2587591415,2587592528,15830,1113
5017.161572,2587609150,2587610268,15856,1118
5017.173587,2587617980,2587619059,15616,1079
5017.200651,2587637847,2587638927,15755,1080
5017.212674,2587646669,2587647776,16091,1107
5017.233707,2587662140,2587663253,15924,1113
5017.245725,2587670999,2587672077,15576,1078
5017.257758,2587679825,2587680929,15890,1104
5017.269776,2587688647,2587689757,15947,1110
5017.281793,2587697491,2587698568,15596,1077
5017.329897,2587732734,2587733839,16169,1105
5017.341913,2587741567,2587742679,15929,1112
5017.408033,2587790171,2587791253,15629,1082
5017.420069,2587798994,2587800097,16095,1103
5017.432084,2587807820,2587808933,15812,1113
5017.453123,2587823290,2587824398,15860,1108
5017.465155,2587832126,2587833234,16054,1108
5017.537291,2587885110,2587886220,16086,1110
5017.549308,2587893989,2587895104,15853,1115
5017.612427,2587940751,2587941864,15835,1113
5017.624444,2587949632,2587950707,15550,1075
5017.639479,2587960668,2587961774,15928,1106
5017.651500,2587969549,2587970668,15829,1119
5017.663529,2587978476,2587979587,15890,1111
5017.675556,2587987376,2587988486,16022,1110
5017.687569,2587996283,2587997399,15838,1116
5017.699599,2588005192,2588006301,15828,1109
5017.711616,2588014024,2588015132,15930,1108
5017.723633,2588022865,2588023940,15614,1075
5017.735669,2588031682,2588032791,16168,1109
5017.747684,2588040486,2588041592,15950,1106
5017.759702,2588049347,2588050425,15707,1078
5017.771737,2588058155,2588059266,16089,1111
5017.783753,2588067006,2588068110,16005,1104
5017.801786,2588080257,2588081365,15961,1108
5017.813805,2588089106,2588090188,15621,1082
5017.831836,2588102376,2588103455,15585,1079
5017.843875,2588111195,2588112308,16094,1113
5017.855889,2588120098,2588121211,15894,1113
5017.867907,2588128940,2588130023,15675,1083
5017.879943,2588137762,2588138872,16097,1110
5017.891959,2588146612,2588147721,15930,1109
5017.903976,2588155458,2588156542,15690,1084
5017.916012,2588164300,2588165415,16089,1115
5017.928029,2588173175,2588174290,16020,1115
5017.973115,2588206375,2588207479,16024,1104
5017.992331,2588215896,2588216514,12026,618
5018.025708,2588234044,2588235127,15623,1083
5018.037742,2588242895,2588244004,15962,1109
5018.055777,2588256109,2588257217,16039,1108
5018.067793,2588264950,2588266061,16012,1111
5018.079810,2588273782,2588274860,15620,1078
5018.091846,2588282576,2588283679,16165,1103
5018.103864,2588291408,2588292515,15950,1107
5018.115879,2588300252,2588301327,15699,1075
5018.127914,2588309067,2588310178,16086,1111
5018.139930,2588317909,2588319027,15929,1118
5018.151948,2588326775,2588327855,15622,1080
5018.163983,2588335576,2588336679,16088,1103
5018.175999,2588344390,2588345497,15927,1107
5018.188016,2588353230,2588354305,15624,1075
5018.200049,2588362059,2588363159,15931,1100
5018.212068,2588370913,2588372031,15860,1118
5018.224085,2588379773,2588380854,15541,1081
5018.236123,2588388613,2588389725,16021,1112
5018.248135,2588397451,2588398559,15872,1108
5018.260150,2588406294,2588407372,15585,1078
5018.272189,2588415085,2588416193,16083,1108
5018.302241,2588437217,2588438320,15943,1103
5018.314252,2588446061,2588447140,15542,1079
5018.365359,2588483592,2588484698,15929,1106
5018.377376,2588492415,2588493494,15618,1079
5018.407446,2588514459,2588515567,16096,1108
5018.419465,2588523298,2588524412,16078,1114
5018.431479,2588532140,2588533221,15623,1081
5018.443515,2588540978,2588542081,16065,1103
5018.455531,2588549802,2588550907,15844,1105
5018.467548,2588558635,2588559714,15543,1079
5018.479583,2588567453,2588568561,16002,1108
5018.492331,2588576176,2588577077,15363,901
5018.505125,2588584806,2588585915,15928,1109
5018.517142,2588593625,2588594707,15540,1082
5018.529175,2588602468,2588603577,15948,1109
5018.541193,2588611299,2588612413,15825,1114
5018.557225,2588624588,2588625701,15924,1113
5018.577263,2588637898,2588639011,16019,1113
5018.589292,2588646757,2588647832,15794,1075
5018.601314,2588655596,2588656709,15958,1113
5018.613332,2588664406,2588665515,15894,1109
5018.625348,2588673284,2588674363,15579,1079
5018.637383,2588682080,2588683187,16124,1107
5018.648334,2588691423,2588692531,15940,1108
5018.661417,2588700312,2588701394,15613,1082
5018.673452,2588709141,2588710244,16070,1103
5018.691483,2588722406,2588723519,15991,1113
5018.703502,2588731245,2588732355,15927,1110
5018.715520,2588740092,2588741175,15704,1083
5018.727554,2588748903,2588750015,16117,1112
5018.739571,2588757749,2588758855,15866,1106
5018.751590,2588766604,2588767685,15676,1081
5018.763623,2588775410,2588776518,16164,1108
5018.775639,2588784242,2588785346,16010,1104
5018.787670,2588793093,2588794176,15834,1083
5018.799692,2588801905,2588803004,16084,1099
5018.811708,2588810736,2588811840,15955,1104
5018.823725,2588819562,2588820641,15696,1079
5018.835760,2588828384,2588829495,16048,1111
5018.847780,2588837288,2588838387,15858,1099
5018.859798,2588846148,2588847256,15919,1108
5018.871831,2588855031,2588856139,16011,1108
5018.883847,2588863927,2588865039,15945,1112
5018.901879,2588877207,2588878317,15928,1110
5018.913893,2588886066,2588887153,15580,1087
5018.931931,2588899329,2588900409,15623,1080
5018.943964,2588908170,2588909279,15870,1109
5018.955982,2588917005,2588918120,15853,1115
5018.968004,2588925848,2588926955,15837,1107
5018.980035,2588934688,2588935800,16173,1112
5018.992049,2588943538,2588944642,15952,1104
5019.004068,2588952373,2588953455,15623,1082
5019.016103,2588961183,2588962286,16026,1103
5019.028119,2588970043,2588971156,15920,1113
5019.040141,2588978899,2588980005,15849,1106
5019.052172,2588987776,2588988889,15988,1113
5019.064188,2588996650,2588997760,16008,1110
5019.076205,2589005503,2589006581,15700,1078
5019.088237,2589014337,2589015438,15957,1101
5019.100258,2589023213,2589024317,15947,1104
5019.112278,2589032079,2589033194,15853,1115
5019.124307,2589040977,2589042095,15957,1118
5019.136325,2589049859,2589050974,15861,1115
5019.148347,2589058757,2589059861,15933,1104
5019.160375,2589067637,2589068747,15953,1110
5019.172395,2589076514,2589077623,15946,1109
5019.184421,2589085394,2589086509,15910,1115
5019.208464,2589103147,2589104256,15946,1109
5019.220484,2589112038,2589113151,15860,1113
5019.253547,2589136419,2589137527,16005,1108
5019.265570,2589145339,2589146448,15788,1109
5019.325684,2589189674,2589190778,15965,1104
5019.337707,2589198499,2589199609,15846,1110
5019.368768,2589222866,2589223969,15933,1103
5019.424874,2589262633,2589263741,15961,1108
5019.441402,2589275031,2589276128,15560,1097
5019.453430,2589283867,2589284970,15946,1103
5019.471465,2589297108,2589298226,15951,1118
5019.483486,2589305979,2589307092,15940,1113
5019.495505,2589314817,2589315915,15603,1098
5019.516550,2589330279,2589331395,15942,1116
5019.528572,2589339138,2589340253,15970,1115
5019.555624,2589359032,2589360144,15863,1112
5019.567642,2589367846,2589368950,15598,1104
5019.579672,2589376651,2589377755,15943,1104
5019.591693,2589385525,2589386639,15906,1114
5019.603710,2589394348,2589395455,15636,1107
5019.615739,2589403186,2589404294,15952,1108
5019.626258,2589411150,2589412260,15823,1110
5019.638288,2589421481,2589422586,15950,1105
5019.650306,2589431036,2589432149,15929,1113
5019.665334,2589442090,2589443194,16030,1104
5019.683371,2589455362,2589456470,15988,1108
5019.695388,2589464203,2589465315,15965,1112
5019.707407,2589473032,2589474139,15629,1107
5019.719437,2589481878,2589482993,16028,1115
5019.731457,2589490740,2589491846,15860,1106
5019.743476,2589499571,2589500683,15518,1112
5019.755505,2589508417,2589509530,16027,1113
5019.767527,2589517272,2589518381,16058,1109
5019.779552,2589526090,2589527197,15716,1107
5019.791573,2589534914,2589536023,16030,1109
5019.803594,2589543748,2589544861,16048,1113
5019.815610,2589552572,2589553668,15595,1096
5019.827644,2589561418,2589562531,15965,1113
5019.839664,2589570294,2589571400,15935,1106
5019.851684,2589579125,2589580239,15828,1114
5019.863713,2589587962,2589589066,16005,1104
5019.875733,2589596796,2589597910,15966,1114
5019.887754,2589605612,2589606719,15645,1107
5019.899779,2589614456,2589615568,16028,1112
5019.911797,2589623293,2589624410,15886,1117
5019.923819,2589632161,2589633263,15595,1102
5019.935854,2589641057,2589642158,15976,1101
5019.947865,2589649901,2589651012,15886,1111
5019.959887,2589658726,2589659829,15635,1103
5019.971916,2589667564,2589668670,15948,1106
5019.983940,2589676398,2589677508,16037,1110
5019.995956,2589685227,2589686334,15708,1107
5020.007985,2589694052,2589695163,16030,1111
5020.020005,2589702893,2589703997,16047,1104
5020.032027,2589711761,2589712869,15834,1108
5020.056074,2589729502,2589730619,15967,1117
5020.068093,2589738318,2589739430,15635,1112
5020.080125,2589747187,2589748296,15988,1109
5020.092143,2589756046,2589757155,15961,1109
5020.104162,2589764857,2589765959,15632,1102
5020.116190,2589773677,2589774784,15860,1107
5020.128211,2589782517,2589783616,15767,1099
5020.140230,2589791368,2589792470,15596,1102
5020.152259,2589800218,2589801324,15946,1106
5020.164280,2589809059,2589810162,16022,1103
5020.176307,2589818452,2589819559,15729,1107
5020.188328,2589827308,2589828421,16026,1113
5020.200349,2589836159,2589837271,15971,1112
5020.212368,2589845002,2589846108,15633,1106
5020.239419,2589864921,2589866028,15673,1107
5020.251448,2589873749,2589874854,16031,1105
5020.269482,2589887010,2589888119,15858,1109
5020.281506,2589895866,2589896973,15952,1107
5020.293522,2589904746,2589905849,15631,1103
5020.344623,2589942357,2589943466,15966,1109
5020.356646,2589951194,2589952296,15643,1102
5020.395722,2589979925,2589981032,15960,1107
5020.407743,2589988763,2589989872,16046,1109
5020.419765,2589997610,2589998720,15890,1110
5020.437796,2590010876,2590011983,15592,1107
5020.449825,2590019719,2590020831,16024,1112
5020.488893,2590048474,2590049582,15880,1108
5020.500913,2590057320,2590058426,15594,1106
5020.549014,2590092727,2590093843,15946,1116
5020.561035,2590101580,2590102688,15959,1108
5020.573061,2590110400,2590111506,15715,1106
5020.618139,2590143471,2590144587,15634,1116
5020.630172,2590152357,2590153463,15959,1106
5020.651207,2590167838,2590168948,15971,1110
5020.666237,2590178898,2590180011,15943,1113
5020.678260,2590187773,2590188881,15948,1108
5020.696292,2590201012,2590202124,15965,1112
5020.708311,2590209989,2590211096,15552,1107
5020.720344,2590218871,2590219980,15868,1109
5020.732362,2590227743,2590228847,15936,1104
5020.744379,2590236557,2590237667,15637,1110
5020.759411,2590247613,2590248727,15962,1114
5020.840566,2590307257,2590308361,15966,1104
5020.852588,2590316048,2590317155,15670,1107
5020.864614,2590324901,2590326009,15959,1108
5020.900682,2590351402,2590352519,15941,1117
5020.912699,2590360266,2590361379,15842,1113
5020.945768,2590384586,2590385691,15947,1105
5020.957789,2590393444,2590394553,15919,1109
5020.969816,2590402268,2590403379,15763,1111
5021.072011,2590477440,2590478550,15964,1110
5021.084029,2590486287,2590487400,15971,1113
5021.096048,2590495127,2590496234,15553,1107
5021.108077,2590503955,2590505064,15944,1109
5021.129116,2590519459,2590520568,15932,1109
5021.141133,2590528273,2590529376,15628,1103
5021.162180,2590543702,2590544806,15948,1104
5021.174203,2590552562,2590553670,15949,1108
5021.186219,2590561362,2590562471,15628,1109
5021.198248,2590570205,2590571317,15941,1112
5021.249340,2590607778,2590608890,15631,1112
5021.261369,2590616635,2590617743,15954,1108
5021.291424,2590638715,2590639819,15967,1104
5021.303443,2590647564,2590648671,15597,1107
5021.315478,2590656436,2590657541,15914,1105
5021.327493,2590665312,2590666431,15844,1119
5021.339514,2590674153,2590675257,15826,1104
5021.396626,2590716173,2590717285,15951,1112
5021.408646,2590725050,2590726159,15966,1109
5021.423681,2590736125,2590737234,15918,1109
5021.435698,2590744963,2590746072,16002,1109
5021.447720,2590753780,2590754875,15665,1095
5021.459748,2590762610,2590763688,15809,1078
5021.471769,2590771431,2590772544,15959,1113
5021.483785,2590780264,2590781373,15711,1109
5021.495814,2590789093,2590790201,15974,1108
5021.507831,2590797934,2590799047,15915,1113
5021.519859,2590806796,2590807904,15853,1108
5021.532885,2590817837,2590818943,15958,1106
5021.616041,2590877422,2590878532,15856,1110
5021.628060,2590886272,2590887379,15519,1107
5021.640089,2590895108,2590896213,15956,1105
5021.652109,2590903962,2590905066,15835,1104
5021.664136,2590912764,2590913865,15790,1101
5021.676159,2590921989,2590923093,16027,1104
5021.706213,2590944109,2590945222,15967,1113
5021.718236,2590952988,2590954101,15877,1113
5021.730260,2590961858,2590962972,15945,1114
5021.823436,2591030349,2591031453,15936,1104
5021.835454,2591039150,2591040253,15631,1103
5021.847483,2591047978,2591049080,15859,1102
5021.859504,2591056813,2591057921,15966,1108
5021.871523,2591065663,2591066766,15599,1103
5021.883554,2591074493,2591075575,15800,1082
5021.895573,2591083301,2591084419,15964,1118
5021.907591,2591092122,2591093230,15629,1108
5021.925626,2591105403,2591106510,15602,1107
5021.937659,2591114271,2591115380,15879,1109
5021.949675,2591123127,2591124245,15969,1118
5022.000774,2591160685,2591161803,15945,1118
5022.012796,2591169531,2591170635,15857,1104
5022.052878,2591200434,2591201538,15958,1104
5022.087934,2591224699,2591225804,15631,1105
5022.099963,2591233527,2591234631,16026,1104
5022.118001,2591246803,2591247907,16036,1104
5022.130018,2591255654,2591256757,15973,1103
5022.142037,2591264476,2591265579,15629,1103
5022.154067,2591273423,2591274541,15914,1118
5022.184121,2591295508,2591296622,15961,1114
5022.196140,2591304319,2591305425,15627,1106
5022.214177,2591317590,2591318694,15819,1104
5022.226204,2591326421,2591327533,15948,1112
5022.265279,2591355076,2591356195,15950,1119
5022.277295,2591363956,2591365061,15515,1105
5022.337413,2591408084,2591409183,15960,1099
5022.349432,2591416912,2591418019,15705,1107
5022.367466,2591430140,2591431244,15626,1104
5022.379495,2591438962,2591440061,15950,1099
5022.391515,2591447790,2591448903,15873,1113
5022.403535,2591456592,2591457693,15549,1101
5022.415568,2591465434,2591466547,15961,1113
5022.427584,2591474272,2591475381,15958,1109
5022.472670,2591507381,2591508488,15961,1107
5022.484695,2591516234,2591517344,15850,1110
5022.544807,2591560392,2591561505,15969,1113
5022.556834,2591569206,2591570309,15699,1103
5022.572869,2591582431,2591583538,15702,1107
5022.665037,2591648747,2591649866,15860,1119
5022.677063,2591657669,2591658774,15984,1105
5022.698105,2591673257,2591674375,15945,1118
5022.710120,2591682188,2591683303,15839,1115
5022.728155,2591695575,2591696689,15848,1114
5022.740185,2591704481,2591705599,15905,1118
5022.752203,2591713370,2591714470,15930,1100
5022.764220,2591722180,2591723288,15545,1108
5022.776250,2591731018,2591732124,15950,1106
5022.791272,2591742052,2591743159,15624,1107
5022.887459,2591812681,2591813789,15965,1108
5022.899478,2591821484,2591822592,15625,1108
5022.911511,2591830364,2591831479,15963,1115
5022.923529,2591839245,2591840358,15940,1113
5022.935546,2591848093,2591849200,15594,1107
5022.947580,2591856954,2591858058,15966,1104
5022.959598,2591865825,2591866930,15966,1105
5022.971618,2591874650,2591875756,15823,1106
5022.983645,2591883467,2591884576,15951,1109
5022.995664,2591892304,2591893408,15962,1104
5023.007689,2591901132,2591902247,15857,1115
5023.028729,2591916648,2591917756,15940,1108
5023.040750,2591925487,2591926593,15965,1106
5023.115889,2591980692,2591981795,15668,1103
5023.127918,2591989521,2591990636,15955,1115
5023.139940,2591998407,2591999516,15935,1109
5023.151966,2592007218,2592008326,15711,1108
5023.164995,2592018272,2592019376,15840,1104
5023.185025,2592031530,2592032641,15963,1111
5023.196334,2592040760,2592041874,15851,1114
5023.230111,2592065138,2592066246,15967,1108
5023.242129,2592073954,2592075054,15706,1100
5023.254162,2592082782,2592083893,15995,1111
5023.332301,2592140206,2592141317,15625,1111
5023.344330,2592149043,2592150152,15864,1109
5023.365367,2592164503,2592165616,15968,1113
5023.377387,2592173349,2592174456,15586,1107
5023.432501,2592215262,2592216371,15949,1109
5023.527672,2592283712,2592284816,15887,1104
5023.539695,2592292536,2592293638,15628,1102
5023.551728,2592301377,2592302490,15999,1113
5023.563745,2592310212,2592311320,15968,1108
5023.584785,2592325680,2592326787,15588,1107
5023.596810,2592334509,2592335618,15908,1109
5023.641896,2592367636,2592368749,15947,1113
5023.653919,2592376505,2592377609,15904,1104
5023.689986,2592402975,2592404079,15767,1104
5023.702009,2592411809,2592412918,15862,1109
5023.717037,2592422890,2592423991,16038,1101
5023.745098,2592444887,2592445996,15783,1109
5023.777153,2592466961,2592468070,15956,1109
5023.789173,2592475802,2592476905,15921,1103
5023.849293,2592519946,2592521056,16081,1110
5023.861311,2592528804,2592529904,16002,1100
5023.879345,2592542018,2592543126,15960,1108
5023.891365,2592550828,2592551939,15635,1111
5023.903398,2592559677,2592560786,15962,1109
5023.945475,2592590544,2592591640,15709,1096
5023.957499,2592599355,2592600437,15812,1082
5023.969517,2592608180,2592609286,15963,1106
5023.984547,2592619198,2592620303,15947,1105
5023.996568,2592628040,2592629150,15859,1110
5024.011599,2592639092,2592640204,16032,1112
5024.041654,2592661188,2592662297,15966,1109
5024.053673,2592670043,2592671149,15593,1106
5024.065702,2592678871,2592679988,15952,1117
5024.161879,2592749476,2592750572,15628,1096
5024.173907,2592758312,2592759421,15879,1109
5024.191942,2592771547,2592772662,16025,1115
5024.203964,2592780443,2592781556,16014,1113
5024.215984,2592789301,2592790412,15807,1111
5024.228011,2592798128,2592799238,15954,1110
5024.240031,2592806970,2592808079,15959,1109
5024.264079,2592824682,2592825788,16026,1106
5024.282113,2592837919,2592839025,16025,1106
5024.294134,2592846768,2592847871,15934,1103
5024.306152,2592855596,2592856698,15668,1102
5024.384306,2592912904,2592914013,15970,1109
5024.396327,2592921772,2592922885,15843,1113
5024.417371,2592937218,2592938332,16031,1114
5024.429391,2592946064,2592947169,15965,1105
5024.484504,2592987964,2592989071,15631,1107
5024.588697,2593062977,2593064081,16031,1104
5024.600718,2593071854,2593072960,16008,1106
5024.614246,2593081790,2593082904,15911,1114
5024.626262,2593090643,2593091746,15553,1103
5024.638291,2593099483,2593100593,15910,1110
5024.680365,2593130378,2593131481,15631,1103
5024.692397,2593139202,2593140310,16001,1108
5024.704333,2593149343,2593150451,16018,1108
5024.743487,2593177314,2593178423,15829,1109
5024.755516,2593186145,2593187255,15976,1110
5024.767531,2593194984,2593196092,15892,1108
5024.779559,2593203805,2593204915,15936,1110
5024.791586,2593212633,2593213742,16001,1109
5024.803603,2593221454,2593222557,16050,1103
5024.815622,2593230268,2593231375,15705,1107
5024.905793,2593296478,2593297585,15628,1107
5024.917822,2593305293,2593306399,15950,1106
5024.968913,2593342740,2593343843,15632,1103
5024.980943,2593351572,2593352685,15949,1113
5025.013999,2593375824,2593376931,15627,1107
5025.026028,2593384676,2593385776,16034,1100
5025.131222,2593461912,2593463015,15628,1103
5025.146254,2593473011,2593474130,15883,1119
5025.161285,2593484086,2593485184,16036,1098
5025.191340,2593506135,2593507244,15980,1109
5025.203359,2593514942,2593516045,15709,1103
5025.215390,2593523764,2593524869,16047,1105
5025.227409,2593532603,2593533708,15878,1105
5025.245445,2593545878,2593546987,15939,1109
5025.257462,2593554717,2593555827,15627,1110
5025.269495,2593563588,2593564695,15969,1107
5025.281511,2593572415,2593573520,15919,1105
5025.293527,2593581227,2593582332,15583,1105
5025.348646,2593623172,2593624278,15949,1106
5025.425786,2593678345,2593679454,15961,1109
5025.437808,2593687207,2593688316,15866,1109
5025.452838,2593698283,2593699392,15969,1109
5025.464859,2593707140,2593708246,15830,1106
5025.553036,2593773410,2593774520,15626,1110
5025.633180,2593830783,2593831901,15863,1118
5025.645199,2593839653,2593840763,15553,1110
5025.657229,2593848493,2593849605,15949,1112
5025.669249,2593857341,2593858449,15959,1108
5025.735374,2593906002,2593907113,15824,1111
5025.747403,2593914847,2593915953,16002,1106
5025.759420,2593923679,2593924787,15970,1108
5025.771443,2593932513,2593933615,15666,1102
5025.840574,2593983332,2593984446,15891,1114
5025.852594,2593992176,2593993278,15592,1102
5025.867622,2594003210,2594004323,15965,1113
5025.879653,2594012016,2594013131,15767,1115
5025.891674,2594020852,2594021961,15975,1109
5025.903695,2594029710,2594030814,16050,1104
5025.915717,2594038577,2594039683,15888,1106
5025.927743,2594047400,2594048508,15957,1108
5025.939765,2594056268,2594057377,15942,1109
5025.957798,2594069522,2594070626,16042,1104
5025.969817,2594078329,2594079434,15703,1105
5025.984852,2594089395,2594090499,15956,1104
5025.996869,2594098188,2594099289,15639,1101
5026.047969,2594135702,2594136811,16046,1109
5026.059993,2594144689,2594145791,15858,1102
5026.072017,2594153513,2594154617,15953,1104
5026.084041,2594162350,2594163454,15950,1104
5026.096057,2594171172,2594172278,15630,1106
5026.108086,2594179981,2594181082,15959,1101
5026.120106,2594188798,2594189907,15959,1109
5026.192244,2594241785,2594242894,15969,1109
5026.204263,2594250589,2594251691,15626,1102
5026.216292,2594259399,2594260512,15960,1113
5026.228312,2594268669,2594269777,15926,1108
5026.249348,2594284149,2594285261,15625,1112
5026.261378,2594293024,2594294135,15951,1111
5026.279415,2594306273,2594307382,16042,1109
5026.291433,2594315110,2594316213,16047,1103
5026.303451,2594323915,2594325018,15709,1103
5026.315480,2594332742,2594333855,15950,1113
5026.411654,2594403398,2594404505,15708,1107
5026.423686,2594412216,2594413325,16030,1109
5026.435705,2594421097,2594422210,15837,1113
5026.447728,2594429950,2594431053,15733,1103
5026.459759,2594438807,2594439904,16013,1097
5026.471775,2594447643,2594448746,15964,1103
5026.483794,2594456435,2594457537,15627,1102
5026.495824,2594465256,2594466367,15950,1111
5026.507844,2594474097,2594475210,15963,1113
5026.519863,2594482903,2594484017,15550,1114
5026.531896,2594491785,2594492895,15963,1110
5026.543913,2594500617,2594501723,15926,1106
5026.564951,2594516144,2594517254,15821,1110
5026.576981,2594524975,2594526085,16002,1110
5026.637086,2594569181,2594570282,15676,1101
5026.649115,2594578003,2594579110,16030,1107
5026.661135,2594586814,2594587923,15964,1109
5026.673162,2594595668,2594596775,15785,1107
5026.697204,2594613329,2594614432,16050,1103
5026.709223,2594622134,2594623231,15628,1097
5026.742290,2594646436,2594647543,15970,1107
5026.760325,2594659714,2594660819,16049,1105
5026.772351,2594668563,2594669670,15759,1107
5026.799394,2594688443,2594689547,15631,1104
5026.844480,2594721479,2594722588,15705,1109
5026.856512,2594730327,2594731433,16015,1106
5026.868530,2594739164,2594740268,15968,1104
5026.880552,2594748014,2594749114,15826,1100
5026.892581,2594756849,2594757948,16043,1099
5026.913611,2594772297,2594773410,15883,1113
5026.925637,2594781148,2594782249,15889,1101
5026.952690,2594801031,2594802133,15668,1102
5026.964715,2594809862,2594810968,16029,1106
5026.979738,2594820872,2594821984,15627,1112
5027.015809,2594847379,2594848485,15903,1106
5027.027839,2594856233,2594857343,15951,1110
5027.039856,2594865079,2594866194,15969,1115
5027.051875,2594873896,2594875007,15634,1111
5027.063904,2594882723,2594883832,15956,1109
5027.075927,2594891566,2594892678,15867,1112
5027.087943,2594900439,2594901546,15623,1107
5027.099972,2594909268,2594910378,15952,1110
5027.111993,2594918102,2594919210,15878,1108
5027.124015,2594926932,2594928047,15783,1115
5027.136041,2594935761,2594936865,15955,1104
5027.148061,2594944580,2594945685,15960,1105
5027.168332,2594953900,2594954519,12080,619
5027.192650,2594967537,2594968651,15948,1114
5027.236727,2594998433,2594999539,15631,1106
5027.248755,2595007247,2595008347,15904,1100
5027.260776,2595016056,2595017170,15965,1114
5027.272797,2595024896,2595026005,15830,1109
5027.296845,2595042572,2595043681,15971,1109
5027.308863,2595051371,2595052471,15548,1100
5027.359964,2595088905,2595090014,15964,1109
5027.371986,2595097727,2595098833,15742,1106
5027.384012,2595106556,2595107665,15947,1109
5027.396033,2595115387,2595116498,15876,1111
5027.417077,2595130848,2595131951,15782,1103
5027.429097,2595139684,2595140792,16024,1108
5027.444120,2595150705,2595151812,15709,1107
5027.480189,2595177197,2595178297,15672,1100
5027.492224,2595186096,2595187190,15980,1094
5027.504239,2595194921,2595196030,15874,1109
5027.516265,2595203735,2595204843,15633,1108
5027.528289,2595212569,2595213647,15761,1078
5027.540310,2595221374,2595222482,15948,1108
5027.552326,2595230165,2595231272,15633,1107
5027.600424,2595265488,2595266596,15942,1108
5027.612445,2595274308,2595275414,15876,1106
5027.663544,2595311797,2595312903,15941,1106
5027.677074,2595320314,2595321429,15967,1115
5027.689090,2595329149,2595330258,15963,1109
5027.701109,2595338002,2595339105,15672,1103
5027.713138,2595346831,2595347931,15948,1100
5027.725160,2595355709,2595356813,15845,1104
5027.737178,2595364901,2595366003,15706,1102
5027.753718,2595377347,2595378457,15878,1110
5027.765741,2595386246,2595387357,15907,1111
5027.777758,2595395144,2595396259,15845,1115
5027.792793,2595406269,2595407380,15971,1111
5027.804809,2595415192,2595416305,15803,1113
5027.816839,2595424102,2595425215,15864,1113
5027.828856,2595432944,2595434050,15970,1106
5027.840875,2595441782,2595442884,15673,1102
5027.852906,2595450609,2595451684,15805,1075
5027.864925,2595459400,2595460518,15854,1118
5027.876943,2595468226,2595469334,15603,1108
5027.888972,2595477049,2595478153,15857,1104
5027.910011,2595492531,2595493643,15968,1112
5027.922029,2595501383,2595502486,15596,1103
5027.934058,2595510211,2595511320,15940,1109
5027.946079,2595519068,2595520182,15962,1114
5027.982148,2595545592,2595546701,15894,1109
5027.994167,2595554406,2595555509,15598,1103
5028.021218,2595574280,2595575387,15631,1107
5028.033249,2595583112,2595584190,15797,1078
5028.045270,2595591925,2595593031,16049,1106
5028.060298,2595602992,2595604111,15949,1119
5028.072320,2595611859,2595612968,15934,1109
5028.084338,2595620652,2595621754,15633,1102
5028.096367,2595629488,2595630598,15940,1110
5028.108389,2595638377,2595639484,15930,1107
5028.120406,2595647185,2595648287,15633,1102
5028.132435,2595656003,2595657108,15942,1105
5028.144456,2595664832,2595665940,15964,1108
5028.165495,2595680285,2595681393,15785,1108
5028.177521,2595689115,2595690221,15946,1106
5028.189542,2595697940,2595699056,15921,1116
5028.201561,2595706746,2595707844,15626,1098
5028.231624,2595728805,2595729919,16023,1114
5028.243645,2595737633,2595738752,16043,1119
5028.255663,2595746449,2595747563,15629,1114
5028.267697,2595755307,2595756421,15960,1114
5028.297747,2595777406,2595778513,16041,1107
5028.309775,2595786239,2595787345,15712,1106
5028.321795,2595795064,2595796177,15946,1113
5028.333817,2595803896,2595805005,15965,1109
5028.345838,2595812775,2595813883,15836,1108
5028.357866,2595821611,2595822723,15943,1112
5028.369886,2595830497,2595831603,15933,1106
5028.400950,2595854730,2595855839,16026,1109
5028.424998,2595872364,2595873476,15631,1112
5028.449040,2595890033,2595891139,15999,1106
5028.508152,2595931930,2595933037,15691,1107
5028.520173,2595940775,2595941883,15989,1108
5028.532190,2595949614,2595950726,15968,1112
5028.544212,2595958413,2595959518,15628,1105
5028.556242,2595967241,2595968349,15948,1108
5028.649417,2596035633,2596036746,16013,1113
5028.661440,2596044485,2596045591,15826,1106
5028.692500,2596068804,2596069913,15917,1109
5028.712539,2596082064,2596083177,15949,1113
5028.724560,2596090930,2596092035,15908,1105
5028.736584,2596099766,2596100872,16021,1106
5028.748605,2596108605,2596109713,16044,1108
5028.763640,2596119687,2596120796,16037,1109
5028.775657,2596128526,2596129639,16049,1113
5028.787675,2596137322,2596138428,15704,1106
5028.799704,2596146143,2596147256,16026,1113
5028.811728,2596154993,2596156096,15950,1103
5028.823744,2596163787,2596164898,15624,1111
5028.835773,2596172629,2596173735,15942,1106
5028.847794,2596181448,2596182557,15965,1109
5028.871844,2596199131,2596200214,15805,1083
5028.883864,2596207987,2596209100,15936,1113
5028.895884,2596216856,2596217970,15806,1114
5028.907913,2596225686,2596226792,16076,1106
5028.925944,2596238915,2596240029,15968,1114
5028.937967,2596247804,2596248913,15934,1109
5028.949984,2596256636,2596257743,15593,1107
5028.962017,2596265505,2596266614,15982,1109
5028.974035,2596274358,2596275472,15930,1114
5028.986049,2596283179,2596284282,15587,1103
5028.998083,2596292022,2596293131,15997,1109
5029.010106,2596300860,2596301969,15957,1109
5029.022121,2596309712,2596310824,15675,1112
5029.040156,2596322964,2596324071,15630,1107
5029.052184,2596331794,2596332897,16025,1103
5029.064207,2596340658,2596341769,15971,1111
5029.091257,2596360529,2596361631,16047,1102
5029.106291,2596371587,2596372702,16000,1115
5029.127326,2596387041,2596388152,15970,1111
5029.139344,2596395898,2596397005,15598,1107
5029.151373,2596404749,2596405858,15952,1109
5029.193448,2596435688,2596436797,15601,1109
5029.205479,2596444542,2596445646,15986,1104
5029.244548,2596473239,2596474348,16047,1109
5029.256570,2596482484,2596483591,15910,1107
5029.268600,2596491386,2596492494,15960,1108
5029.295648,2596511250,2596512358,15945,1108
5029.307671,2596520086,2596521183,15952,1097
5029.319687,2596528892,2596529994,15631,1102
5029.331716,2596537723,2596538832,15956,1109
5029.344747,2596548736,2596549838,15627,1102
5029.385823,2596577470,2596578578,15960,1108
5029.397840,2596586317,2596587420,15968,1103
5029.500038,2596661472,2596662576,15792,1104
5029.512059,2596670298,2596671409,15943,1111
5029.530095,2596683567,2596684649,15766,1082
5029.542114,2596692366,2596693475,15873,1109
5029.561162,2596707876,2596708987,15677,1111
5029.605238,2596738824,2596739934,15931,1110
5029.617253,2596747669,2596748776,15594,1107
5029.677372,2596791880,2596792980,16050,1100
5029.689390,2596800698,2596801810,15631,1112
5029.704426,2596811767,2596812880,16032,1113
5029.716441,2596820595,2596821702,15666,1107
5029.731474,2596831658,2596832767,15964,1109
5029.743493,2596840470,2596841573,15627,1103
5029.755526,2596849357,2596850469,15892,1112
5029.767543,2596858204,2596859322,15962,1118
5029.809625,2596889134,2596890245,15941,1111
5029.821646,2596897985,2596899090,15965,1105
5029.833667,2596906805,2596907911,15706,1106
5029.845694,2596915640,2596916744,15943,1104
5029.869734,2596933318,2596934424,15603,1106
5029.881762,2596942151,2596943255,15948,1104
5029.896792,2596953170,2596954276,15713,1106
5029.908814,2596962019,2596963128,15945,1109
5029.920834,2596970868,2596971976,15962,1108
5029.932853,2596979670,2596980778,15631,1108
5029.947886,2596990741,2596991848,15863,1107
5029.959905,2596999582,2597000688,15630,1106
5030.021035,2597045890,2597046991,15632,1101
5030.062105,2597074619,2597075727,15955,1108
5030.074126,2597083437,2597084548,15923,1111
5030.086145,2597092256,2597093364,15632,1108
5030.125225,2597120914,2597122019,15940,1105
5030.137246,2597129741,2597130844,15964,1103
5030.149268,2597138565,2597139678,15831,1113
5030.161296,2597147445,2597148554,15944,1109
5030.179328,2597160697,2597161811,15946,1114
5030.191351,2597169570,2597170675,15945,1105
5030.203368,2597178408,2597179515,15430,1107
5030.215397,2597187242,2597188355,15945,1113
5030.227417,2597196085,2597197194,15965,1109
5030.239436,2597204913,2597206013,15707,1100
5030.251470,2597213782,2597214886,15962,1104
5030.269500,2597226992,2597228097,16026,1105
5030.281520,2597235835,2597236944,16048,1109
5030.293547,2597244629,2597245736,15751,1107
5030.311574,2597257877,2597258980,15700,1103
5030.323602,2597266709,2597267821,15860,1112
5030.335623,2597275540,2597276650,15965,1110
5030.347645,2597284374,2597285480,15745,1106
5030.359671,2597293206,2597294312,15942,1106
5030.377710,2597306533,2597307638,15955,1105
5030.389726,2597315374,2597316473,15963,1099
5030.425797,2597341851,2597342959,15940,1108
5030.437814,2597350715,2597351822,15600,1107
5030.452848,2597361799,2597362905,16015,1106
5030.464869,2597370615,2597371722,15671,1107
5030.540014,2597425742,2597426854,15945,1112
5030.552036,2597434606,2597435715,15938,1109
5030.564054,2597443400,2597444512,15548,1112
5030.585099,2597458864,2597459977,15940,1113
5030.597123,2597467708,2597468819,15953,1111
5030.654225,2597509650,2597510751,15599,1101
5030.666254,2597518482,2597519586,15948,1104
5030.681276,2597529507,2597530621,15625,1114
5030.696312,2597540572,2597541689,15909,1117
5030.708328,2597549420,2597550534,15602,1114
5030.759429,2597587012,2597588121,15963,1109
5030.771452,2597596281,2597597390,15735,1109
5030.783477,2597605128,2597606241,15861,1113
5030.795501,2597613994,2597615103,15952,1109
5030.807517,2597622815,2597623929,15631,1114
5030.819546,2597631671,2597632777,15859,1106
5030.831567,2597640514,2597641631,15966,1117
5030.843588,2597649353,2597650459,15829,1106
5030.855615,2597658193,2597659297,15950,1104
5030.873649,2597671425,2597672532,15948,1107
5030.885672,2597680271,2597681380,15962,1109
5030.897688,2597689088,2597690198,15630,1110
5030.909717,2597697931,2597699044,15946,1113
5030.921738,2597706785,2597707894,16045,1109
5030.933756,2597715579,2597716682,15665,1103
5030.957807,2597733257,2597734366,15973,1109
5030.969826,2597742081,2597743183,15638,1102
5030.984858,2597753142,2597754248,15969,1106
5030.996877,2597762002,2597763108,15555,1106
5031.017923,2597777495,2597778604,15950,1109
5031.029944,2597786338,2597787449,15968,1111
5031.072026,2597817270,2597818383,16032,1113
5031.084047,2597826112,2597827225,15958,1113
5031.096066,2597834926,2597836038,15633,1112
5031.108095,2597843769,2597844887,16030,1118
5031.120115,2597852647,2597853756,15919,1109
5031.132140,2597861474,2597862589,15866,1115
5031.144167,2597870371,2597871482,15853,1111
5031.156184,2597879199,2597880311,15914,1112
5031.177220,2597894641,2597895743,15592,1102
5031.189252,2597903496,2597904595,15906,1099
5031.204271,2597914536,2597915645,15626,1109
5031.216304,2597923432,2597924547,15964,1115
5031.228321,2597932294,2597933407,15871,1113
5031.249357,2597947764,2597948866,15598,1102
5031.261386,2597956602,2597957711,16029,1109
5031.273407,2597965421,2597966534,15971,1113
5031.285433,2597974238,2597975345,15716,1107
5031.297455,2597983067,2597984176,15950,1109
5031.309477,2597991958,2597993066,16015,1108
5031.363578,2598031689,2598032802,15970,1113
5031.375597,2598040514,2598041616,15631,1102
5031.387633,2598049561,2598050667,16014,1106
5031.399645,2598058408,2598059511,15881,1103
5031.411663,2598067239,2598068346,15594,1107
5031.423695,2598076048,2598077157,15993,1109
5031.435715,2598084882,2598085994,15887,1112
5031.447734,2598093713,2598094819,15664,1106
5031.504849,2598135629,2598136738,15949,1109
5031.516870,2598144492,2598145605,15998,1113
5031.552938,2598171001,2598172110,15964,1109
5031.564960,2598179849,2598180952,15826,1103
5031.589010,2598197526,2598198623,16030,1097
5031.601026,2598206330,2598207435,15665,1105
5031.709231,2598285786,2598286900,15834,1114
5031.721260,2598294623,2598295731,16030,1108
5031.784384,2598340941,2598342054,15996,1113
5031.796401,2598349792,2598350906,15965,1114
5031.808420,2598358664,2598359770,15593,1106
5031.820449,2598367500,2598368606,15949,1106
5031.880565,2598411605,2598412708,15714,1103
5031.892586,2598420455,2598421563,15946,1108
5031.907609,2598431477,2598432584,15624,1107
5031.943678,2598458021,2598459129,15591,1108
5031.955707,2598466857,2598467963,15952,1106
5031.967727,2598475696,2598476807,15968,1111
5031.979757,2598484532,2598485645,15903,1113
5031.991775,2598493378,2598494481,15944,1103
5032.003795,2598502201,2598503307,15963,1106
5032.024831,2598517631,2598518733,15699,1102
5032.036865,2598526508,2598527621,15966,1113
5032.105989,2598577211,2598578319,15823,1108
5032.118020,2598586043,2598587121,15810,1078
5032.136054,2598599271,2598600375,15963,1104
5032.148070,2598608089,2598609189,15962,1100
5032.160089,2598616891,2598617993,15703,1102
5032.172119,2598625725,2598626836,15957,1111
5032.184141,2598634554,2598635654,15949,1100
5032.196158,2598643353,2598644460,15627,1107
5032.208187,2598652189,2598653302,15946,1113
5032.220209,2598661041,2598662152,15966,1111
5032.232229,2598669875,2598670979,15824,1104
5032.244255,2598678698,2598679807,15951,1109
5032.256276,2598687526,2598688644,15923,1118
5032.268295,2598696346,2598697448,15626,1102
5032.280329,2598705578,2598706691,15995,1113
5032.343444,2598751921,2598753030,15950,1109
5032.355464,2598760769,2598761877,15970,1108
5032.367483,2598769576,2598770688,15626,1112
5032.379515,2598778452,2598779552,15963,1100
5032.391533,2598787269,2598788368,15967,1099
5032.403552,2598796051,2598797153,15630,1102
5032.415583,2598804890,2598806004,15880,1114
5032.427602,2598813729,2598814841,15856,1112
5032.439621,2598822570,2598823675,15514,1105
5032.451654,2598831427,2598832533,15922,1106
5032.463669,2598840249,2598841362,15881,1113
5032.475699,2598849070,2598850174,15884,1104
5032.487718,2598857906,2598859001,15949,1095
5032.499735,2598866723,2598867831,15887,1108
5032.511757,2598875533,2598876635,15631,1102
5032.523789,2598884357,2598885435,15901,1078
5032.541821,2598897564,2598898664,16025,1100
5032.553842,2598906389,2598907499,15968,1110
5032.568874,2598917428,2598918534,16048,1106
5032.583899,2598928469,2598929575,15609,1106
5032.616962,2598952744,2598953856,15924,1112
5032.628987,2598961757,2598962864,15774,1107
5032.641010,2598970590,2598971696,15950,1106
5032.669063,2598992610,2598993704,15958,1094
5032.713147,2599023471,2599024575,15949,1104
5032.725168,2599032302,2599033405,15854,1103
5032.773263,2599067564,2599068667,15707,1103
5032.785284,2599076409,2599077510,15947,1101
5032.797304,2599085232,2599086341,16035,1109
5032.824356,2599105075,2599106189,15854,1114
5032.836375,2599113965,2599115077,15555,1112
5032.872452,2599140538,2599141650,15716,1112
5032.884473,2599149420,2599150538,15903,1118
5032.905510,2599164942,2599166050,15962,1108
5032.917529,2599173746,2599174858,15627,1112
5032.944585,2599193639,2599194750,15645,1111
5032.956612,2599202463,2599203572,15886,1109
5032.980653,2599220111,2599221222,15640,1111
5032.995682,2599231180,2599232284,15967,1104
5033.007706,2599240096,2599241209,15859,1113
5033.021237,2599250303,2599251411,15800,1108
5033.033260,2599259210,2599260322,15903,1112
5033.057298,2599277052,2599278170,15842,1118
5033.069328,2599285983,2599287098,15905,1115
5033.084350,2599297145,2599298253,15827,1108
5033.099384,2599308282,2599309395,15971,1113
5033.111401,2599317192,2599318304,15845,1112
5033.123430,2599326098,2599327209,15913,1111
5033.135455,2599334997,2599336110,15988,1113
5033.147470,2599343899,2599345011,15832,1112
5033.159499,2599352815,2599353929,15905,1114
5033.195565,2599379382,2599380486,16033,1104
5033.207585,2599388207,2599389307,15968,1100
5033.219612,2599397016,2599398123,15709,1107
5033.231635,2599405870,2599406957,15811,1087
5033.243656,2599414694,2599415799,15876,1105
5033.255675,2599423536,2599424649,15775,1113
5033.267702,2599432379,2599433492,15951,1113
5033.279724,2599441236,2599442344,15821,1108
5033.291741,2599450044,2599451151,15630,1107
5033.303773,2599458870,2599459947,15808,1077
5033.315791,2599467674,2599468782,15963,1108
5033.327810,2599476457,2599477555,15629,1098
5033.339839,2599485298,2599486408,15954,1110
5033.351859,2599494124,2599495234,16047,1110
5033.363878,2599502939,2599504042,15668,1103
5033.384925,2599518411,2599519524,16044,1113
5033.396946,2599527266,2599528370,16051,1104
5033.411976,2599538330,2599539440,15952,1110
5033.423999,2599547171,2599548286,16032,1115
5033.436015,2599555986,2599557096,15632,1110
5033.448047,2599564838,2599565942,15976,1104
5033.460065,2599573649,2599574758,15970,1109
5033.472087,2599582458,2599583567,15946,1109
5033.484114,2599591288,2599592397,16034,1109
5033.496134,2599600136,2599601249,16046,1113
5033.508149,2599608964,2599610071,15668,1107
5033.520185,2599617799,2599618902,15997,1103
5033.538216,2599631048,2599632153,15948,1105
5033.550237,2599639879,2599640983,15967,1104
5033.625376,2599694982,2599696085,15626,1103
5033.637405,2599703804,2599704916,15951,1112
5033.649425,2599712645,2599713751,15962,1106
5033.661448,2599721588,2599722695,15639,1107
5033.673478,2599730448,2599731554,15962,1106
5033.727581,2599770181,2599771286,16043,1105
5033.739597,2599779040,2599780158,16006,1118
5033.751616,2599787853,2599788963,15636,1110
5033.763645,2599796668,2599797772,15952,1104
5033.781680,2599809912,2599811018,15954,1106
5033.792193,2599817868,2599818976,15626,1108
5033.804222,2599826721,2599827828,15952,1107
5033.816242,2599835560,2599836669,15856,1109
5033.828261,2599844380,2599845487,15592,1107
5033.840291,2599853227,2599854330,15953,1103
5033.852311,2599862053,2599863162,15967,1109
5033.864338,2599870877,2599871985,15711,1108
5033.897397,2599895154,2599896267,15968,1113
5033.909416,2599903978,2599905088,15626,1110
5033.927450,2599917268,2599918378,15592,1110
5033.939479,2599926102,2599927210,16033,1108
5033.957513,2599939340,2599940449,15946,1109
5033.969537,2599948189,2599949302,16036,1113
5034.047685,2600005564,2600006670,15951,1106
5034.059705,2600014401,2600015505,16044,1104
5034.072738,2600025555,2600026663,15903,1108
5034.149878,2600080678,2600081791,15966,1113
5034.161904,2600089534,2600090641,15675,1107
5034.185945,2600107171,2600108284,15924,1113
5034.197964,2600115985,2600117090,15634,1105
5034.212997,2600127020,2600128133,15944,1113
5034.225016,2600135860,2600136962,15627,1102
5034.253079,2600157895,2600159004,16025,1109
5034.270104,2600168936,2600170044,15706,1108
5034.282131,2600177753,2600178867,15947,1114
5034.357272,2600232981,2600234080,15934,1099
5034.369290,2600241773,2600242874,15629,1101
5034.408371,2600270434,2600271537,15946,1103
5034.420393,2600279300,2600280412,15934,1112
5034.441427,2600294719,2600295825,15626,1106
5034.453456,2600303541,2600304648,15943,1107
5034.465480,2600312363,2600313462,15949,1099
5034.477499,2600321261,2600322370,15811,1109
5034.489525,2600330088,2600331201,15941,1113
5034.567668,2600387417,2600388520,15629,1103
5034.579697,2600396239,2600397353,15949,1114
5034.591717,2600405078,2600406184,15969,1106
5034.603733,2600413887,2600414988,15625,1101
5034.621771,2600427141,2600428253,15597,1112
5034.633800,2600435976,2600437088,15959,1112
5034.672872,2600464689,2600465794,16047,1105
5034.684896,2600473528,2600474640,15806,1112
5034.729976,2600506628,2600507738,15626,1110
5034.742006,2600515475,2600516579,15950,1104
5034.754028,2600524327,2600525444,15937,1117
5034.766045,2600533174,2600534281,15593,1107
5034.781078,2600544227,2600545333,15965,1106
5034.793096,2600553056,2600554158,15592,1102
5034.880266,2600617036,2600618142,15961,1106
5034.893792,2600627146,2600628245,16014,1099
5034.908826,2600638188,2600639297,16000,1109
5034.920843,2600647012,2600648127,16094,1115
5034.953908,2600671244,2600672353,16050,1109
5034.965930,2600680104,2600681204,16019,1100
5034.984973,2600695494,2600696600,15717,1106
5035.086154,2600768352,2600769461,15705,1109
5035.098189,2600777246,2600778355,15965,1109
5035.113205,2600788288,2600789394,15585,1106
5035.125234,2600797096,2600798210,15907,1114
5035.137255,2600805921,2600807035,15968,1114
5035.152288,2600816943,2600818016,15802,1073
5035.192367,2600847807,2600848904,15623,1097
5035.209395,2600858841,2600859949,15955,1108
5035.221411,2600867680,2600868781,15593,1101
5035.233440,2600876511,2600877619,15958,1108
5035.257482,2600894183,2600895288,15831,1105
5035.269509,2600903009,2600904110,16034,1101
5035.284531,2600914031,2600915134,15630,1103
5035.296560,2600922853,2600923964,15960,1111
5035.308584,2600932060,2600933174,15953,1114
5035.322106,2600942235,2600943345,15876,1110
5035.415280,2601010580,2601011687,15591,1107
5035.427309,2601019422,2601020528,15949,1106
5035.439329,2601028230,2601029336,15968,1106
5035.460369,2601043654,2601044764,15722,1110
5035.472394,2601052479,2601053585,16035,1106
5035.505454,2601076757,2601077867,15910,1110
5035.517486,2601085619,2601086730,15966,1111
5035.628689,2601167226,2601168329,15963,1103
5035.640708,2601176039,2601177155,15622,1116
5035.715858,2601231815,2601232924,15958,1109
5035.727878,2601240673,2601241781,15919,1108
5035.739897,2601249509,2601250611,15700,1102
5035.818050,2601306926,2601308029,15963,1103
5035.830069,2601315744,2601316851,15627,1107
5035.908219,2601373224,2601374333,15884,1109
5035.920244,2601382033,2601383144,15723,1111
5035.932269,2601390897,2601392006,15868,1109
5035.944289,2601399732,2601400827,15960,1095
5035.956308,2601408528,2601409629,15548,1101
5035.968338,2601417359,2601418476,15968,1117
5036.037463,2601468137,2601469243,15625,1106
5036.049495,2601476993,2601478099,15953,1106
5036.124632,2601532151,2601533269,15920,1118
5036.136652,2601540966,2601542077,15625,1111
5036.160702,2601558639,2601559739,16049,1100
5036.172720,2601567459,2601568571,15672,1112
5036.232838,2601611592,2601612698,16044,1106
5036.244865,2601620379,2601621487,15709,1108
5036.256886,2601629190,2601630304,15947,1114
5036.268908,2601638062,2601639167,15940,1105
5036.332023,2601684467,2601685575,15885,1108
5036.344056,2601693342,2601694452,15889,1110
5036.362081,2601706614,2601707717,15591,1103
5036.374109,2601715431,2601716530,15949,1099
5036.386126,2601724249,2601725363,15936,1114
5036.398155,2601730437,2601731087,13621,650
5036.412331,2601736097,2601736710,12038,613
5036.425203,2601742167,2601743324,16052,1157
5036.437233,2601751466,2601752598,16314,1132
5036.458267,2601767819,2601768983,16380,1164
5036.470286,2601777188,2601778349,16112,1161
5036.485319,2601788968,2601790135,16375,1167
5036.497342,2601798368,2601799558,16248,1190
5036.512370,2601810243,2601811432,16372,1189
5036.524388,2601819682,2601820873,16031,1191
5036.536418,2601829175,2601830374,16357,1199
5036.548440,2601838675,2601839864,16368,1189
5036.593524,2601874029,2601875222,16260,1193
5036.605543,2601883547,2601884737,15997,1190
5036.656644,2601923847,2601925011,16377,1164
5036.668663,2601933271,2601934465,16109,1194
5036.683696,2601945145,2601946335,16379,1190
5036.695717,2601954649,2601955837,16237,1188
5036.707748,2601964172,2601965365,16453,1193
5036.719764,2601973677,2601974870,16375,1193
5036.731783,2601983131,2601984323,16034,1192
5036.743815,2601992637,2601993829,16412,1192
5036.755834,2602002195,2602003388,16336,1193
5036.767852,2602011651,2602012846,16109,1195
5036.779885,2602021189,2602022378,16373,1189
5036.791901,2602030731,2602031920,16334,1189
5036.803921,2602040240,2602041436,16000,1196
5036.815951,2602050512,2602051705,16423,1193
5036.839997,2602069497,2602070668,16122,1171
5036.852018,2602078975,2602080172,16443,1197
5036.864039,2602088487,2602089651,16460,1164
5036.876057,2602097945,2602099136,16109,1191
5036.894095,2602112227,2602113420,16239,1193
5036.904331,2602119126,2602120035,15326,909
5036.916635,2602127792,2602128894,15601,1102
5036.928664,2602136650,2602137755,15952,1105
5036.940685,2602145491,2602146600,15859,1109
5036.952703,2602154360,2602155477,15598,1117
5036.964737,2602163275,2602164382,15874,1107
5036.976753,2602172141,2602173250,15968,1109
5036.988780,2602180957,2602182063,15713,1106
5037.000801,2602189799,2602190910,15940,1111
5037.012821,2602198647,2602199756,15925,1109
5037.024844,2602207482,2602208590,15830,1108
5037.036869,2602216344,2602217453,15943,1109
5037.048892,2602225243,2602226361,15934,1118
5037.075942,2602245099,2602246213,15968,1114
5037.087969,2602253976,2602255083,15603,1107
5037.099994,2602262858,2602263966,15959,1108
5037.112010,2602271710,2602272819,15965,1109
5037.124029,2602280526,2602281623,15634,1097
5037.137059,2602291585,2602292699,15854,1114
5037.157096,2602304867,2602305973,15970,1106
5037.169115,2602313750,2602314858,15709,1108
5037.181144,2602322582,2602323685,15953,1103
5037.193167,2602331433,2602332542,15956,1109
5037.205183,2602340229,2602341325,15628,1096
5037.217212,2602349049,2602350148,16026,1099
5037.229233,2602357884,2602358988,15966,1104
5037.241255,2602366735,2602367848,15829,1113
5037.253281,2602375568,2602376686,15945,1118
5037.265302,2602384423,2602385527,15921,1104
5037.277320,2602393232,2602394335,15589,1103
5037.289352,2602402062,2602403171,15989,1109
5037.319404,2602424201,2602425313,16023,1112
5037.331424,2602433002,2602434103,15634,1101
5037.349458,2602446274,2602447381,15593,1107
5037.361489,2602455124,2602456227,15968,1103
5037.380527,2602470620,2602471728,15958,1108
5037.421598,2602499321,2602500430,15836,1109
5037.433624,2602508155,2602509257,15948,1102
5037.457664,2602525837,2602526939,15634,1102
5037.469693,2602534674,2602535792,15976,1118
5037.484723,2602545707,2602546811,15712,1104
5037.496748,2602554532,2602555611,15906,1079
5037.511766,2602565527,2602566630,15628,1103
5037.523795,2602574356,2602575469,15947,1113
5037.535816,2602583192,2602584308,15855,1116
5037.547835,2602592041,2602593149,15521,1108
5037.559864,2602600896,2602602002,15948,1106
5037.571887,2602609744,2602610859,15917,1115
5037.583912,2602618596,2602619696,15653,1100
5037.595933,2602627433,2602628544,15946,1111
5037.607954,2602636284,2602637399,15967,1115
5037.619972,2602645085,2602646187,15629,1102
5037.633003,2602656156,2602657267,15854,1111
5037.653039,2602669451,2602670564,15923,1113
5037.665058,2602678266,2602679378,15632,1112
5037.689111,2602695939,2602697046,16007,1107
5037.701127,2602704768,2602705873,15601,1105
5037.713155,2602713583,2602714691,15943,1108
5037.725176,2602722428,2602723537,15972,1109
5037.737198,2602731271,2602732379,15829,1108
5037.749224,2602740104,2602741205,15948,1101
5037.770262,2602755568,2602756681,16045,1113
5037.782291,2602764430,2602765535,15906,1105
5037.797313,2602775508,2602776614,15963,1106
5037.809332,2602784323,2602785428,15635,1105
5037.833382,2602801966,2602803073,15852,1107
5037.845401,2602810817,2602811922,15598,1105
5037.857434,2602819733,2602820850,15905,1117
5037.884484,2602839779,2602840891,15910,1112
5037.896509,2602848692,2602849806,15991,1114
5037.908526,2602857604,2602858717,15821,1113
5037.948603,2602888685,2602889798,15968,1113
5037.977656,2602908564,2602909677,15964,1113
5037.989674,2602917391,2602918493,15594,1102
5038.001704,2602926223,2602927335,15967,1112
5038.013725,2602935065,2602936176,15968,1111
5038.025744,2602943871,2602944974,15631,1103
5038.037777,2602952722,2602953831,15962,1109
5038.049794,2602961576,2602962683,15968,1107
5038.067829,2602974833,2602975938,15969,1105
5038.079851,2602983674,2602984784,15644,1110
5038.097881,2602996914,2602998017,15632,1103
5038.109914,2603005775,2603006889,16046,1114
5038.121932,2603014650,2603015754,15992,1104
5038.133952,2603023490,2603024596,15834,1106
5038.145978,2603032338,2603033445,15947,1107
5038.161001,2603043362,2603044469,15626,1107
5038.173034,2603052247,2603053355,15959,1108
5038.188053,2603063287,2603064391,15635,1104
5038.200082,2603072150,2603073263,15948,1113
5038.212103,2603081000,2603082112,15920,1112
5038.224124,2603089841,2603090947,15831,1106
5038.236154,2603098712,2603099821,15941,1109
5038.260190,2603116356,2603117467,15707,1111
5038.272219,2603125209,2603126318,16028,1109
5038.284242,2603134047,2603135152,15949,1105
5038.296258,2603142869,2603143979,15632,1110
5038.308287,2603151715,2603152821,15947,1106
5038.320310,2603160926,2603162032,15963,1106
5038.344358,2603178651,2603179757,16048,1106
5038.356377,2603187525,2603188635,16048,1110
5038.368395,2603196332,2603197439,15632,1107
5038.380427,2603205195,2603206303,15995,1108
5038.392445,2603214032,2603215144,15964,1112
5038.404464,2603222874,2603223979,15635,1105
5038.416493,2603231710,2603232821,15859,1111
5038.473598,2603273761,2603274874,15878,1113
5038.488630,2603284781,2603285889,15940,1108
5038.500647,2603293621,2603294734,15885,1113
5038.512670,2603302444,2603303551,15653,1107
5038.524699,2603311288,2603312397,15944,1109
5038.536721,2603320145,2603321253,16017,1108
5038.548738,2603328954,2603330052,15631,1098
5038.560768,2603337800,2603338918,15957,1118
5038.576802,2603351045,2603352158,16116,1113
5038.593824,2603362086,2603363194,15707,1108
5038.608858,2603373197,2603374301,15903,1104
5038.680997,2603426214,2603427320,15949,1106
5038.693013,2603435009,2603436110,15637,1101
5038.705042,2603443831,2603444937,15943,1106
5038.726080,2603459278,2603460384,15854,1106
5038.738101,2603468166,2603469279,15913,1113
5038.781195,2603501310,2603502419,15630,1109
5038.804230,2603516763,2603517872,15945,1109
5038.816252,2603525651,2603526763,15934,1112
5038.840303,2603543341,2603544450,15962,1109
5038.852321,2603552214,2603553323,15934,1109
5038.864336,2603561048,2603562151,15671,1103
5038.885387,2603576524,2603577633,15967,1109
5038.897407,2603585403,2603586516,15940,1113
5038.909424,2603594194,2603595297,15708,1103
5038.921454,2603603027,2603604128,16023,1101
5038.969543,2603638386,2603639492,15968,1106
5038.981565,2603647205,2603648302,15646,1097
5039.008613,2603667094,2603668195,15705,1101
5039.020642,2603675919,2603677028,15943,1109
5039.032665,2603684799,2603685915,15908,1116
5039.047694,2603695883,2603696986,15864,1103
5039.059714,2603704718,2603705827,15963,1109
5039.071741,2603713532,2603714642,15717,1110
5039.083764,2603722393,2603723471,15803,1078
5039.095784,2603731204,2603732307,15835,1103
5039.107802,2603740015,2603741118,15591,1103
5039.125841,2603753274,2603754387,15859,1113
5039.137865,2603762147,2603763262,15944,1115
5039.155900,2603775375,2603776481,15946,1106
5039.167920,2603784206,2603785312,15961,1106
5039.179939,2603793016,2603794118,15639,1102
5039.191968,2603801854,2603802962,15947,1108
5039.203991,2603810696,2603811800,16047,1104
5039.216007,2603819486,2603820591,15710,1105
5039.234042,2603832778,2603833885,15599,1107
5039.246071,2603841625,2603842735,15957,1110
5039.265107,2603857076,2603858193,16044,1117
5039.300173,2603881336,2603882446,15950,1110
5039.312195,2603890174,2603891283,16048,1109
5039.324216,2603899045,2603900148,15760,1103
5039.336242,2603907880,2603908995,16031,1115
5039.354277,2603921154,2603922264,15949,1110
5039.364326,2603930008,2603931114,16056,1106
5039.399363,2603954306,2603955415,15954,1109
5039.411383,2603963154,2603964263,16045,1109
5039.423407,2603972017,2603973125,15785,1108
5039.435431,2603980838,2603981944,16023,1106
5039.447448,2603989680,2603990793,15889,1113
5039.459474,2603998492,2603999601,15675,1109
5039.471502,2604007323,2604008431,16000,1108
5039.483517,2604016153,2604017271,15968,1118
5039.504556,2604031648,2604032746,15629,1098
5039.516587,2604040470,2604041575,16030,1105
5039.540625,2604058198,2604059301,15599,1103
5039.552655,2604067024,2604068128,15967,1104
5039.564674,2604075845,2604076948,16044,1103
5039.576693,2604084659,2604085766,15710,1107
5039.615774,2604113381,2604114484,16025,1103
5039.627798,2604122283,2604123386,15933,1103
5039.639813,2604131083,2604132189,15631,1106
5039.651842,2604139912,2604141021,15947,1109
5039.663863,2604148744,2604149861,15999,1117
5039.717967,2604188514,2604189623,15864,1109
5039.729985,2604197372,2604198475,15601,1103
5039.769068,2604226081,2604227184,16070,1103
5039.781086,2604234901,2604236005,15969,1104
5039.820159,2604263666,2604264770,15827,1104
5039.832187,2604272524,2604273631,16044,1107
5039.844208,2604281806,2604282919,15940,1113
5039.856225,2604290677,2604291781,15675,1104
5039.868257,2604299525,2604300639,16076,1114
5039.886289,2604312774,2604313880,15951,1106
5039.907322,2604328244,2604329350,15796,1106
5039.931374,2604345920,2604347026,15950,1106
5039.943395,2604354782,2604355890,15879,1108
5039.955414,2604363592,2604364699,15635,1107
5039.967445,2604372414,2604373523,15992,1109
5039.979464,2604381271,2604382375,15882,1104
5039.991482,2604390094,2604391197,15605,1103
5040.003511,2604398907,2604400020,15956,1113
5040.015532,2604407785,2604408897,15883,1112
5040.027552,2604416623,2604417728,15684,1105
5040.039584,2604425508,2604426617,16040,1109
5040.051601,2604434378,2604435486,15967,1108
5040.063627,2604443196,2604444306,15791,1110
5040.075648,2604452055,2604453163,16026,1108
5040.087670,2604460919,2604462028,16016,1109
5040.099688,2604469705,2604470817,15629,1112
5040.111719,2604478551,2604479657,15973,1106
5040.123737,2604487416,2604488528,15792,1112
5040.135757,2604496204,2604497306,15632,1102
5040.147786,2604505029,2604506129,15949,1100
5040.159806,2604513871,2604514980,15961,1109
5040.171825,2604522694,2604523803,15552,1109
5040.183854,2604531554,2604532663,15903,1109
5040.195875,2604540388,2604541497,15875,1109
5040.207894,2604549227,2604550339,15594,1112
5040.225928,2604562504,2604563607,15594,1103
5040.237957,2604571333,2604572442,15901,1109
5040.252985,2604582447,2604583550,15859,1103
5040.265012,2604591294,2604592406,15993,1112
5040.289048,2604608944,2604610047,15707,1103
5040.301077,2604617757,2604618857,15947,1100
5040.325117,2604635448,2604636548,15591,1100
5040.337146,2604644307,2604645416,15950,1109
5040.349167,2604653133,2604654241,15967,1108
5040.361194,2604661915,2604663022,15725,1107
5040.403269,2604692819,2604693924,15963,1105
5040.415291,2604701638,2604702751,15832,1113
5040.427320,2604710463,2604711543,15804,1080
5040.439338,2604719258,2604720361,15969,1103
5040.451357,2604728079,2604729186,15630,1107
5040.463389,2604736919,2604738024,15994,1105
5040.475408,2604745819,2604746930,15892,1111
5040.487429,2604754668,2604755772,15834,1104
5040.499454,2604763491,2604764606,16029,1115
5040.511475,2604772335,2604773449,15857,1114
5040.523494,2604781179,2604782286,15677,1107
5040.535523,2604790020,2604791134,16033,1114
5040.547544,2604798870,2604799964,15968,1094
5040.559570,2604807680,2604808786,15715,1106
5040.571596,2604816517,2604817617,15968,1100
5040.583613,2604825368,2604826472,15974,1104
5040.595632,2604834198,2604835305,15608,1107
5040.607664,2604843255,2604844369,15985,1114
5040.619682,2604852141,2604853250,15931,1109
5040.631700,2604860937,2604862041,15707,1104
5040.643731,2604869777,2604870881,15971,1104
5040.655750,2604878606,2604879707,15961,1101
5040.667769,2604887393,2604888496,15627,1103
5040.679798,2604896214,2604897318,15952,1104
5040.691818,2604905053,2604906161,15961,1108
5040.703837,2604913863,2604914967,15705,1104
5040.715872,2604922746,2604923825,15815,1079
5040.727887,2604931539,2604932650,15969,1111
5040.739906,2604940355,2604941462,15627,1107
5040.760955,2604955823,2604956929,16000,1106
5040.772973,2604964642,2604965748,15968,1106
5040.784991,2604973428,2604974535,15630,1107
5040.797025,2604982292,2604983400,15968,1108
5040.854127,2605024249,2605025362,15971,1113
5040.866145,2605033127,2605034238,15606,1111
5040.887191,2605048575,2605049679,15933,1104
5040.902214,2605059582,2605060685,15605,1103
5040.917248,2605070649,2605071749,15928,1100
5040.989383,2605123620,2605124732,16043,1112
5041.001405,2605132447,2605133556,15841,1109
5041.031466,2605154519,2605155627,16052,1108
5041.043487,2605163364,2605164468,16049,1104
5041.055513,2605172173,2605173279,15764,1106
5041.067539,2605181053,2605182162,15954,1109
5041.079552,2605189873,2605190977,15797,1104
5041.091575,2605198683,2605199790,15627,1107
5041.103603,2605207543,2605208656,16032,1113
5041.115625,2605216424,2605217535,15931,1111
5041.127643,2605225207,2605226314,15629,1107
5041.139674,2605234028,2605235143,15976,1115
5041.157710,2605247256,2605248371,15991,1115
5041.169727,2605256095,2605257209,15967,1114
5041.193775,2605273703,2605274816,15948,1113
5041.205796,2605282577,2605283687,15847,1110
5041.259901,2605322330,2605323434,15953,1104
5041.283946,2605339996,2605341102,15948,1106
5041.295967,2605348818,2605349919,16009,1101
5041.307991,2605357656,2605358773,15826,1117
5041.320015,2605366523,2605367632,15954,1109
5041.332036,2605375362,2605376471,16006,1109
5041.348563,2605387731,2605388843,15675,1112
5041.362089,2605397925,2605399026,15673,1101
5041.407180,2605431036,2605432145,15841,1109
5041.422207,2605442093,2605443211,15964,1118
5041.467293,2605475182,2605476288,15964,1106
5041.479312,2605484055,2605485153,15630,1098
5041.491341,2605492882,2605493995,15945,1113
5041.509381,2605506159,2605507265,15975,1106
5041.521396,2605515007,2605516118,15877,1111
5041.608568,2605578977,2605580086,15956,1109
5041.620584,2605587814,2605588914,16046,1100
5041.671684,2605625338,2605626447,16032,1109
5041.683706,2605634217,2605635327,15932,1110
5041.695724,2605643032,2605644142,15629,1110
5041.707757,2605651896,2605653010,15965,1114
5041.719775,2605660748,2605661852,15969,1104
5041.731792,2605669572,2605670680,15593,1108
5041.743821,2605678411,2605679517,15953,1106
5041.761855,2605691644,2605692747,15945,1103
5041.773876,2605700467,2605701571,15922,1104
5041.816960,2605733569,2605734673,15958,1104
5041.833993,2605744580,2605745689,15955,1109
5041.864048,2605766644,2605767748,15966,1104
5041.876066,2605775445,2605776552,15630,1107
5041.897113,2605790907,2605792010,15946,1103
5041.909134,2605799797,2605800901,15933,1104
5041.924165,2605810815,2605811920,15952,1105
5041.936184,2605819650,2605820758,15877,1108
5041.948212,2605828462,2605829571,15714,1109
5041.966238,2605841703,2605842810,15627,1107
5041.978267,2605850516,2605851622,15951,1106
5042.023352,2605883553,2605884661,15948,1108
5042.035373,2605892411,2605893520,15918,1109
5042.047400,2605901220,2605902324,15790,1104
5042.065430,2605914455,2605915565,15664,1110
5042.077461,2605923292,2605924372,15842,1080
5042.119529,2605954201,2605955313,15628,1112
5042.131559,2605963035,2605964140,15956,1105
5042.143579,2605971873,2605972985,15966,1112
5042.155601,2605980692,2605981798,15826,1106
5042.176644,2605996176,2605997280,15969,1104
5042.188665,2606005011,2606006124,15973,1113
5042.236752,2606040344,2606041444,15704,1100
5042.248785,2606049180,2606050294,16090,1114
5042.260802,2606058029,2606059129,15966,1100
5042.272821,2606066833,2606067935,15709,1102
5042.284850,2606075666,2606076772,16026,1106
5042.299878,2606086737,2606087841,15827,1104
5042.311905,2606095591,2606096700,15879,1109
5042.323923,2606104446,2606105551,15938,1105
5042.335941,2606113252,2606114359,15706,1107
5042.347973,2606122111,2606123226,15975,1115
5042.359990,2606130965,2606132078,16004,1113
5042.372009,2606139793,2606140903,15627,1110
5042.384039,2606148638,2606149744,15945,1106
5042.405078,2606164125,2606165231,15933,1106
5042.417095,2606172906,2606174017,15629,1111
5042.444154,2606192768,2606193870,15711,1102
5042.456176,2606201570,2606202679,15949,1109
5042.468196,2606210399,2606211507,15921,1108
5042.480216,2606219206,2606220307,15706,1101
5042.492244,2606228032,2606229144,16038,1112
5042.504266,2606236914,2606238027,15934,1113
5042.516284,2606245701,2606246804,15708,1103
5042.528315,2606254522,2606255600,15814,1078
5042.540334,2606263323,2606264432,15971,1109
5042.564382,2606280935,2606282049,16036,1114
5042.579404,2606291950,2606293061,15631,1111
5042.633507,2606331702,2606332809,15629,1107
5042.645539,2606340536,2606341636,15997,1100
5042.657556,2606349360,2606350463,15965,1103
5042.696629,2606377986,2606379090,15811,1104
5042.708656,2606386833,2606387944,15953,1111
5042.729694,2606402268,2606403374,15923,1106
5042.741721,2606411062,2606412168,15712,1106
5042.753744,2606419897,2606420972,15804,1075
5042.768764,2606430895,2606432007,15628,1112
5042.780793,2606439736,2606440842,15949,1106
5042.855934,2606494883,2606495991,16042,1108
5042.867960,2606504136,2606505253,15864,1117
5042.879983,2606513031,2606514144,15960,1113
5042.892002,2606521961,2606523078,15843,1117
5042.904021,2606530846,2606531957,15602,1111
5042.922055,2606544166,2606545281,15632,1115
5042.934084,2606553035,2606554144,15951,1109
5042.946108,2606561855,2606562971,15950,1116
5042.973158,2606581751,2606582861,15936,1110
5042.988188,2606592811,2606593925,15949,1114
5043.048306,2606637334,2606638448,15910,1114
5043.060329,2606646212,2606647323,15962,1111
5043.072341,2606655043,2606656153,15892,1110
5043.108415,2606681609,2606682718,15936,1109
5043.123445,2606692628,2606693737,15945,1109
5043.135467,2606701505,2606702619,15844,1114
5043.147488,2606710320,2606711437,15586,1117
5043.159513,2606719160,2606720268,15861,1108
5043.171534,2606727995,2606729104,15965,1109
5043.183556,2606736841,2606737944,15804,1103
5043.201587,2606750093,2606751191,15594,1098
5043.213619,2606758898,2606759981,15885,1083
5043.240671,2606778722,2606779826,15998,1104
5043.252689,2606787543,2606788652,15975,1109
5043.267720,2606798590,2606799700,16035,1110
5043.279739,2606807439,2606808543,15968,1104
5043.291761,2606816286,2606817396,15831,1110
5043.303788,2606825113,2606826217,15947,1104
5043.315808,2606833956,2606835062,15962,1106
5043.327827,2606842767,2606843865,15631,1098
5043.339859,2606851623,2606852734,15967,1111
5043.351877,2606860458,2606861571,15928,1113
5043.363896,2606869264,2606870373,15710,1109
5043.375925,2606878094,2606879194,16036,1100
5043.387945,2606886907,2606888012,15939,1105
5043.399964,2606895763,2606896870,15598,1107
5043.411993,2606904595,2606905704,15948,1109
5043.424014,2606913431,2606914537,15970,1106
5043.436041,2606922222,2606923329,15714,1107
5043.448062,2606931042,2606932152,15949,1110
5043.460082,2606939867,2606940980,15963,1113
5043.472101,2606948680,2606949782,15630,1102
5043.484131,2606957508,2606958618,15949,1110
5043.496153,2606966361,2606967465,15935,1104
5043.514185,2606979572,2606980679,15960,1107
5043.526204,2606988380,2606989486,15629,1106
5043.550254,2607006066,2607007172,15962,1106
5043.562273,2607014869,2607015972,15590,1103
5043.604357,2607045791,2607046895,15966,1104
5043.616380,2607054642,2607055749,15634,1107
5043.655459,2607083327,2607084433,16055,1106
5043.667477,2607092155,2607093258,16045,1103
5043.679499,2607100966,2607102074,15834,1108
5043.691529,2607109818,2607110924,15955,1106
5043.703546,2607118654,2607119763,15970,1109
5043.715567,2607127489,2607128594,15898,1105
5043.736614,2607142933,2607144037,16036,1104
5043.748633,2607151777,2607152888,15878,1111
5043.760650,2607160575,2607161672,15549,1097
5043.811751,2607198163,2607199270,15918,1107
5043.823771,2607206984,2607208089,15550,1105
5043.841805,2607220216,2607221317,15625,1101
5043.853834,2607229024,2607230129,15958,1105
5043.880885,2607248870,2607249976,15956,1106
5043.895908,2607259925,2607261034,15673,1109
5043.907941,2607268791,2607269895,16051,1104
5043.950011,2607299638,2607300745,15706,1107
5043.962039,2607308470,2607309578,15955,1108
5043.974060,2607317283,2607318396,15975,1113
5044.010128,2607343808,2607344907,16043,1099
5044.040182,2607365877,2607366978,15591,1101
5044.052211,2607374698,2607375806,15971,1108
5044.064231,2607383521,2607384629,16051,1108
5044.082266,2607396768,2607397872,15933,1104
5044.121336,2607425461,2607426568,15702,1107
5044.133368,2607434287,2607435396,16000,1109
5044.157405,2607451926,2607453024,15626,1098
5044.169434,2607460760,2607461870,15951,1110
5044.223537,2607500469,2607501575,15954,1106
5044.235560,2607509338,2607510444,15993,1106
5044.259606,2607526952,2607528062,16032,1110
5044.331746,2607579858,2607580967,15998,1109
5044.343763,2607588685,2607589785,15977,1100
5044.355783,2607597482,2607598589,15633,1107
5044.367813,2607606336,2607607446,15969,1110
5044.381340,2607616476,2607617588,15991,1112
5044.424918,2607648864,2607649973,15961,1109
5044.436936,2607657678,2607658786,15627,1108
5044.521105,2607719413,2607720519,15973,1106
5044.533126,2607728216,2607729322,15905,1106
5044.545148,2607737030,2607738134,15857,1104
5044.560175,2607748074,2607749178,15893,1104
5044.581216,2607763582,2607764691,15876,1109
5044.593240,2607772408,2607773509,15995,1101
5044.605260,2607781235,2607782344,16048,1109
5044.648345,2607814328,2607815434,16050,1106
5044.680402,2607836454,2607837569,15834,1115
5044.692431,2607845308,2607846385,15888,1077
5044.743520,2607882741,2607883843,15708,1102
5044.755551,2607891584,2607892693,15952,1109
5044.767570,2607900449,2607901562,15909,1113
5044.779591,2607909301,2607910407,15827,1106
5044.852737,2607964481,2607965590,15952,1109
5044.905831,2608002040,2608003143,15824,1103
5044.917857,2608010875,2608011984,15993,1109
5044.929881,2608019712,2608020820,15951,1108
5044.956929,2608039556,2608040665,16046,1109
5044.968948,2608048374,2608049486,15665,1112
5044.980980,2608057267,2608058379,15923,1112
5044.992998,2608066144,2608067248,15880,1104
5045.057128,2608114698,2608115800,15625,1102
5045.098200,2608143396,2608144504,15949,1108
5045.110221,2608152231,2608153333,15966,1102
5045.161322,2608189698,2608190810,15974,1112
5045.173341,2608198546,2608199655,15854,1109
5045.191376,2608211838,2608212937,15939,1099
5045.203394,2608220622,2608221723,15626,1101
5045.215423,2608229433,2608230544,15954,1111
5045.227446,2608238255,2608239358,15997,1103
5045.239463,2608247048,2608248156,15680,1108
5045.257497,2608260317,2608261424,15593,1107
5045.269526,2608269158,2608270272,15955,1114
5045.380737,2608350913,2608352022,15940,1109
5045.395766,2608361969,2608363083,15949,1114
5045.449869,2608401707,2608402812,15955,1105
5045.461889,2608410533,2608411642,16045,1109
5045.473911,2608419358,2608420464,15866,1106
5045.485938,2608428202,2608429302,16032,1100
5045.497958,2608437005,2608438112,15970,1107
5045.546046,2608472267,2608473375,15626,1108
5045.558079,2608481144,2608482249,15964,1105
5045.570095,2608489956,2608491072,15848,1116
5045.588128,2608503294,2608504412,15881,1118
5045.600145,2608512135,2608513242,15510,1107
5045.618196,2608522726,2608523397,13873,671
5045.632334,2608528505,2608529119,12098,614
5045.645235,2608534541,2608535645,15631,1104
5045.657263,2608543341,2608544445,15950,1104
5045.669284,2608552157,2608553257,15853,1100
5045.681306,2608561022,2608562126,15832,1104
5045.693331,2608569846,2608570957,16018,1111
5045.708354,2608580868,2608581970,15627,1102
5045.723390,2608591916,2608593020,15943,1104
5045.735408,2608600712,2608601817,15548,1105
5045.747434,2608609540,2608610646,15949,1106
5045.759455,2608618359,2608619453,15921,1094
5045.771480,2608627194,2608628312,15856,1118
5045.783509,2608636065,2608637139,15884,1074
5045.795525,2608644904,2608646009,15951,1105
5045.807543,2608653712,2608654817,15626,1105
5045.819575,2608662528,2608663637,16000,1109
5045.831593,2608671349,2608672460,15969,1111
5045.843611,2608680161,2608681269,15630,1108
5045.855640,2608689016,2608690127,15857,1111
5045.867661,2608697852,2608698961,15767,1109
5045.879680,2608706675,2608707786,15516,1111
5045.890206,2608714601,2608715709,15941,1108
5045.902226,2608723463,2608724568,15638,1105
5045.914252,2608732298,2608733412,15945,1114
5045.929275,2608743369,2608744481,15599,1112
5045.947309,2608756619,2608757728,15635,1109
5045.959338,2608765453,2608766562,15945,1109
5045.971361,2608774306,2608775413,15952,1107
5045.983377,2608783114,2608784219,15556,1105
5045.995406,2608791945,2608793060,15946,1115
5046.007428,2608800841,2608801945,15933,1104
5046.019449,2608809675,2608810780,15746,1105
5046.031475,2608818508,2608819615,15942,1107
5046.043495,2608827339,2608828447,15880,1108
5046.055517,2608836140,2608837247,15635,1107
5046.067546,2608844987,2608846093,15991,1106
5046.079564,2608853828,2608854941,15964,1113
5046.091583,2608862659,2608863764,15635,1105
5046.103612,2608871474,2608872578,15900,1104
5046.115633,2608880313,2608881420,15857,1107
5046.129158,2608888865,2608889974,15808,1109
5046.141177,2608897675,2608898782,15628,1107
5046.153206,2608906500,2608907605,15942,1105
5046.165227,2608915331,2608916440,15857,1109
5046.177246,2608924165,2608925275,15600,1110
5046.189279,2608933038,2608934144,15961,1106
5046.201296,2608941859,2608942963,15961,1104
5046.213325,2608950753,2608951859,15906,1106
5046.225344,2608959577,2608960678,15948,1101
5046.237364,2608968395,2608969501,15973,1106
5046.249387,2608977250,2608978353,15640,1103
5046.261412,2608986077,2608987191,15947,1114
5046.273434,2608994958,2608996071,15950,1113
5046.292477,2609010393,2609011506,15821,1113
5046.304500,2609019272,2609020377,15962,1105
5046.327535,2609034738,2609035843,15956,1105
5046.339555,2609043540,2609044647,15593,1107
5046.351583,2609052354,2609053468,15947,1114
5046.364614,2609063410,2609064519,15853,1109
5046.393657,2609083283,2609084389,15666,1106
5046.405686,2609092082,2609093191,15950,1109
5046.432738,2609111981,2609113090,15944,1109
5046.447763,2609123028,2609124142,15822,1114
5046.459791,2609131862,2609132938,15718,1076
5046.471813,2609140695,2609141804,15928,1109
5046.483829,2609149508,2609150611,15714,1103
5046.495858,2609158315,2609159430,15957,1115
5046.507878,2609167141,2609168246,15967,1105
5046.519898,2609175949,2609177061,15629,1112
5046.531926,2609184779,2609185894,15944,1115
5046.543947,2609193592,2609194704,15881,1112
5046.555966,2609202395,2609203502,15631,1107
5046.567999,2609211277,2609212386,15960,1109
5046.580018,2609220125,2609221231,15874,1106
5046.592038,2609228976,2609230075,15827,1099
5046.604067,2609237787,2609238893,16081,1106
5046.616086,2609246626,2609247737,16046,1111
5046.628103,2609255439,2609256544,15634,1105
5046.640132,2609264281,2609265390,15946,1109
5046.652153,2609273109,2609274219,16047,1110
5046.664175,2609281939,2609283045,15833,1106
5046.676205,2609290787,2609291900,15872,1113
5046.688222,2609299633,2609300739,15963,1106
5046.700244,2609308446,2609309553,15646,1107
5046.712272,2609317288,2609318393,15943,1105
5046.724290,2609326122,2609327230,15964,1108
5046.736312,2609334919,2609335995,15814,1076
5046.751338,2609345918,2609347027,15890,1109
5046.763363,2609354772,2609355881,15838,1109
5046.775389,2609363620,2609364727,15946,1107
5046.787412,2609372483,2609373591,15930,1108
5046.799429,2609381287,2609382390,15706,1103
5046.811461,2609390130,2609391238,16072,1108
5046.823479,2609398965,2609400075,16046,1110
5046.835498,2609407781,2609408879,15631,1098
5046.847526,2609416600,2609417713,16022,1113
5046.859547,2609425443,2609426555,15854,1112
5046.871566,2609434273,2609435375,15521,1102
5046.883598,2609443091,2609444165,15801,1074
5046.895617,2609451899,2609453007,15907,1108
5046.907643,2609460715,2609461812,15718,1097
5046.919664,2609469536,2609470645,15948,1109
5046.931684,2609478379,2609479492,15973,1113
5046.943703,2609487182,2609488287,15629,1105
5046.955732,2609496018,2609497122,16028,1104
5046.967755,2609504868,2609505977,16014,1109
5046.979772,2609513684,2609514798,15707,1114
5046.991803,2609522519,2609523592,15798,1073
5047.003822,2609531297,2609532406,16053,1109
5047.015844,2609540107,2609541184,15858,1077
5047.027874,2609548929,2609550035,15907,1106
5047.039890,2609557758,2609558864,15964,1106
5047.057925,2609570988,2609572102,15855,1114
5047.069944,2609579835,2609580942,15600,1107
5047.093993,2609597481,2609598590,15960,1109
5047.106020,2609606312,2609607419,15712,1107
5047.145092,2609634958,2609636068,15946,1110
5047.157113,2609643804,2609644913,15858,1109
5047.197195,2609674723,2609675828,15973,1105
5047.226247,2609694535,2609695641,15945,1106
5047.238269,2609703387,2609704497,15927,1110
5047.268321,2609725449,2609726552,15602,1103
5047.280350,2609734285,2609735394,15852,1109
5047.292371,2609743099,2609744201,15882,1102
5047.304397,2609751927,2609753032,15714,1105
5047.316418,2609760763,2609761869,15940,1106
5047.340458,2609778375,2609779475,15635,1100
5047.352489,2609787221,2609788295,15715,1074
5047.367513,2609798192,2609799267,15857,1075
5047.397573,2609820177,2609821285,15941,1108
5047.412598,2609831614,2609832721,15547,1107
5047.424628,2609840489,2609841598,15963,1109
5047.439647,2609851536,2609852639,15710,1103
5047.451676,2609860374,2609861482,15949,1108
5047.463698,2609869243,2609870351,15932,1108
5047.475715,2609878054,2609879157,15551,1103
5047.487744,2609886867,2609887973,15944,1106
5047.499765,2609895690,2609896798,15965,1108
5047.511784,2609904491,2609905603,15551,1112
5047.523813,2609913348,2609914457,15858,1109
5047.535834,2609922199,2609923308,15974,1109
5047.547853,2609930988,2609932093,15631,1105
5047.559886,2609939853,2609940967,16034,1114
5047.592938,2609964173,2609965284,15710,1111
5047.604970,2609973056,2609974170,15956,1114
5047.616991,2609981905,2609983011,15949,1106
5047.629010,2609990740,2609991841,15828,1101
5047.645049,2610003967,2610005069,15704,1102
5047.710161,2610050352,2610051464,15637,1112
5047.752246,2610081245,2610082358,15855,1113
5047.764264,2610090099,2610091200,15598,1101
5047.776293,2610098924,2610100033,15947,1109
5047.821379,2610131993,2610133102,15939,1109
5047.833399,2610140825,2610141934,15960,1109
5047.845420,2610149641,2610150746,15632,1105
5047.857452,2610158502,2610159606,16044,1104
5047.908538,2610195998,2610197104,15671,1106
5047.920571,2610204895,2610206008,15906,1113
5047.935593,2610216025,2610217138,15851,1113
5047.947623,2610224930,2610226044,15902,1114
5047.959646,2610233837,2610234946,15990,1109
5047.971661,2610242732,2610243845,15835,1113
5047.983690,2610251645,2610252754,15905,1109
5048.001725,2610264860,2610265969,15986,1109
5048.013742,2610273701,2610274807,15961,1106
5048.032786,2610289183,2610290291,15826,1108
5048.044809,2610298021,2610299129,15937,1108
5048.061833,2610309111,2610310222,15828,1111
5048.073859,2610317950,2610319051,15945,1101
5048.136979,2610364280,2610365386,15950,1106
5048.149000,2610373121,2610374234,15858,1113
5048.161018,2610381958,2610383058,15596,1100
5048.237169,2610439243,2610440348,16038,1105
5048.266222,2610459116,2610460220,15961,1104
5048.278241,2610467912,2610469019,15626,1107
5048.344373,2610516478,2610517587,15944,1109
5048.356395,2610525340,2610526440,15889,1100
5048.392463,2610551763,2610552877,16047,1114
5048.404487,2610560605,2610561686,15869,1081
5048.444563,2610591529,2610592634,15857,1105
5048.461596,2610602598,2610603707,15850,1109
5048.473617,2610611424,2610612532,15958,1108
5048.509685,2610637922,2610639034,15962,1112
5048.521704,2610646716,2610647818,15634,1102
5048.551772,2610668804,2610669912,15967,1108
5048.563788,2610677632,2610678738,16045,1106
5048.581823,2610690873,2610691982,15964,1109
5048.593849,2610699669,2610700776,15710,1107
5048.617891,2610717330,2610718444,16044,1114
5048.629910,2610726129,2610727235,15632,1106
5048.656961,2610745997,2610747098,15597,1101
5048.668997,2610754899,2610756013,15894,1114
5048.738115,2610805600,2610806707,15707,1107
5048.750149,2610814465,2610815579,15915,1114
5048.765167,2610825521,2610826624,15593,1103
5048.777200,2610834373,2610835491,16043,1118
5048.789220,2610843230,2610844336,15865,1106
5048.852339,2610889610,2610890721,15935,1111
5048.864356,2610898414,2610899515,15629,1101
5048.876385,2610907463,2610908569,15950,1106
5048.903437,2610927309,2610928414,16023,1105
5048.915457,2610936130,2610937235,16009,1105
5048.927479,2610945367,2610946476,15910,1109
5048.939505,2610954224,2610955324,15936,1100
5048.951527,2610963084,2610964192,15932,1108
5048.963544,2610971899,2610973006,15546,1107
5048.975574,2610980726,2610981832,15851,1106
5048.987595,2610989573,2610990683,15971,1110
5048.999613,2610998390,2610999497,15630,1107
5049.011642,2611007219,2611008328,15848,1109
5049.023663,2611016054,2611017159,15963,1105
5049.041697,2611029275,2611030382,15897,1107
5049.053716,2611038116,2611039221,15559,1105
5049.071750,2611051339,2611052446,15625,1107
5049.083779,2611060181,2611061287,15939,1106
5049.095803,2611069018,2611070123,15960,1105
5049.107819,2611077811,2611078913,15628,1102
5049.119848,2611086634,2611087739,15946,1105
5049.131869,2611095459,2611096565,15969,1106
5049.143891,2611104279,2611105385,15828,1106
5049.155916,2611113106,2611114206,15944,1100
5049.191988,2611139539,2611140645,15993,1106
5049.204008,2611148392,2611149496,16018,1104
5049.216024,2611157183,2611158285,15631,1102
5049.228054,2611166010,2611167115,15851,1105
5049.240075,2611174870,2611175972,15849,1102
5049.252093,2611183698,2611184801,15598,1103
5049.270127,2611196938,2611198045,15631,1107
5049.288170,2611210165,2611211268,15709,1103
5049.300193,2611219002,2611220111,15961,1109
5049.312212,2611227841,2611228951,15960,1110
5049.324234,2611236644,2611237754,15650,1110
5049.336260,2611245462,2611246571,15950,1109
5049.348282,2611254325,2611255434,15938,1109
5049.360299,2611263139,2611264251,15670,1112
5049.381345,2611278598,2611279703,15941,1105
5049.393369,2611287430,2611288539,15952,1109
5049.405385,2611296257,2611297360,15630,1103
5049.417414,2611305102,2611306211,15898,1109
5049.441457,2611322746,2611323856,15826,1110
5049.453484,2611331585,2611332659,15795,1074
5049.471517,2611344728,2611345834,15944,1106
5049.483539,2611353556,2611354660,15962,1104
5049.495556,2611362335,2611363447,15543,1112
5049.507585,2611371170,2611372281,15945,1111
5049.519606,2611380012,2611381120,16048,1108
5049.531628,2611388848,2611389961,15828,1113
5049.543658,2611397726,2611398835,15936,1109
5049.555675,2611406566,2611407672,15877,1106
5049.573709,2611419786,2611420898,15956,1112
5049.585735,2611428621,2611429731,15671,1110
5049.612779,2611448505,2611449610,15626,1105
5049.624808,2611457328,2611458438,15855,1110
5049.639834,2611468371,2611469478,15789,1107
5049.651861,2611477221,2611478303,15832,1082
5049.663881,2611486003,2611487112,16046,1109
5049.684924,2611501433,2611502535,15542,1102
5049.696947,2611510263,2611511366,16064,1103
5049.711968,2611521305,2611522406,15592,1101
5049.723997,2611530129,2611531240,15938,1111
5049.736018,2611538976,2611540088,15853,1112
5049.748040,2611547816,2611548928,15615,1112
5049.760070,2611556695,2611557808,15990,1113
5049.772089,2611565530,2611566634,16031,1104
5049.784113,2611574339,2611575445,15792,1106
5049.796137,2611583204,2611584308,15945,1104
5049.820174,2611600846,2611601956,15621,1110
5049.832203,2611609671,2611610779,15858,1108
5049.844225,2611618548,2611619657,15935,1109
5049.856242,2611627344,2611628439,15545,1095
5049.868276,2611636185,2611637286,15922,1101
5049.880292,2611645008,2611646108,15925,1100
5049.892314,2611653805,2611654876,15851,1071
5049.908353,2611666995,2611668101,15619,1106
5049.925378,2611678034,2611679139,15964,1105
5049.937400,2611686904,2611688009,15800,1105
5049.961446,2611704542,2611705642,15963,1100
5049.973465,2611713319,2611714423,15626,1104
5050.027571,2611753064,2611754174,15821,1110
5050.039602,2611761921,2611763024,15948,1103
5050.051619,2611770723,2611771823,15889,1100
5050.063637,2611779544,2611780647,15592,1103
5050.084687,2611794978,2611796079,15989,1101
5050.096704,2611803797,2611804901,15967,1104
5050.111734,2611814824,2611815937,15944,1113
5050.123755,2611823664,2611824768,15965,1104
5050.135777,2611832509,2611833620,15922,1111
5050.147805,2611841361,2611842470,15969,1109
5050.159813,2611850130,2611851231,15668,1101
5050.240979,2611909615,2611910725,15932,1110
5050.252997,2611918426,2611919528,15548,1102
5050.304098,2611955876,2611956985,16045,1109
5050.316117,2611964710,2611965822,15625,1112
5050.328146,2611973524,2611974629,15941,1105
5050.340168,2611982388,2611983495,15847,1107
5050.352185,2611991190,2611992301,15629,1111
5050.364215,2612000005,2612001109,16031,1104
5050.427335,2612046320,2612047431,16026,1111
5050.440866,2612056501,2612057615,16050,1114
5050.452882,2612065407,2612066521,15936,1114
5050.464900,2612074238,2612075345,15628,1107
5050.476929,2612083080,2612084185,15944,1105
5050.509986,2612107324,2612108435,15625,1111
5050.522021,2612116207,2612117311,15964,1104
5050.546057,2612133903,2612135012,15802,1109
5050.558084,2612142738,2612143852,15930,1114
5050.570104,2612151563,2612152672,15967,1109
5050.582126,2612160397,2612161503,15822,1106
5050.594152,2612169220,2612170326,15948,1106
5050.648257,2612208898,2612209998,15960,1100
5050.660269,2612217664,2612218774,15760,1110
5050.693340,2612241913,2612243026,16023,1113
5050.705364,2612250719,2612251816,15958,1097
5050.717380,2612259497,2612260604,15629,1107
5050.748444,2612283784,2612284893,15971,1109
5050.825594,2612338905,2612340015,15784,1110
5050.837616,2612347746,2612348854,15954,1108
5050.852637,2612358755,2612359865,15698,1110
5050.864667,2612367590,2612368690,16025,1100
5050.909753,2612400707,2612401812,15940,1105
5050.921773,2612409521,2612410626,15962,1105
5050.933791,2612418321,2612419422,15705,1101
5050.945821,2612427137,2612428240,16032,1103
5050.957830,2612435921,2612437033,15684,1112
5050.969860,2612444756,2612445861,15646,1105
5051.060035,2612510690,2612511801,15629,1111
5051.072063,2612519484,2612520592,15889,1108
5051.084083,2612528319,2612529437,15893,1118
5051.096103,2612537095,2612538167,15833,1072
5051.108130,2612545876,2612546985,15949,1109
5051.120151,2612554703,2612555809,16048,1106
5051.144201,2612572335,2612573450,15976,1115
5051.156212,2612581152,2612582257,15719,1105
5051.168241,2612589919,2612591016,15592,1097
5051.180271,2612598755,2612599860,15908,1105
5051.192276,2612607537,2612608649,15678,1112
5051.204309,2612616304,2612617406,15596,1102
5051.216338,2612625078,2612626183,15976,1105
5051.261424,2612657945,2612659056,15979,1111
5051.273434,2612666713,2612667816,15559,1103
5051.333561,2612710628,2612711737,16063,1109
5051.345569,2612719494,2612720601,15760,1107
5051.357601,2612728245,2612729357,15630,1112
5051.384653,2612748028,2612749139,15706,1111
5051.396683,2612756806,2612757884,15904,1078
5051.408693,2612765574,2612766686,15719,1112
5051.432751,2612783231,2612784340,15961,1109
5051.444756,2612791997,2612793103,15681,1106
5051.484840,2612822773,2612823882,15972,1109
5051.540955,2612862237,2612863346,15979,1109
5051.552964,2612871045,2612872145,15629,1100
5051.589031,2612897394,2612898504,15679,1110
5051.604076,2612908365,2612909479,15981,1114
5051.691236,2612972024,2612973125,15632,1101
5051.706254,2612982992,2612984100,15683,1108
5051.718295,2612991762,2612992837,15913,1075
5051.748347,2613013699,2613014808,15950,1109
5051.760363,2613022521,2613023624,15634,1103
5051.796426,2613048865,2613049971,15688,1106
5051.808459,2613057645,2613058751,15593,1106
5051.847539,2613086202,2613087301,15986,1099
5051.859545,2613094975,2613096078,15682,1103
5051.871574,2613103742,2613104849,15849,1107
5051.883607,2613112544,2613113648,16057,1104
5051.895613,2613121296,2613122394,15751,1098
5051.907647,2613130053,2613131159,15710,1106
5051.919675,2613138842,2613139955,16052,1113
5051.931682,2613147622,2613148725,15688,1103
5051.943712,2613156409,2613157512,15626,1103
5051.955747,2613165663,2613166775,15864,1112
5051.969269,2613175569,2613176679,15866,1110
5051.981277,2613184325,2613185431,15759,1106
5052.020357,2613212906,2613214002,15889,1096
5052.032387,2613221722,2613222831,16022,1109
5052.044397,2613230486,2613231588,15680,1102
5052.104527,2613274372,2613275480,15968,1108
5052.116541,2613283133,2613284234,15639,1101
5052.137585,2613298511,2613299613,15713,1102
5052.149613,2613307285,2613308394,16061,1109
5052.161620,2613316065,2613317173,15757,1108
5052.176664,2613327032,2613328141,15968,1109
5052.191687,2613338048,2613339153,15803,1105
5052.203713,2613346878,2613347992,15896,1114
5052.215730,2613355651,2613356754,15634,1103
5052.227756,2613364441,2613365548,15554,1107
5052.239785,2613373245,2613374350,15979,1105
5052.251796,2613382050,2613383162,15631,1112
5052.335962,2613443454,2613444562,15632,1108
5052.347987,2613452280,2613453386,15944,1106
5052.360002,2613461044,2613462147,15712,1103
5052.372030,2613469818,2613470929,15556,1111
5052.384059,2613478608,2613479717,15976,1109
5052.396078,2613487465,2613488569,15939,1104
5052.408096,2613496258,2613497369,15626,1111
5052.420129,2613505091,2613506196,16004,1105
5052.438162,2613518260,2613519370,16017,1110
5052.450168,2613527027,2613528125,15677,1098
5052.555383,2613603935,2613605047,16009,1112
5052.567391,2613612753,2613613861,15755,1108
5052.579425,2613621499,2613622570,15761,1071
5052.597459,2613634621,2613635729,15647,1108
5052.609483,2613643448,2613644558,15930,1110
5052.660585,2613680741,2613681844,15707,1103
5052.672606,2613689546,2613690656,16041,1110
5052.687630,2613700519,2613701625,15792,1106
5052.699662,2613709347,2613710422,15828,1075
5052.711673,2613718114,2613719221,15633,1107
5052.723692,2613726926,2613728032,15554,1106
5052.735727,2613735716,2613736820,15977,1104
5052.747736,2613744503,2613745611,15602,1108
5052.759774,2613753267,2613754370,15624,1103
5052.771798,2613762048,2613763152,15995,1104
5052.783807,2613770819,2613771925,15680,1106
5052.795837,2613779583,2613780688,15643,1105
5052.807866,2613788383,2613789487,15986,1104
5052.819873,2613797173,2613798274,15677,1101
5052.831905,2613805920,2613807021,15642,1101
5052.843934,2613814734,2613815840,15964,1106
5052.855940,2613823497,2613824604,15681,1107
5052.867974,2613832260,2613833357,15558,1097
5052.880002,2613841037,2613842141,15979,1104
5052.892010,2613849799,2613850906,15681,1107
5052.904042,2613858560,2613859666,15636,1106
5052.941107,2613887086,2613888200,15972,1114
5052.970175,2613906844,2613907946,15921,1102
5052.982182,2613915637,2613916743,15685,1106
5053.009239,2613935377,2613936475,15635,1098
5053.021261,2613944247,2613945353,15634,1106
5053.093403,2613997087,2613998195,15641,1108
5053.105433,2614005890,2614006996,16004,1106
5053.159533,2614045390,2614046499,15961,1109
5053.180559,2614060813,2614061916,15685,1103
5053.192591,2614069601,2614070707,15644,1106
5053.204620,2614078389,2614079501,15982,1112
5053.216631,2614087190,2614088295,15759,1105
5053.255715,2614115811,2614116916,15920,1105
5053.267739,2614124591,2614125700,15986,1109
5053.279746,2614133337,2614134435,15677,1098
5053.291780,2614142085,2614143188,15650,1103
5053.303806,2614150887,2614151994,16040,1107
5053.315816,2614159680,2614160783,15683,1103
5053.327848,2614168438,2614169541,15642,1103
5053.339876,2614177225,2614178333,15978,1108
5053.351883,2614185986,2614187087,15758,1101
5053.369918,2614199164,2614200275,15678,1111
5053.381954,2614207929,2614209005,15862,1076
5053.408997,2614227661,2614228770,15891,1109
5053.421032,2614236461,2614237569,16063,1108
5053.442055,2614251888,2614252986,15677,1098
5053.454095,2614260630,2614261737,15783,1107
5053.464604,2614268865,2614269977,15737,1112
5053.476631,2614277678,2614278780,15647,1102
5053.512700,2614304005,2614305111,15685,1106
5053.524727,2614312786,2614313892,16005,1106
5053.612885,2614378550,2614379659,15968,1109
5053.629923,2614389531,2614390637,15651,1106
5053.641947,2614398378,2614399487,15924,1109
5053.717079,2614453198,2614454304,15680,1106
5053.729112,2614461982,2614463088,15636,1106
5053.819284,2614527693,2614528795,15643,1102
5053.831312,2614536483,2614537589,16065,1106
5053.843318,2614545286,2614546394,15683,1108
5053.855347,2614554110,2614555223,15818,1113
5053.867380,2614562900,2614564006,15986,1106
5053.879387,2614571666,2614572764,15679,1098
5053.897423,2614584851,2614585954,15755,1103
5053.909455,2614593647,2614594748,15695,1101
5053.933489,2614611204,2614612301,15683,1097
5053.945523,2614620011,2614621114,15711,1103
5053.960542,2614631008,2614632113,15682,1105
5053.975587,2614641972,2614643047,15821,1075
5053.993619,2614655108,2614656212,15975,1104
5054.005631,2614663862,2614664976,15730,1114
5054.017660,2614672625,2614673701,15831,1076
5054.041704,2614690069,2614691174,15671,1105
5054.058238,2614702276,2614703376,15641,1100
5054.070265,2614711070,2614712174,15978,1104
5054.121357,2614748386,2614749494,15656,1108
5054.133387,2614757186,2614758264,15801,1078
5054.145392,2614765927,2614767028,15680,1101
5054.157426,2614774680,2614775786,15632,1106
5054.229556,2614827310,2614828411,15566,1101
5054.241591,2614836091,2614837196,15981,1105
5054.258108,2614848380,2614849487,15682,1107
5054.270140,2614857135,2614858236,15641,1101
5054.351290,2614916348,2614917452,15814,1104
5054.363320,2614925176,2614926285,16025,1109
5054.381357,2614938307,2614939421,15983,1114
5054.393364,2614947068,2614948169,15682,1101
5054.408409,2614958051,2614959157,16058,1106
5054.420415,2614966796,2614967902,15683,1106
5054.453496,2614990972,2614992079,16002,1107
5054.465505,2614999819,2615000927,15678,1108
5054.564690,2615072255,2615073362,15681,1107
5054.576723,2615081027,2615082129,15555,1102
5054.588752,2615089822,2615090931,16057,1109
5054.660886,2615142596,2615143702,16029,1106
5054.672897,2615151404,2615152507,15678,1103
5054.730012,2615193131,2615194239,15679,1108
5054.742043,2615201917,2615203020,16061,1103
5054.760077,2615215101,2615216206,16059,1105
5054.772086,2615223867,2615224969,15758,1102
5054.784118,2615232638,2615233750,15638,1112
5054.796146,2615241431,2615242539,15954,1108
5054.816332,2615250743,2615251362,11958,619
5054.881806,2615295221,2615296408,16380,1187
5054.893824,2615304689,2615305878,16248,1189
5054.908860,2615316375,2615317569,16381,1194
5054.920874,2615325733,2615326920,16015,1187
5054.944928,2615344536,2615345725,16400,1189
5054.956946,2615353910,2615355094,16257,1184
5054.968976,2615363328,2615364524,16394,1196
5054.980998,2615373651,2615374835,16465,1184
5054.996028,2615385552,2615386722,16352,1170
5055.008049,2615394981,2615396146,16438,1165
5055.020063,2615404473,2615405662,15916,1189
5055.032094,2615413954,2615415116,16173,1162
5055.044118,2615423388,2615424552,16493,1164
5055.056134,2615432805,2615433998,16329,1193
5055.068165,2615442303,2615443491,16354,1188
5055.080186,2615451832,2615453021,16381,1189
5055.092204,2615461324,2615462521,16244,1197
5055.104231,2615470847,2615472015,16184,1168
5055.116255,2615480306,2615481465,16463,1159
5055.128269,2615489725,2615490916,16001,1191
5055.140302,2615499238,2615500436,16352,1198
5055.152323,2615508749,2615509941,16462,1192
5055.188391,2615537244,2615538436,16465,1192
5055.200406,2615546728,2615547910,15998,1182
5055.212440,2615556228,2615557396,16159,1168
5055.224460,2615565691,2615566884,16456,1193
5055.236474,2615575172,2615576367,15998,1195
5055.251512,2615587055,2615588249,16281,1194
5055.272543,2615603609,2615604794,16037,1185
5055.284577,2615613108,2615614291,16431,1183
5055.296598,2615622639,2615623832,16278,1193
5055.311627,2615634511,2615635704,16350,1193
5055.325152,2615643341,2615644451,15865,1110
5055.337173,2615652233,2615653344,15963,1111
5055.349192,2615661080,2615662186,15637,1106
5055.361221,2615669931,2615671049,16022,1118
5055.373242,2615678769,2615679880,15957,1111
5055.385257,2615687606,2615688715,15618,1109
5055.397290,2615696479,2615697583,15940,1104
5055.412309,2615707495,2615708602,15611,1107
5055.424341,2615716314,2615717423,15937,1109
5055.436362,2615725182,2615726295,15954,1113
5055.448380,2615734048,2615735153,15841,1105
5055.460407,2615742895,2615743974,15748,1079
5055.472430,2615751701,2615752810,16041,1109
5055.484446,2615760503,2615761600,15694,1097
5055.496478,2615769326,2615770432,16022,1106
5055.508499,2615778194,2615779309,15925,1115
5055.520514,2615787008,2615788115,15617,1107
5055.532547,2615795838,2615796944,15940,1106
5055.544568,2615804731,2615805840,15957,1109
5055.556588,2615813601,2615814714,15884,1113
5055.571619,2615824662,2615825766,15962,1104
5055.583635,2615833481,2615834583,15617,1102
5055.595667,2615842316,2615843428,15945,1112
5055.607687,2615851166,2615852275,15959,1109
5055.628720,2615866602,2615867709,15612,1107
5055.640754,2615875477,2615876594,15909,1117
5055.664789,2615893160,2615894270,15619,1110
5055.676821,2615902006,2615903112,16024,1106
5055.688844,2615910853,2615911958,16072,1105
5055.700857,2615919652,2615920759,15693,1107
5055.712889,2615928553,2615929662,15825,1109
5055.736926,2615946207,2615947312,15616,1105
5055.748958,2615955048,2615956154,15921,1106
5055.772998,2615972687,2615973790,15865,1103
5055.785024,2615981515,2615982588,15742,1073
5055.809060,2615999117,2616000224,15565,1107
5055.824100,2616010197,2616011308,15963,1111
5055.836115,2616018993,2616020100,15639,1107
5055.848149,2616027826,2616028932,15946,1106
5055.860169,2616036649,2616037756,15969,1107
5055.872184,2616045436,2616046547,15602,1111
5055.884218,2616054311,2616055385,15752,1074
5055.908252,2616071906,2616073012,15601,1106
5055.920284,2616080744,2616081853,15901,1109
5055.932306,2616089593,2616090699,15976,1106
5055.944321,2616098437,2616099544,15602,1107
5055.956354,2616107274,2616108380,15941,1106
5055.968375,2616116104,2616117207,15892,1103
5055.992423,2616133781,2616134856,15757,1075
5056.007441,2616144760,2616145867,15596,1107
5056.019475,2616153591,2616154697,15940,1106
5056.031495,2616162428,2616163537,15977,1109
5056.043509,2616171232,2616172335,15600,1103
5056.055543,2616180089,2616181198,15916,1109
5056.067563,2616188935,2616190047,15974,1112
5056.079578,2616197741,2616198856,15607,1115
5056.091609,2616206604,2616207685,15747,1081
5056.103632,2616215414,2616216523,15969,1109
5056.115651,2616224262,2616225370,15844,1108
5056.127680,2616233077,2616234180,15855,1103
5056.139701,2616241912,2616243026,15971,1114
5056.151718,2616250744,2616251861,15762,1117
5056.199817,2616286088,2616287188,15931,1100
5056.211838,2616294921,2616296026,15975,1105
5056.223852,2616303694,2616304801,15602,1107
5056.236883,2616314746,2616315854,15966,1108
5056.259924,2616330176,2616331280,15841,1104
5056.271955,2616338996,2616340107,15938,1111
5056.283975,2616347814,2616348921,16072,1107
5056.295989,2616356611,2616357714,15606,1103
5056.308023,2616365431,2616366531,15942,1100
5056.320044,2616374259,2616375368,16039,1109
5056.332058,2616383064,2616384171,15617,1107
5056.344090,2616391889,2616392995,15938,1106
5056.356111,2616400721,2616401835,15931,1114
5056.368130,2616409567,2616410669,15808,1102
5056.380160,2616418379,2616419488,15936,1109
5056.392181,2616427212,2616428322,15970,1110
5056.404196,2616436035,2616437142,15595,1107
5056.440264,2616462505,2616463608,15608,1103
5056.452299,2616471329,2616472443,15966,1114
5056.473335,2616486787,2616487893,15967,1106
5056.485350,2616495599,2616496710,15603,1111
5056.497384,2616504876,2616505989,15911,1113
5056.509404,2616513754,2616514867,15975,1113
5056.521418,2616522601,2616523704,15600,1103
5056.539453,2616535849,2616536954,15614,1105
5056.551484,2616544686,2616545790,15868,1104
5056.563505,2616553500,2616554609,15785,1109
5056.575520,2616562313,2616563415,15611,1102
5056.587553,2616571174,2616572282,15909,1108
5056.599574,2616580003,2616581106,15965,1103
5056.611589,2616588800,2616589898,15692,1098
5056.623621,2616597640,2616598751,16002,1111
5056.635643,2616606474,2616607584,15969,1110
5056.647658,2616615313,2616616414,15618,1101
5056.659690,2616624137,2616625246,15934,1109
5056.671713,2616632980,2616634094,15888,1114
5056.683726,2616641802,2616642907,15582,1105
5056.695761,2616650637,2616651743,15943,1106
5056.707780,2616659487,2616660593,15958,1106
5056.719795,2616668301,2616669413,15694,1112
5056.731830,2616677168,2616678273,15911,1105
5056.743850,2616686025,2616687131,15972,1106
5056.755864,2616694817,2616695919,15524,1102
5056.767898,2616703630,2616704740,15927,1110
5056.779918,2616712477,2616713589,15985,1112
5056.791933,2616721285,2616722388,15603,1103
5056.803966,2616730136,2616731251,15990,1115
5056.815987,2616738978,2616740078,15971,1100
5056.828001,2616747764,2616748867,15608,1103
5056.840032,2616756606,2616757681,15747,1075
5056.852055,2616765412,2616766517,16054,1105
5056.864074,2616774204,2616775306,15702,1102
5056.876103,2616783017,2616784121,16021,1104
5056.888124,2616791876,2616792981,16054,1105
5056.900138,2616800670,2616801778,15601,1108
5056.918172,2616813925,2616815027,15601,1102
5056.930206,2616822737,2616823845,15945,1108
5056.969278,2616851470,2616852584,15970,1114
5056.981295,2616860310,2616861421,15845,1111
5057.005347,2616877976,2616879080,15972,1104
5057.017361,2616886817,2616887921,15603,1104
5057.029395,2616895635,2616896739,15944,1104
5057.041415,2616904463,2616905562,15966,1099
5057.107533,2616952982,2616954085,15601,1103
5057.119566,2616961818,2616962922,15938,1104
5057.131587,2616970653,2616971762,15882,1109
5057.143602,2616979462,2616980569,15617,1107
5057.155633,2616988307,2616989412,15909,1105
5057.209736,2617028003,2617029107,15943,1104
5057.221758,2617036829,2617037940,15916,1111
5057.233773,2617045665,2617046772,15616,1107
5057.257826,2617063318,2617064427,15954,1109
5057.269841,2617072116,2617073218,15659,1102
5057.281871,2617080945,2617082023,15748,1078
5057.311929,2617103005,2617104118,15963,1113
5057.323949,2617111826,2617112933,15718,1107
5057.335976,2617120674,2617121782,16020,1108
5057.347997,2617129513,2617130616,15957,1103
5057.360013,2617138311,2617139418,15618,1107
5057.372044,2617147134,2617148243,15934,1109
5057.384066,2617155997,2617157110,15965,1113
5057.402100,2617169241,2617170348,15959,1107
5057.414115,2617178042,2617179150,15614,1108
5057.480250,2617226558,2617227667,15937,1109
5057.492272,2617235390,2617236493,15967,1103
5057.504287,2617244202,2617245305,15620,1103
5057.525334,2617259666,2617260744,15748,1078
5057.537359,2617268501,2617269610,15971,1109
5057.552390,2617279534,2617280643,15945,1109
5057.564410,2617288361,2617289466,15972,1105
5057.597475,2617312582,2617313688,15943,1106
5057.609496,2617321398,2617322502,16012,1104
5057.628540,2617336856,2617337967,15677,1111
5057.711682,2617396382,2617397490,15605,1108
5057.723715,2617405257,2617406362,15918,1105
5057.735736,2617414133,2617415238,15968,1105
5057.747750,2617422930,2617424037,15603,1107
5057.759783,2617431767,2617432875,15946,1108
5057.771803,2617440634,2617441743,15969,1109
5057.783818,2617449454,2617450564,15623,1110
5057.795851,2617458275,2617459381,15943,1106
5057.807872,2617467108,2617468217,15955,1109
5057.819889,2617475925,2617477031,15802,1106
5057.831921,2617484755,2617485858,15960,1103
5057.843940,2617493578,2617494687,15963,1109
5057.855956,2617502388,2617503495,15694,1107
5057.877005,2617517818,2617518927,16017,1109
5057.889026,2617526652,2617527757,16039,1105
5057.937110,2617561892,2617562995,15616,1103
5057.949142,2617570720,2617571831,15943,1111
5057.970181,2617586409,2617587517,15970,1108
5057.982196,2617595217,2617596324,15620,1107
5057.994228,2617604074,2617605182,15943,1108
5058.009247,2617615482,2617616585,15690,1103
5058.021280,2617624322,2617625421,15939,1099
5058.039312,2617637629,2617638742,15995,1113
5058.051336,2617646551,2617647663,15840,1112
5058.063361,2617655466,2617656580,15960,1114
5058.075381,2617664377,2617665495,15921,1118
5058.087404,2617673279,2617674397,15914,1118
5058.099427,2617682197,2617683310,15919,1113
5058.111449,2617691108,2617692221,15823,1113
5058.123472,2617700016,2617701130,15910,1114
5058.135495,2617708926,2617710039,15905,1113
5058.153522,2617722236,2617723342,15616,1106
5058.165555,2617731084,2617732193,15947,1109
5058.177578,2617739981,2617741090,15994,1109
5058.261728,2617801738,2617802836,15679,1098
5058.273761,2617810552,2617811661,16022,1109
5058.285782,2617819419,2617820528,15923,1109
5058.360917,2617874559,2617875661,15681,1102
5058.372948,2617883402,2617884505,16021,1103
5058.393986,2617898841,2617899947,15957,1106
5058.406002,2617907644,2617908751,15619,1107
5058.481154,2617962889,2617963993,16016,1104
5058.493175,2617971732,2617972838,15959,1106
5058.505191,2617980534,2617981637,15614,1103
5058.517222,2617989404,2617990513,15914,1109
5058.541259,2618007054,2618008157,15619,1103
5058.553291,2618015876,2618016985,16019,1109
5058.568310,2618026924,2618028031,15616,1107
5058.580344,2618035765,2618036864,16022,1099
5058.595363,2618046791,2618047907,15603,1116
5058.607396,2618055648,2618056756,16021,1108
5058.625430,2618068873,2618069988,15922,1115
5058.637451,2618077706,2618078814,15974,1108
5058.688550,2618115235,2618116340,15945,1105
5058.700571,2618124098,2618125206,15971,1108
5058.721606,2618139572,2618140680,15842,1108
5058.733636,2618148406,2618149510,15939,1104
5058.745656,2618157241,2618158350,15968,1109
5058.757673,2618166087,2618167190,15845,1103
5058.772708,2618177134,2618178239,15977,1105
5058.784719,2618185988,2618187095,15565,1107
5058.805773,2618201489,2618202603,15913,1114
5058.817794,2618210339,2618211448,15941,1109
5058.871896,2618250040,2618251154,15969,1114
5058.883915,2618258857,2618259967,15585,1110
5058.895942,2618267692,2618268770,15746,1078
5058.907965,2618276478,2618277587,15969,1109
5058.919979,2618285301,2618286403,15598,1102
5058.932013,2618294131,2618295238,16021,1107
5058.944034,2618302974,2618304083,16057,1109
5058.956048,2618311804,2618312910,15679,1106
5058.968082,2618320633,2618321741,16023,1108
5058.980102,2618329469,2618330582,15973,1113
5058.992117,2618338301,2618339404,15603,1103
5059.004142,2618347313,2618348414,15823,1101
5059.016173,2618356132,2618357236,15909,1104
5059.034206,2618369305,2618370419,16053,1114
5059.046212,2618378077,2618379187,15684,1110
5059.124377,2618435138,2618436248,15978,1110
5059.136385,2618443929,2618445032,15606,1103
5059.184486,2618479069,2618480174,15668,1105
5059.196511,2618487904,2618489013,15949,1109
5059.208529,2618496708,2618497811,15677,1103
5059.224568,2618509894,2618510991,15684,1097
5059.259635,2618534056,2618535167,15966,1111
5059.328760,2618584506,2618585609,15725,1103
5059.340787,2618593293,2618594402,16039,1109
5059.367835,2618613077,2618614186,15925,1109
5059.379847,2618621832,2618622938,15686,1106
5059.391880,2618630603,2618631684,15850,1081
5059.403908,2618639470,2618640584,15948,1114
5059.415917,2618648305,2618649405,15759,1100
5059.427949,2618657069,2618658175,15730,1106
5059.439976,2618665848,2618666952,16051,1104
5059.451984,2618674608,2618675714,15679,1106
5059.464018,2618683371,2618684472,15728,1101
5059.482052,2618696519,2618697589,15848,1070
5059.494076,2618705310,2618706416,15935,1106
5059.506094,2618714084,2618715187,15725,1103
5059.516327,2618723311,2618724419,15800,1108
5059.530154,2618732160,2618733260,16002,1100
5059.542156,2618740914,2618742021,15603,1107
5059.560190,2618754115,2618755218,15681,1103
5059.572220,2618762955,2618764063,15520,1108
5059.584252,2618771756,2618772869,15989,1113
5059.596258,2618780560,2618781667,15673,1107
5059.608287,2618789364,2618790468,15819,1104
5059.620317,2618798162,2618799272,15939,1110
5059.648374,2618820080,2618821183,15758,1103
5059.665405,2618831091,2618832202,15968,1111
5059.677412,2618839894,2618840997,15678,1103
5059.689447,2618848707,2618849809,15679,1102
5059.701475,2618857486,2618858600,15978,1114
5059.713483,2618866287,2618867385,15595,1098
5059.725517,2618875080,2618876188,15867,1108
5059.752574,2618894848,2618895954,15706,1106
5059.764595,2618903624,2618904735,15974,1111
5059.776603,2618912410,2618913508,15681,1098
5059.800663,2618929990,2618931095,15973,1105
5059.812671,2618938820,2618939920,15599,1100
5059.875790,2618984829,2618985931,15685,1102
5059.887824,2618993618,2618994732,15671,1114
5059.899852,2619002417,2619003527,15976,1110
5059.911860,2619011212,2619012315,15680,1103
5059.923892,2619019956,2619021059,15637,1103
5059.935921,2619028766,2619029870,15961,1104
5059.947927,2619037517,2619038624,15682,1107
5059.959961,2619046294,2619047401,15640,1107
5059.981008,2619061665,2619062738,15819,1073
5059.993013,2619070394,2619071496,15683,1102
5060.008059,2619081385,2619082490,16041,1105
5060.020066,2619090236,2619091337,15599,1101
5060.032098,2619099000,2619100106,15641,1106
5060.044126,2619107783,2619108887,15977,1104
5060.056133,2619116548,2619117651,15682,1103
5060.089212,2619140784,2619141893,15976,1109
5060.101226,2619149538,2619150645,15638,1107
5060.113252,2619158339,2619159415,15836,1076
5060.125281,2619167086,2619168191,15978,1105
5060.161349,2619193399,2619194508,15976,1109
5060.173356,2619202151,2619203261,15680,1110
5060.203420,2619224175,2619225281,15811,1106
5060.215453,2619232986,2619234090,15998,1104
5060.233487,2619246153,2619247258,16057,1105
5060.245493,2619254948,2619256053,15677,1105
5060.257527,2619263711,2619264814,15713,1103
5060.269555,2619272496,2619273605,16058,1109
5060.293595,2619290023,2619291126,15640,1103
5060.305625,2619298843,2619299953,16076,1110
5060.317630,2619307604,2619308707,15642,1103
5060.329666,2619316352,2619317428,15858,1076
5060.392784,2619362445,2619363550,15638,1105
5060.404814,2619371294,2619372368,15757,1074
5060.419835,2619382201,2619383311,15635,1110
5060.431861,2619391041,2619392145,15985,1104
5060.449898,2619404214,2619405320,16062,1106
5060.461904,2619412988,2619414091,15678,1103
5060.476949,2619423951,2619425060,16060,1109
5060.488956,2619432734,2619433841,15677,1107
5060.500985,2619441539,2619442642,15890,1103
5060.513018,2619450336,2619451436,15984,1100
5060.525026,2619459120,2619460218,15755,1098
5060.537055,2619467880,2619468992,15680,1112
5060.549088,2619476671,2619477779,15979,1108
5060.564109,2619487632,2619488706,15915,1074
5060.576138,2619496407,2619497522,15988,1115
5060.588144,2619505195,2619506301,15677,1106
5060.606180,2619518389,2619519493,15678,1104
5060.618214,2619527226,2619528332,15891,1106
5060.633232,2619538262,2619539368,15680,1106
5060.645270,2619547020,2619548120,15711,1100
5060.712398,2619597543,2619598651,15683,1108
5060.807572,2619665567,2619666673,15730,1106
5060.819599,2619674357,2619675468,16049,1111
5060.831623,2619683165,2619684278,15952,1113
5060.843647,2619691978,2619693086,15788,1108
5060.864686,2619707349,2619708462,16048,1113
5060.876693,2619716149,2619717249,15757,1100
5060.903757,2619735985,2619737088,15940,1103
5060.915779,2619744741,2619745845,15719,1104
5060.927809,2619753558,2619754667,16055,1109
5060.939816,2619762333,2619763436,15708,1103
5060.951847,2619771118,2619772221,15650,1103
5060.963873,2619779926,2619781012,15859,1086
5060.975882,2619788646,2619789753,15758,1107
5060.987912,2619797436,2619798510,15716,1074
5060.999946,2619806230,2619807334,16076,1104
5061.011951,2619814998,2619816100,15680,1102
5061.024981,2619825953,2619827052,16056,1099
5061.040519,2619836260,2619837369,15930,1109
5061.064561,2619853843,2619854945,15651,1102
5061.076590,2619862634,2619863737,15978,1103
5061.091620,2619873608,2619874715,15783,1107
5061.148729,2619915360,2619916466,15996,1106
5061.160734,2619924150,2619925252,15677,1102
5061.172767,2619932899,2619934010,15677,1111
5061.235888,2619978975,2619980075,15715,1100
5061.248917,2619990032,2619991134,15671,1102
5061.277958,2620009833,2620010939,15675,1106
5061.289997,2620018589,2620019687,15707,1098
5061.353110,2620064733,2620065835,15640,1102
5061.365135,2620073570,2620074676,15946,1106
5061.440273,2620128382,2620129484,15636,1102
5061.452299,2620137199,2620138307,15639,1108
5061.464328,2620146034,2620147142,15919,1108
5061.479350,2620156986,2620158087,15711,1101
5061.491378,2620165764,2620166864,15958,1100
5061.503385,2620174515,2620175621,15680,1106
5061.515419,2620183265,2620184371,15637,1106
5061.527447,2620192059,2620193158,15979,1099
5061.539465,2620200817,2620201917,15640,1100
5061.551484,2620209613,2620210720,15598,1107
5061.563516,2620218388,2620219495,16012,1107
5061.575526,2620227163,2620228278,15835,1115
5061.587560,2620235974,2620237084,15716,1110
5061.599584,2620244784,2620245887,15976,1103
5061.611591,2620253543,2620254639,15681,1096
5061.623627,2620262311,2620263390,15940,1079
5061.641654,2620275496,2620276573,15642,1077
5061.653685,2620284325,2620285440,15862,1115
5061.671721,2620297536,2620298650,15972,1114
5061.683733,2620306328,2620307440,15632,1112
5061.695762,2620315118,2620316210,15556,1092
5061.716804,2620330503,2620331607,15938,1104
5061.728813,2620339251,2620340352,15680,1101
5061.788944,2620383156,2620384262,15955,1106
5061.800951,2620391898,2620393010,15637,1112
5061.834032,2620416074,2620417179,15972,1105
5061.846038,2620424904,2620426006,15754,1102
5061.865095,2620440292,2620441393,15834,1101
5061.889142,2620457852,2620458963,15802,1111
5061.909163,2620471038,2620472142,15728,1104
5061.921191,2620479808,2620480914,15561,1106
5061.933219,2620488595,2620489698,15967,1103
5061.993328,2620532426,2620533538,15641,1112
5062.005357,2620541268,2620542377,15962,1109
5062.053431,2620576371,2620577471,15678,1100
5062.065465,2620585134,2620586242,15632,1108
5062.080483,2620596101,2620597203,15676,1102
5062.095527,2620607072,2620608189,16060,1117
5062.107534,2620615892,2620616998,15679,1106
5062.119564,2620624674,2620625779,15632,1105
5062.131598,2620633453,2620634530,15904,1077
5062.143604,2620642216,2620643318,15716,1102
5062.155635,2620650996,2620652100,15840,1104
5062.185698,2620672943,2620674057,15956,1114
5062.197705,2620681695,2620682798,15756,1103
5062.209740,2620690494,2620691598,15835,1104
5062.257836,2620725640,2620726748,15979,1108
5062.269844,2620734449,2620735546,15717,1097
5062.308928,2620762990,2620764099,15711,1109
5062.320953,2620771822,2620772933,15940,1111
5062.332970,2620780603,2620781706,15632,1103
5062.409113,2620837725,2620838825,15969,1100
5062.465229,2620877219,2620878336,16002,1117
5062.477239,2620886044,2620887145,15639,1101
5062.513306,2620912383,2620913485,15680,1102
5062.525336,2620921210,2620922318,15599,1108
5062.540359,2620932213,2620933316,15680,1103
5062.552334,2620941378,2620942494,15834,1116
5062.600488,2620976535,2620977644,15980,1109
5062.612494,2620985290,2620986389,15707,1099
5062.624529,2620994040,2620995143,15713,1103
5062.636557,2621002894,2621004003,15956,1109
5062.672625,2621029233,2621030342,16079,1109
5062.684635,2621038084,2621039181,15715,1097
5062.724713,2621068861,2621069966,15982,1105
5062.792851,2621117252,2621118358,15948,1106
5062.804871,2621126015,2621127118,15611,1103
5062.828913,2621143575,2621144678,15653,1103
5062.840940,2621152363,2621153471,15653,1108
5062.852966,2621161143,2621162248,15963,1105
5062.880018,2621180873,2621181987,16023,1114
5062.892027,2621189714,2621190822,15715,1108
5062.904060,2621198476,2621199583,15718,1107
5062.922094,2621211621,2621212728,15639,1107
5062.934121,2621220447,2621221525,15802,1078
5063.015276,2621279568,2621280678,15973,1110
5063.045322,2621301488,2621302597,15762,1109
5063.057348,2621310362,2621311470,15609,1108
5063.069382,2621319181,2621320292,16026,1111
5063.081386,2621327976,2621329084,15755,1108
5063.099420,2621341212,2621342320,15642,1108
5063.111455,2621350008,2621351119,15599,1111
5063.129484,2621363246,2621364354,15805,1108
5063.141517,2621372048,2621373147,15930,1099
5063.159553,2621385217,2621386327,15948,1110
5063.228672,2621435751,2621436858,15890,1107
5063.240705,2621444559,2621445668,15974,1109
5063.252712,2621453323,2621454429,15718,1106
5063.264745,2621462108,2621463217,15911,1109
5063.276773,2621470910,2621472014,15960,1104
5063.288782,2621479708,2621480810,15640,1102
5063.300814,2621488545,2621489651,15908,1106
5063.364928,2621536967,2621538076,16053,1109
5063.400002,2621561219,2621562333,15813,1114
5063.412032,2621570040,2621571146,15976,1106
5063.430067,2621583277,2621584382,15992,1105
5063.442074,2621592063,2621593170,15682,1107
5063.472145,2621614151,2621615257,15877,1106
5063.484169,2621622969,2621624073,15872,1104
5063.496185,2621631792,2621632899,15884,1107
5063.517225,2621647215,2621648321,15815,1106
5063.529255,2621656046,2621657159,15989,1113
5063.572327,2621689058,2621690162,15976,1104
5063.625427,2621726522,2621727627,15812,1105
5063.637462,2621735341,2621736447,15983,1106
5063.676518,2621764004,2621765106,15682,1102
5063.691564,2621775033,2621776142,15971,1109
5063.715602,2621792730,2621793836,15821,1106
5063.727633,2621801575,2621802685,15996,1110
5063.739648,2621810474,2621811584,15839,1110
5063.751677,2621819363,2621820477,15906,1114
5063.763701,2621828246,2621829357,15989,1111
5063.775717,2621837137,2621838251,15888,1114
5063.787746,2621846033,2621847143,15894,1110
5063.805780,2621859392,2621860503,15901,1111
5063.817803,2621868293,2621869403,15882,1110
5063.832831,2621879396,2621880510,15898,1114
5063.844855,2621888297,2621889404,15979,1107
5063.856871,2621897199,2621898310,15847,1111
5063.868900,2621906100,2621907213,15907,1113
5063.900460,2621929646,2621930757,15906,1111
5063.912484,2621938572,2621939690,15910,1118
5063.999642,2622002664,2622003773,15815,1109
5064.010174,2622008173,2622008998,14406,825
5064.020332,2622013384,2622013998,11993,614
5064.056759,2622034283,2622035382,15905,1099
5064.068781,2622043541,2622044650,15910,1109
5064.080799,2622052411,2622053519,15782,1108
5064.107848,2622072350,2622073456,15828,1106
5064.119877,2622081231,2622082341,15909,1110
5064.131899,2622090109,2622091218,15960,1109
5064.143917,2622098984,2622100092,15861,1108
5064.161951,2622112284,2622113392,15864,1108
5064.173978,2622121147,2622122251,15908,1104
5064.189002,2622132213,2622133317,15918,1104
5064.201030,2622141078,2622142187,15908,1109
5064.234088,2622165444,2622166554,15942,1110
5064.246117,2622174300,2622175410,15985,1110
5064.264151,2622187618,2622188721,15905,1103
5064.312243,2622223060,2622224174,15975,1114
5064.324260,2622231939,2622233053,15858,1114
5064.336289,2622240819,2622241919,15908,1100
5064.348310,2622249666,2622250775,15959,1109
5064.360328,2622258537,2622259646,15853,1109
5064.372356,2622267389,2622268498,15908,1109
5064.387380,2622278478,2622279586,15794,1108
5064.399407,2622287343,2622288457,15824,1114
5064.411432,2622296231,2622297336,15948,1105
5064.423448,2622305088,2622306198,15863,1110
5064.435479,2622313962,2622315071,15922,1109
5064.447499,2622322831,2622323944,15960,1113
5064.489579,2622353825,2622354934,15905,1109
5064.501603,2622362670,2622363776,15933,1106
5064.512123,2622369154,2622370055,15256,901
5064.524148,2622377815,2622378928,15987,1113
5064.536163,2622386683,2622387789,15742,1106
5064.548192,2622395529,2622396638,15905,1109
5064.561223,2622406622,2622407727,15813,1105
5064.581248,2622419940,2622421049,15845,1109
5064.593279,2622428803,2622429909,15906,1106
5064.605300,2622437652,2622438758,15978,1106
5064.617317,2622446523,2622447628,15825,1105
5064.629346,2622455374,2622456479,15907,1105
5064.641371,2622464228,2622465333,15987,1105
5064.653386,2622473090,2622474198,15828,1108
5064.684450,2622497466,2622498575,15974,1109
5064.696481,2622506318,2622507429,15841,1111
5064.719517,2622521844,2622522953,15907,1109
5064.731542,2622530718,2622531827,15944,1109
5064.743557,2622539585,2622540697,15833,1112
5064.755586,2622548453,2622549562,15885,1109
5064.788644,2622572869,2622573978,15847,1109
5064.800674,2622581738,2622582842,15911,1104
5064.824712,2622599449,2622600560,15832,1111
5064.836740,2622608311,2622609419,15905,1108
5064.863793,2622628217,2622629326,15913,1109
5064.875817,2622637109,2622638218,15998,1109
5064.887832,2622645965,2622647075,15840,1110
5064.899862,2622654835,2622655939,15908,1104
5064.911885,2622663699,2622664810,15915,1111
5064.923900,2622672583,2622673696,15827,1113
5064.959975,2622699196,2622700309,15908,1113
5064.972001,2622708091,2622709200,15926,1109
5064.984019,2622716945,2622718054,15962,1109
5064.996040,2622725803,2622726916,15889,1113
5065.008067,2622734671,2622735780,15909,1109
5065.026099,2622747991,2622749092,15906,1101
5065.038123,2622756828,2622757933,15890,1105
5065.050140,2622765681,2622766787,15844,1106
5065.065174,2622776756,2622777865,15957,1109
5065.077192,2622785621,2622786728,15920,1107
5065.092225,2622796702,2622797813,16043,1111
5065.105256,2622807821,2622808929,15902,1108
5065.122277,2622818883,2622819984,15845,1101
5065.144328,2622836593,2622837702,15977,1109
5065.161358,2622847686,2622848800,15911,1114
5065.173380,2622856561,2622857669,15961,1108
5065.197427,2622874288,2622875391,15989,1103
5065.209450,2622883148,2622884266,15999,1118
5065.221466,2622892031,2622893142,15851,1111
5065.233493,2622900897,2622902001,15966,1104
5065.257540,2622918630,2622919735,15907,1105
5065.269564,2622927484,2622928593,15908,1109
5065.284586,2622938577,2622939682,15863,1105
5065.296615,2622947442,2622948551,15916,1109
5065.332682,2622974080,2622975189,15905,1109
5065.344707,2622982971,2622984082,15977,1111
5065.356729,2622991840,2622992949,15900,1109
5065.368753,2623000730,2623001847,15912,1117
5065.383774,2623011832,2623012941,15857,1109
5065.404821,2623027355,2623028461,15905,1106
5065.416844,2623036212,2623037312,15888,1100
5065.428863,2623045051,2623046160,15870,1109
5065.491980,2623091587,2623092690,15837,1103
5065.504012,2623100455,2623101564,15845,1109
5065.540077,2623127052,2623128161,15902,1109
5065.552101,2623135932,2623137043,15977,1111
5065.570134,2623149217,2623150326,15963,1109
5065.582152,2623158090,2623159197,15857,1107
5065.594182,2623167364,2623168472,15824,1108
5065.606206,2623176245,2623177354,15914,1109
5065.618221,2623185115,2623186224,15844,1109
5065.630248,2623193993,2623195102,15907,1109
5065.642273,2623202877,2623203977,16058,1100
5065.672323,2623225029,2623226133,15860,1104
5065.684353,2623233880,2623234989,15909,1109
5065.700387,2623247184,2623248290,15905,1106
5065.712406,2623256059,2623257168,15901,1109
5065.735443,2623271577,2623272691,15845,1114
5065.747471,2623280457,2623281561,15984,1104
5065.759494,2623289323,2623290432,15878,1109
5065.771512,2623298194,2623299303,15770,1109
5065.783543,2623307053,2623308162,15823,1109
5065.801575,2623320369,2623321480,15905,1111
5065.813601,2623329256,2623330365,15988,1109
5065.837642,2623347014,2623348127,15905,1113
5065.849667,2623355890,2623356996,15979,1106
5065.861683,2623364764,2623365881,15857,1117
5065.873713,2623373631,2623374745,15905,1114
5065.888735,2623384727,2623385836,15858,1109
5065.900764,2623393575,2623394680,15907,1105
5065.912787,2623402443,2623403547,15976,1104
5065.924803,2623411318,2623412417,15841,1099
5065.939838,2623422390,2623423494,15977,1104
5065.951863,2623431258,2623432364,15904,1106
5065.963884,2623440123,2623441228,15823,1105
5065.975906,2623448959,2623450072,15921,1113
5065.987924,2623457842,2623458951,15773,1109
5065.999952,2623466714,2623467828,15905,1114
5066.017985,2623480025,2623481129,15907,1104
5066.030010,2623488883,2623489991,15977,1108
5066.054056,2623506606,2623507717,15911,1111
5066.066077,2623515470,2623516579,15961,1109
5066.090124,2623533186,2623534295,15911,1109
5066.102147,2623542044,2623543155,15916,1111
5066.120181,2623555340,2623556448,15974,1108
5066.132198,2623564206,2623565314,15799,1108
5066.150238,2623577522,2623578632,15905,1110
5066.162262,2623586406,2623587519,15897,1113
5066.183302,2623601940,2623603050,15976,1110
5066.195318,2623610805,2623611916,15843,1111
5066.207347,2623619672,2623620777,15905,1105
5066.219371,2623628521,2623629638,15989,1117
5066.231387,2623637427,2623638526,15788,1099
5066.243415,2623646278,2623647389,15904,1111
5066.261451,2623659550,2623660661,15902,1111
5066.273473,2623668416,2623669524,15976,1108
5066.327578,2623708266,2623709376,15990,1110
5066.339593,2623717144,2623718250,15814,1106
5066.351623,2623726004,2623727113,15915,1109
5066.363644,2623734892,2623735996,15944,1104
5066.393696,2623757051,2623758161,15846,1110
5066.405724,2623765919,2623767028,15859,1109
5066.429764,2623783682,2623784787,15829,1105
5066.441793,2623792539,2623793648,15905,1109
5066.513930,2623845707,2623846816,15904,1109
5066.525955,2623854576,2623855682,15991,1106
5066.562021,2623881193,2623882302,15974,1109
5066.574038,2623890084,2623891179,15846,1095
5066.634160,2623934381,2623935488,15989,1107
5066.646183,2623943263,2623944372,15903,1109
5066.700279,2623983130,2623984233,15826,1103
5066.712307,2623991989,2623993095,15885,1106
5066.724332,2624000856,2624001956,15986,1100
5066.739359,2624011930,2624013039,15909,1109
5066.751384,2624020820,2624021934,16000,1114
5066.763398,2624029682,2624030792,15847,1110
5066.775429,2624038563,2624039671,15889,1108
5066.787451,2624047427,2624048535,15886,1108
5066.799467,2624056308,2624057412,15831,1104
5066.811496,2624065184,2624066293,15903,1109
5066.823521,2624074037,2624075141,15988,1104
5066.835536,2624082907,2624084011,15768,1104
5066.847566,2624091781,2624092888,15909,1107
5066.859590,2624100646,2624101748,15888,1102
5066.871607,2624109516,2624110629,15876,1113
5066.883635,2624118399,2624119505,15908,1106
5066.895657,2624127264,2624128375,15910,1111
5066.907673,2624136144,2624137253,15832,1109
5066.919704,2624144998,2624146103,15929,1105
5066.931726,2624153855,2624154961,15990,1106
5066.943748,2624162721,2624163827,15906,1106
5066.955772,2624171588,2624172706,15910,1118
5066.967794,2624180469,2624181581,15954,1112
5066.979810,2624189359,2624190465,15845,1106
5066.991840,2624198207,2624199320,15906,1113
5067.003864,2624207072,2624208181,15995,1109
5067.015881,2624215953,2624217067,15861,1114
5067.027908,2624224843,2624225951,15909,1108
5067.039932,2624233694,2624234801,15964,1107
5067.051947,2624242562,2624243671,15806,1109
5067.063978,2624251425,2624252534,15907,1109
5067.075999,2624260280,2624261384,15932,1104
5067.088018,2624269144,2624270248,15786,1104
5067.100045,2624278416,2624279530,15901,1114
5067.112069,2624287304,2624288417,15960,1113
5067.124085,2624296196,2624297300,15831,1104
5067.136113,2624305048,2624306157,15903,1109
5067.148136,2624313923,2624315028,15980,1105
5067.160156,2624322802,2624323912,15788,1110
5067.172184,2624331686,2624332792,15905,1106
5067.184205,2624340565,2624341669,15972,1104
5067.196221,2624349434,2624350544,15739,1110
5067.208250,2624358309,2624359417,15901,1108
5067.220275,2624367180,2624368285,15907,1105
5067.232290,2624376042,2624377151,15832,1109
5067.244321,2624384918,2624386029,15807,1111
5067.259342,2624396017,2624397125,15845,1108
5067.304428,2624429248,2624430352,15828,1104
5067.316456,2624438084,2624439193,15910,1109
5067.328481,2624446931,2624448040,16074,1109
5067.379578,2624484544,2624485653,15990,1109
5067.391601,2624493426,2624494533,15829,1107
5067.403616,2624502313,2624503422,15743,1109
5067.421651,2624515619,2624516728,15833,1109
5067.433679,2624524491,2624525600,15904,1109
5067.463737,2624546633,2624547742,15947,1109
5067.475753,2624555508,2624556621,15850,1113
5067.487784,2624564385,2624565493,15871,1108
5067.505817,2624577697,2624578800,15904,1103
5067.517841,2624586549,2624587658,15991,1109
5067.547893,2624608702,2624609820,15874,1118
5067.559921,2624617587,2624618701,15914,1114
5067.571942,2624626445,2624627554,15983,1109
5067.589978,2624639736,2624640850,15998,1114
5067.601995,2624648798,2624649902,15759,1104
5067.656096,2624688660,2624689773,15859,1113
5067.668125,2624697533,2624698647,15911,1114
5067.680146,2624706381,2624707481,15916,1100
5067.692164,2624715247,2624716356,15837,1109
5067.704192,2624724114,2624725219,15902,1105
5067.722226,2624737425,2624738530,15900,1105
5067.734251,2624746283,2624747397,16060,1114
5067.746268,2624755144,2624756255,15938,1111
5067.761301,2624766218,2624767332,15968,1114
5067.797371,2624792831,2624793935,16062,1104
5067.809390,2624801695,2624802801,15829,1106
5067.836446,2624821642,2624822750,15906,1108
5067.848469,2624830527,2624831631,15823,1104
5067.869508,2624846037,2624847146,15975,1109
5067.881525,2624854912,2624856020,15848,1108
5067.893556,2624863769,2624864878,15907,1109
5067.905580,2624872653,2624873762,15989,1109
5067.972710,2624923600,2624924707,15903,1107
5068.004767,2624945742,2624946850,15993,1108
5068.016782,2624954684,2624955793,15827,1109
5068.031819,2624965770,2624966875,15995,1105
5068.103956,2625018944,2625020050,15993,1106
5068.115971,2625027834,2625028947,15832,1113
5068.128001,2625036737,2625037850,15908,1113
5068.140024,2625045644,2625046749,15989,1105
5068.152040,2625054726,2625055831,15827,1105
5068.164068,2625063615,2625064728,15864,1113
5068.176095,2625072528,2625073639,16014,1111
5068.188108,2625081419,2625082527,15798,1108
5068.200138,2625090231,2625091344,15989,1113
5068.212145,2625099040,2625100144,15688,1104
5068.225179,2625110107,2625111216,16056,1109
5068.237213,2625118943,2625120046,15902,1103
5068.257231,2625132158,2625133269,15683,1111
5068.269262,2625140975,2625142083,15818,1108
5068.323366,2625180703,2625181808,15833,1105
5068.335394,2625189560,2625190663,15964,1103
5068.347403,2625198364,2625199467,15690,1103
5068.359434,2625207220,2625208331,15834,1111
5068.371464,2625216101,2625217215,15989,1114
5068.383477,2625224900,2625226010,15606,1110
5068.395502,2625233779,2625234888,15828,1109
5068.413539,2625246988,2625248104,15847,1116
5068.425567,2625255869,2625256982,15916,1113
5068.437587,2625264700,2625265810,15956,1110
5068.449608,2625273557,2625274659,15826,1102
5068.461634,2625282412,2625283518,16027,1106
5068.473643,2625291203,2625292305,15683,1102
5068.485670,2625300013,2625301127,15811,1114
5068.539777,2625339846,2625340945,15927,1099
5068.551805,2625348695,2625349799,15948,1104
5068.563814,2625357488,2625358595,15687,1107
5068.575845,2625366365,2625367477,15912,1112
5068.593879,2625379595,2625380699,15894,1104
5068.605911,2625388860,2625389969,15967,1109
5068.620931,2625399942,2625401058,15907,1116
5068.632960,2625408834,2625409943,15965,1109
5068.648982,2625422091,2625423202,15978,1111
5068.693068,2625452968,2625454068,15819,1100
5068.705099,2625461827,2625462936,16044,1109
5068.717106,2625470620,2625471723,15764,1103
5068.744157,2625490474,2625491577,15686,1103
5068.756188,2625499328,2625500434,15909,1106
5068.768218,2625508194,2625509304,15962,1110
5068.786253,2625521400,2625522505,16067,1105
5068.798260,2625530193,2625531294,15684,1101
5068.828331,2625552211,2625553314,15962,1103
5068.840355,2625561082,2625562188,15956,1106
5068.855375,2625572126,2625573236,15882,1110
5068.867407,2625581003,2625582114,15964,1111
5068.885442,2625594250,2625595360,16071,1110
5068.897449,2625603050,2625604150,15761,1100
5068.909480,2625611910,2625613014,15909,1104
5068.921510,2625620774,2625621879,15960,1105
5068.957579,2625647245,2625648353,16061,1108
5068.969586,2625656095,2625657198,15682,1103
5068.999654,2625678179,2625679292,15847,1113
5069.011682,2625687001,2625688115,15957,1114
5069.023689,2625695808,2625696917,15691,1109
5069.035720,2625704675,2625705775,15843,1100
5069.047749,2625713536,2625714646,15946,1110
5069.060781,2625724545,2625725651,15819,1106
5069.095831,2625748819,2625749920,15792,1101
5069.107857,2625757675,2625758785,15831,1110
5069.119887,2625766503,2625767607,15977,1104
5069.161958,2625797373,2625798487,15885,1114
5069.173990,2625806240,2625807349,16045,1109
5069.240100,2625854656,2625855766,15685,1110
5069.252131,2625863502,2625864602,15825,1100
5069.267152,2625874551,2625875659,15763,1108
5069.282196,2625885626,2625886729,15954,1103
5069.294215,2625894486,2625895586,15943,1100
5069.306234,2625903311,2625904418,15901,1107
5069.318264,2625912162,2625913268,16041,1106
5069.369355,2625949698,2625950809,15901,1111
5069.381384,2625958556,2625959665,15951,1109
5069.444505,2626004829,2626005943,15984,1114
5069.456524,2626013710,2626014822,15934,1112
5069.471556,2626024784,2626025884,15984,1100
5069.483574,2626033641,2626034747,16022,1106
5069.495594,2626042482,2626043596,15831,1114
5069.507625,2626051312,2626052425,15979,1113
5069.528661,2626066750,2626067859,15926,1109
5069.540678,2626075581,2626076690,15800,1109
5069.576745,2626102052,2626103157,15811,1105
5069.588779,2626110924,2626112028,15960,1104
5069.609804,2626126330,2626127436,15683,1106
5069.621841,2626135187,2626136290,15903,1103
5069.657903,2626161638,2626162749,15819,1111
5069.669933,2626170515,2626171618,15956,1103
5069.681941,2626179326,2626180431,15687,1105
5069.693972,2626188167,2626189280,15825,1113
5069.706002,2626197024,2626198133,15960,1109
5069.718021,2626205860,2626206969,15939,1109
5069.736043,2626219121,2626220224,15687,1103
5069.748074,2626227983,2626229084,15785,1101
5069.760105,2626236808,2626237925,15974,1117
5069.773136,2626247870,2626248975,15751,1105
5069.793160,2626261114,2626262221,15817,1107
5069.805190,2626269958,2626271062,15953,1104
5069.817209,2626278814,2626279918,15941,1104
5069.865298,2626314151,2626315260,15911,1109
5069.880329,2626325219,2626326328,15941,1109
5069.892349,2626334063,2626335167,15839,1104
5069.907381,2626345118,2626346232,15899,1114
5069.997541,2626411376,2626412480,15688,1104
5070.009575,2626420224,2626421331,15816,1107
5070.024605,2626431293,2626432404,15957,1111
5070.036624,2626440119,2626441196,15651,1077
5070.087723,2626477640,2626478743,15944,1103
5070.099743,2626486513,2626487624,15826,1111
5070.111774,2626495383,2626496488,15957,1105
5070.123795,2626504605,2626505714,15866,1109
5070.135812,2626513478,2626514582,15844,1104
5070.147841,2626522330,2626523433,15950,1103
5070.159861,2626531165,2626532269,16024,1104
5070.204939,2626564285,2626565383,15666,1098
5070.216973,2626573143,2626574248,15985,1105
5070.228997,2626581995,2626583109,15875,1114
5070.250021,2626597418,2626598521,15684,1103
5070.262052,2626606265,2626607377,15833,1112
5070.280086,2626619510,2626620619,15820,1109
5070.292116,2626628372,2626629477,15954,1105
5070.310151,2626641636,2626642741,15970,1105
5070.421359,2626723467,2626724577,16038,1110
5070.433378,2626732346,2626733451,15837,1105
5070.496497,2626778652,2626779760,15820,1108
5070.508528,2626787522,2626788631,16013,1109
5070.523550,2626798572,2626799679,15833,1107
5070.535579,2626807418,2626808527,15957,1109
5070.553614,2626820668,2626821772,15956,1104
5070.565627,2626829446,2626830558,15608,1112
5070.625752,2626873672,2626874777,16047,1105
5070.637769,2626882535,2626883638,15981,1103
5070.692885,2626924522,2626925631,15827,1109
5070.709907,2626935621,2626936726,15947,1105
5070.721928,2626944483,2626945593,15830,1110
5070.733959,2626953352,2626954466,15959,1114
5070.794064,2626997533,2626998642,15825,1109
5070.806095,2627006383,2627007491,16169,1108
5070.824128,2627019666,2627020775,15965,1109
5070.836144,2627028543,2627029652,15966,1109
5070.854170,2627041795,2627042892,15685,1097
5070.866200,2627050663,2627051777,15817,1114
5070.893252,2627070540,2627071650,15801,1110
5070.905283,2627079408,2627080515,15957,1107
5070.920304,2627090440,2627091539,15842,1099
5070.932332,2627099306,2627100411,15900,1105
5070.944353,2627108148,2627109247,15897,1099
5070.956372,2627117005,2627118113,15828,1108
5070.968403,2627125873,2627126978,15942,1105
5070.983419,2627136906,2627137984,15611,1078
5070.995455,2627145708,2627146816,16090,1108
5071.007473,2627154550,2627155663,15829,1113
5071.019495,2627163415,2627164525,15857,1110
5071.033019,2627173564,2627174670,15833,1106
5071.045048,2627182443,2627183552,15952,1109
5071.057067,2627191273,2627192383,15852,1110
5071.072098,2627202313,2627203418,15934,1105
5071.084118,2627211139,2627212248,15941,1109
5071.096138,2627219983,2627221096,15829,1113
5071.108169,2627228860,2627229968,15962,1108
5071.126203,2627242142,2627243250,15961,1108
5071.138221,2627251028,2627252136,15995,1108
5071.162271,2627268736,2627269850,16049,1114
5071.268476,2627348263,2627349357,16092,1094
5071.303533,2627372550,2627373644,15835,1094
5071.315563,2627381399,2627382502,15954,1103
5071.327580,2627390207,2627391313,15933,1106
5071.340610,2627401250,2627402363,15966,1113
5071.372669,2627423313,2627424419,16080,1106
5071.387699,2627434399,2627435507,15948,1108
5071.472869,2627498438,2627499512,15613,1074
5071.495907,2627513861,2627514963,16083,1102
5071.507923,2627522665,2627523774,15866,1109
5071.519940,2627531532,2627532610,15635,1078
5071.531975,2627540337,2627541439,16088,1102
5071.543993,2627549136,2627550236,15950,1100
5071.556021,2627557969,2627559052,15752,1083
5071.568044,2627566761,2627567873,16094,1112
5071.580061,2627575615,2627576720,15945,1105
5071.592077,2627584457,2627585535,15618,1078
5071.604113,2627593242,2627594349,16000,1107
5071.616129,2627602097,2627603201,15895,1104
5071.628146,2627610940,2627612015,15616,1075
5071.641671,2627621285,2627622360,15617,1075
5071.689776,2627656543,2627657657,16094,1114
5071.701793,2627665366,2627666472,15932,1106
5071.740860,2627694097,2627695175,15621,1078
5071.752896,2627702889,2627703993,16171,1104
5071.764913,2627711759,2627712863,15904,1104
5071.800980,2627738177,2627739285,15926,1108
5071.812997,2627747039,2627748117,15614,1078
5071.825033,2627755838,2627756940,16008,1102
5071.901184,2627813206,2627814285,15830,1079
5071.945254,2627844042,2627845151,15935,1109
5071.957276,2627852867,2627853966,15860,1099
5071.969308,2627861699,2627862793,16096,1094
5071.981323,2627870515,2627871620,15928,1105
5072.008373,2627890341,2627891453,15962,1112
5072.020392,2627899220,2627900303,15617,1083
5072.071494,2627936680,2627937792,15945,1112
5072.083511,2627945546,2627946621,15613,1075
5072.095548,2627954323,2627955436,16094,1113
5072.107562,2627963149,2627964254,15961,1105
5072.119580,2627971980,2627973055,15620,1075
5072.137615,2627985180,2627986252,15616,1072
5072.149650,2627993965,2627995063,16090,1098
5072.161667,2628002823,2628003932,15947,1109
5072.173683,2628011671,2628012749,15696,1078
5072.215769,2628042517,2628043628,15931,1111
5072.227786,2628051352,2628052430,15694,1078
5072.239822,2628060136,2628061240,16090,1104
5072.251838,2628068960,2628070064,15867,1104
5072.263855,2628077823,2628078898,15634,1075
5072.317962,2628117510,2628118615,15830,1105
5072.329993,2628126339,2628127436,16091,1097
5072.342009,2628135154,2628136263,15928,1109
5072.372061,2628157230,2628158308,15619,1078
5072.384096,2628166039,2628167140,16100,1101
5072.402126,2628179269,2628180368,16062,1099
5072.414148,2628188120,2628189224,16026,1104
5072.426164,2628196932,2628198018,15695,1086
5072.438201,2628205780,2628206888,16051,1108
5072.528371,2628271878,2628272992,16092,1114
5072.540389,2628280702,2628281807,15997,1105
5072.552408,2628289526,2628290631,15845,1105
5072.576457,2628307217,2628308322,15954,1105
5072.588472,2628316049,2628317132,15660,1083
5072.628555,2628346906,2628348017,15932,1111
5072.693677,2628393287,2628394387,16003,1100
5072.705695,2628402095,2628403175,15693,1080
5072.720729,2628413087,2628414193,16007,1106
5072.732747,2628421945,2628423020,15694,1075
5072.744782,2628430725,2628431829,16171,1104
5072.783849,2628459454,2628460560,15932,1106
5072.795879,2628468301,2628469375,15748,1074
5072.807901,2628477127,2628478236,15975,1109
5072.825937,2628490349,2628491456,16174,1107
5072.837952,2628499185,2628500289,15928,1104
5072.904072,2628547711,2628548784,15615,1073
5072.916108,2628556485,2628557587,16090,1102
5072.928123,2628565300,2628566404,15932,1104
5072.946158,2628578523,2628579627,15861,1104
5072.958175,2628587377,2628588456,15633,1079
5072.988246,2628609399,2628610508,16095,1109
5073.000260,2628618243,2628619352,15963,1109
5073.018295,2628631458,2628632572,15927,1114
5073.033330,2628642485,2628643592,16090,1107
5073.045347,2628651310,2628652415,15825,1105
5073.096448,2628688877,2628689975,16005,1098
5073.108468,2628697736,2628698847,15952,1111
5073.135518,2628717576,2628718685,15931,1109
5073.145549,2628725538,2628726663,16024,1125
5073.168327,2628737199,2628737822,11966,623
5073.192634,2628749048,2628750182,16177,1134
5073.204655,2628758404,2628759571,16505,1167
5073.216672,2628767730,2628768924,16340,1194
5073.237706,2628784096,2628785263,16020,1167
5073.249739,2628793460,2628794654,16349,1194
5073.264763,2628805263,2628806427,16324,1164
5073.276795,2628814679,2628815861,16603,1182
5073.288811,2628824143,2628825337,16358,1194
5073.300827,2628833604,2628834762,15917,1158
5073.351929,2628873754,2628874942,16297,1188
5073.363947,2628883210,2628884372,16003,1162
5073.375981,2628892718,2628893911,16371,1193
5073.387998,2628902190,2628903378,16252,1188
5073.400016,2628911676,2628912834,16004,1158
5073.412051,2628921284,2628922476,16584,1192
5073.424068,2628930818,2628932011,16435,1193
5073.484188,2628978189,2628979380,16583,1191
5073.496203,2628987694,2628988881,16373,1187
5073.508221,2628997210,2628998373,16026,1163
5073.520256,2629006644,2629007834,16496,1190
5073.541290,2629023196,2629024389,16270,1193
5073.553307,2629032712,2629033877,15995,1165
5073.589388,2629061162,2629062356,16323,1194
5073.601411,2629070684,2629071881,16454,1197
5073.613428,2629080212,2629081400,16438,1188
5073.625444,2629089721,2629090888,16103,1167
5073.640478,2629101599,2629102788,16278,1189
5073.652496,2629111142,2629112303,16120,1161
5073.664531,2629120619,2629121811,16580,1192
5073.678057,2629129311,2629130419,16038,1108
5073.690072,2629138143,2629139253,15816,1110
5073.702094,2629147032,2629148140,15854,1108
5073.714126,2629155889,2629156997,16041,1108
5073.732159,2629169139,2629170247,16086,1108
5073.744174,2629177965,2629179071,15957,1106
5073.768228,2629195637,2629196736,16078,1099
5073.780244,2629204438,2629205546,15923,1108
5073.792266,2629213321,2629214426,15856,1105
5073.804297,2629222159,2629223271,16085,1112
5073.820326,2629235414,2629236524,16059,1110
5073.837360,2629246477,2629247564,15837,1087
5073.849382,2629255282,2629256393,16132,1111
5073.864398,2629266357,2629267441,15621,1084
5073.876434,2629275140,2629276249,16091,1109
5073.900467,2629292833,2629293907,15712,1074
5073.912502,2629301616,2629302727,16090,1111
5073.936548,2629319288,2629320369,15757,1081
5073.948570,2629328112,2629329214,15994,1102
5073.960591,2629336892,2629337996,16002,1104
5073.972604,2629345707,2629346782,15580,1075
5073.984639,2629354480,2629355577,16030,1097
5074.008675,2629372180,2629373258,15721,1078
5074.020710,2629381006,2629382114,16098,1108
5074.036738,2629394260,2629395363,15959,1103
5074.077810,2629422891,2629423999,15926,1108
5074.089831,2629431718,2629432824,15867,1106
5074.101863,2629440533,2629441639,16178,1106
5074.113878,2629449361,2629450466,16005,1105
5074.143930,2629471439,2629472517,15620,1078
5074.155966,2629480234,2629481341,16089,1107
5074.167981,2629489050,2629490148,15928,1098
5074.179999,2629497853,2629498931,15619,1078
5074.192032,2629506685,2629507799,15935,1114
5074.204050,2629515521,2629516636,16023,1115
5074.216067,2629524352,2629525430,15698,1078
5074.246137,2629546421,2629547525,16082,1104
5074.258153,2629555252,2629556366,15967,1114
5074.276187,2629568536,2629569641,15925,1105
5074.288209,2629577372,2629578481,15839,1109
5074.300240,2629586204,2629587307,16086,1103
5074.312256,2629595022,2629596131,15927,1109
5074.324273,2629603848,2629604926,15620,1078
5074.336305,2629612658,2629613760,15992,1102
5074.348324,2629621484,2629622593,15927,1109
5074.360342,2629630321,2629631404,15619,1083
5074.375376,2629641334,2629642440,15929,1106
5074.387397,2629650157,2629651266,15859,1109
5074.399430,2629659011,2629660119,16099,1108
5074.411444,2629667807,2629668912,15882,1105
5074.423461,2629676638,2629677713,15618,1075
5074.435496,2629685449,2629686551,15905,1102
5074.447513,2629694260,2629695366,15847,1106
5074.459530,2629703069,2629704144,15540,1075
5074.471566,2629711871,2629712974,16090,1103
5074.483581,2629720700,2629721799,15818,1099
5074.495603,2629729565,2629730648,15687,1083
5074.516651,2629745016,2629746123,16087,1107
5074.528667,2629753848,2629754956,15931,1108
5074.552720,2629771481,2629772589,16166,1108
5074.564735,2629780316,2629781429,15979,1113
5074.624857,2629824408,2629825512,16089,1104
5074.636872,2629833248,2629834359,15956,1111
5074.651908,2629844252,2629845360,16082,1108
5074.662422,2629852545,2629853664,15910,1119
5074.728554,2629901110,2629902214,16066,1104
5074.740572,2629909971,2629911086,15856,1115
5074.755606,2629920999,2629922107,16084,1108
5074.767622,2629929817,2629930921,15930,1104
5074.779652,2629938642,2629939720,15761,1078
5074.791674,2629947427,2629948529,16084,1102
5074.803690,2629956261,2629957380,16011,1119
5074.815708,2629965099,2629966174,15625,1075
5074.827743,2629973888,2629974995,16082,1107
5074.839761,2629982772,2629983885,16021,1113
5074.851776,2629991600,2629992678,15626,1078
5074.863812,2630000396,2630001504,16095,1108
5074.875829,2630009273,2630010382,15946,1109
5074.887845,2630018129,2630019208,15622,1079
5074.899880,2630026933,2630028049,16086,1116
5074.911896,2630035772,2630036878,15841,1106
5074.935948,2630053470,2630054583,15945,1113
5074.947965,2630062297,2630063406,15932,1109
5074.959984,2630071129,2630072207,15598,1078
5074.972018,2630079933,2630081042,16092,1109
5074.984032,2630088757,2630089862,15872,1105
5074.996051,2630097582,2630098660,15622,1078
5075.008086,2630106376,2630107483,16001,1107
5075.020101,2630115209,2630116317,15924,1108
5075.032123,2630124047,2630125151,15822,1104
5075.044155,2630132879,2630133987,16090,1108
5075.056171,2630141702,2630142806,15842,1104
5075.080219,2630159371,2630160478,15991,1107
5075.092239,2630168192,2630169301,15949,1109
5075.104261,2630177025,2630178131,15917,1106
5075.140325,2630203612,2630204691,15621,1079
5075.152361,2630212412,2630213520,16089,1108
5075.167377,2630223451,2630224541,15621,1090
5075.179409,2630232284,2630233397,15994,1113
5075.191428,2630241113,2630242222,15926,1109
5075.203445,2630249946,2630251025,15623,1079
5075.215482,2630258761,2630259864,16090,1103
5075.227497,2630267612,2630268717,15852,1105
5075.239514,2630276458,2630277532,15622,1074
5075.252545,2630287469,2630288584,16009,1115
5075.272582,2630300741,2630301849,15929,1108
5075.284599,2630309561,2630310638,15539,1077
5075.296635,2630318345,2630319458,16089,1113
5075.368772,2630371250,2630372351,16082,1101
5075.380787,2630380081,2630381189,15966,1108
5075.401823,2630395557,2630396637,15621,1080
5075.413858,2630404362,2630405466,16087,1104
5075.443910,2630426379,2630427485,15943,1106
5075.455930,2630435264,2630436370,15838,1106
5075.473971,2630448550,2630449653,15905,1103
5075.485994,2630457408,2630458520,15966,1112
5075.561133,2630512819,2630513928,15944,1109
5075.573160,2630521681,2630522787,15909,1106
5075.600204,2630541618,2630542727,15833,1109
5075.612234,2630550474,2630551583,15960,1109
5075.624251,2630559326,2630560432,15843,1106
5075.648301,2630577023,2630578103,15864,1080
5075.660321,2630585864,2630586967,15943,1103
5075.681358,2630601337,2630602441,15916,1104
5075.693390,2630610180,2630611254,15808,1074
5075.717423,2630627857,2630628964,15835,1107
5075.729457,2630636718,2630637829,16029,1111
5075.783556,2630676431,2630677543,15950,1112
5075.795576,2630685254,2630686357,16044,1103
5075.807598,2630694086,2630695192,15831,1106
5075.819628,2630702955,2630704060,15867,1105
5075.840662,2630718411,2630719520,16047,1109
5075.852681,2630727211,2630728322,15632,1111
5075.868724,2630740459,2630741562,15716,1103
5075.891761,2630755887,2630756996,15958,1109
5075.903782,2630764710,2630765814,15967,1104
5075.957885,2630804423,2630805529,15965,1106
5075.969912,2630813219,2630814322,15715,1103
5075.981935,2630822039,2630823113,15883,1074
5075.993954,2630830837,2630831941,16047,1104
5076.005976,2630839640,2630840745,15670,1105
5076.060076,2630879316,2630880426,15634,1110
5076.072108,2630888144,2630889250,15987,1106
5076.084125,2630896980,2630898090,15923,1110
5076.096144,2630905773,2630906885,15638,1112
5076.117190,2630921229,2630922343,15941,1114
5076.129212,2630930108,2630931207,15934,1099
5076.162276,2630954298,2630955407,16032,1109
5076.177301,2630965744,2630966854,15595,1110
5076.201349,2630983454,2630984565,15965,1111
5076.213367,2630992264,2630993371,15553,1107
5076.240419,2631012144,2631013248,15636,1104
5076.252447,2631020985,2631022093,15950,1108
5076.264468,2631029823,2631030929,15967,1106
5076.276490,2631038673,2631039782,15835,1109
5076.288516,2631047487,2631048593,15950,1106
5076.309555,2631062991,2631064096,15928,1105
5076.321575,2631071814,2631072924,15831,1110
5076.408743,2631135828,2631136933,15969,1105
5076.420764,2631144657,2631145768,15802,1111
5076.432793,2631153488,2631154594,16009,1106
5076.471865,2631182217,2631183330,16033,1113
5076.489897,2631195440,2631196554,15962,1114
5076.501916,2631204253,2631205361,15707,1108
5076.513949,2631213115,2631214224,16044,1109
5076.525967,2631221980,2631223088,15941,1108
5076.537984,2631230771,2631231882,15632,1111
5076.550013,2631239584,2631240692,15858,1108
5076.616137,2631288072,2631289180,15856,1108
5076.628159,2631296936,2631298042,15785,1106
5076.640187,2631305779,2631306859,15806,1080
5076.652205,2631314577,2631315680,15960,1103
5076.676254,2631332194,2631333300,15948,1106
5076.688275,2631341052,2631342161,15931,1109
5076.700293,2631349859,2631350966,15595,1107
5076.712322,2631358678,2631359787,15946,1109
5076.727345,2631369748,2631370855,15597,1107
5076.739373,2631378565,2631379678,15858,1113
5076.757408,2631391782,2631392891,15943,1109
5076.769431,2631400625,2631401725,15953,1100
5076.829545,2631444711,2631445815,15948,1104
5076.841566,2631453537,2631454643,16046,1106
5076.880637,2631482180,2631483280,15634,1100
5076.892669,2631490980,2631492061,15821,1081
5076.904686,2631499805,2631500908,15954,1103
5076.916708,2631508673,2631509790,15846,1117
5076.928734,2631517508,2631518613,15950,1105
5076.944768,2631530737,2631531848,15944,1111
5077.033928,2631594694,2631595799,15597,1105
5077.045958,2631603532,2631604645,15946,1113
5077.063994,2631616783,2631617889,15968,1106
5077.076011,2631625625,2631626734,15968,1109
5077.088030,2631634419,2631635526,15634,1107
5077.100059,2631643218,2631644333,15942,1115
5077.112080,2631652086,2631653195,15812,1109
5077.124099,2631660934,2631662037,15601,1103
5077.136128,2631669751,2631670855,15904,1104
5077.148149,2631678579,2631679678,15879,1099
5077.160175,2631687380,2631688492,15716,1112
5077.178202,2631700617,2631701719,15629,1102
5077.190231,2631709437,2631710546,15947,1109
5077.220287,2631731552,2631732661,15939,1109
5077.232305,2631740344,2631741451,15710,1107
5077.244334,2631749154,2631750258,16031,1104
5077.256354,2631757980,2631759088,16047,1108
5077.268377,2631766790,2631767891,15835,1101
5077.280402,2631775618,2631776727,15906,1109
5077.304442,2631793245,2631794352,15589,1107
5077.316475,2631802120,2631803234,15958,1114
5077.352540,2631828596,2631829705,15952,1109
5077.364563,2631837436,2631838534,15865,1098
5077.376579,2631846298,2631847395,15624,1097
5077.388608,2631855132,2631856241,15966,1109
5077.448717,2631899268,2631900374,15630,1106
5077.460749,2631908079,2631909185,16001,1106
5077.511840,2631945522,2631946626,15831,1104
5077.523866,2631954363,2631955472,16033,1109
5077.535886,2631963200,2631964309,16044,1109
5077.547905,2631972008,2631973108,15632,1100
5077.565939,2631985225,2631986333,15700,1108
5077.577969,2631994081,2631995199,15953,1118
5077.608023,2632016157,2632017263,15859,1106
5077.620042,2632024997,2632026098,15595,1101
5077.632073,2632033815,2632034893,15810,1078
5077.650106,2632047000,2632048109,15954,1109
5077.662129,2632055838,2632056942,15957,1104
5077.674146,2632064651,2632065754,15598,1103
5077.684334,2632073856,2632074959,15954,1103
5077.716230,2632095928,2632097039,15935,1111
5077.728248,2632104748,2632105846,15545,1098
5077.740277,2632113558,2632114662,15864,1104
5077.752298,2632122358,2632123468,15966,1110
5077.764316,2632131164,2632132269,15628,1105
5077.780359,2632144402,2632145508,15628,1106
5077.884551,2632219324,2632220428,16044,1104
5077.896572,2632228156,2632229262,15966,1106
5077.908594,2632236971,2632238085,15908,1114
5077.920622,2632245810,2632246910,16050,1100
5077.932641,2632254648,2632255756,15971,1108
5077.959694,2632274534,2632275639,15953,1105
5077.971711,2632283318,2632284425,15545,1107
5077.989746,2632296586,2632297688,15596,1102
5078.001776,2632305396,2632306509,15946,1113
5078.097951,2632376081,2632377174,15625,1093
5078.109985,2632384933,2632386041,15964,1108
5078.128015,2632398166,2632399276,16018,1110
5078.140035,2632406994,2632408103,16048,1109
5078.152062,2632415794,2632416897,15752,1103
5078.164087,2632424692,2632425805,16060,1113
5078.176103,2632433600,2632434710,15923,1110
5078.188132,2632442508,2632443622,15910,1114
5078.200156,2632451395,2632452508,15919,1113
5078.212171,2632460305,2632461420,15746,1115
5078.224200,2632469210,2632470321,15866,1111
5078.236224,2632478094,2632479194,15901,1100
5078.248241,2632486919,2632488030,15880,1111
5078.266275,2632500145,2632501250,15963,1105
5078.311363,2632533285,2632534389,15936,1104
5078.323383,2632542116,2632543234,15738,1118
5078.335411,2632550972,2632552076,15967,1104
5078.347431,2632559830,2632560937,15935,1107
5078.359448,2632568628,2632569735,15546,1107
5078.371482,2632577483,2632578592,15971,1109
5078.383498,2632586306,2632587415,15966,1109
5078.395517,2632595100,2632596198,15552,1098
5078.413551,2632608332,2632609428,15597,1096
5078.425580,2632617138,2632618252,15956,1114
5078.473671,2632652478,2632653587,15938,1109
5078.485688,2632661278,2632662379,15631,1101
5078.536790,2632698758,2632699864,15967,1106
5078.553320,2632711039,2632712145,15825,1106
5078.565346,2632719856,2632720961,15959,1105
5078.577367,2632728668,2632729773,15972,1105
5078.589385,2632737490,2632738596,15591,1106
5078.643489,2632777137,2632778240,15708,1103
5078.655522,2632786002,2632787106,15961,1104
5078.667538,2632794810,2632795920,15959,1110
5078.679557,2632803599,2632804705,15626,1106
5078.697599,2632816822,2632817936,15711,1114
5078.709623,2632825653,2632826736,15809,1083
5078.745689,2632852100,2632853203,15946,1103
5078.757712,2632860974,2632862077,15843,1103
5078.823832,2632909436,2632910538,15622,1102
5078.835860,2632918246,2632919359,15943,1113
5078.847881,2632927082,2632928192,15857,1110
5078.859901,2632935920,2632937023,15594,1103
5078.877934,2632949154,2632950261,15623,1107
5078.889964,2632957982,2632959088,15949,1106
5078.907998,2632971202,2632972307,15954,1105
5078.920018,2632980017,2632981125,15962,1108
5078.932037,2632988792,2632989905,15632,1113
5078.944068,2632997630,2632998730,15968,1100
5078.956087,2633006509,2633007622,15878,1113
5078.968109,2633015348,2633016457,15824,1109
5078.980135,2633024187,2633025295,15951,1108
5078.992156,2633033021,2633034130,15964,1109
5079.004174,2633041810,2633042922,15549,1112
5079.016203,2633050621,2633051727,15951,1106
5079.028224,2633059434,2633060545,15965,1111
5079.040243,2633068227,2633069319,15548,1092
5079.052277,2633077068,2633078172,15963,1104
5079.064293,2633085902,2633087011,15963,1109
5079.076311,2633094750,2633095848,15594,1098
5079.091344,2633105779,2633106893,15958,1114
5079.112380,2633121186,2633122289,15629,1103
5079.124409,2633129996,2633131105,15948,1109
5079.136429,2633138813,2633139926,15922,1113
5079.151465,2633149854,2633150959,15955,1105
5079.169499,2633163153,2633164256,15957,1103
5079.181516,2633171971,2633173076,15972,1105
5079.193542,2633180799,2633181900,15675,1101
5079.210074,2633193375,2633194488,15958,1113
5079.222093,2633202211,2633203324,15957,1113
5079.234114,2633211064,2633212168,15822,1104
5079.285213,2633248560,2633249666,15963,1106
5079.300248,2633259620,2633260734,15956,1114
5079.336312,2633286076,2633287181,15951,1105
5079.348336,2633294896,2633296002,15996,1106
5079.360352,2633303686,2633304789,15627,1103
5079.387404,2633323527,2633324628,15703,1101
5079.399437,2633332399,2633333510,16046,1111
5079.411453,2633341218,2633342332,15878,1114
5079.429487,2633354430,2633355533,15960,1103
5079.441514,2633363239,2633364346,15667,1107
5079.489604,2633398538,2633399641,15950,1103
5079.501626,2633407421,2633408524,15935,1103
5079.567746,2633455847,2633456950,15710,1103
5079.579776,2633464673,2633465771,15951,1098
5079.591796,2633473493,2633474597,15859,1104
5079.603814,2633482326,2633483427,15592,1101
5079.615844,2633491149,2633492260,15953,1111
5079.627864,2633499977,2633501086,15970,1109
5079.639891,2633508765,2633509868,15716,1103
5079.651912,2633517588,2633518692,15951,1104
5079.669949,2633530815,2633531893,15883,1078
5079.681967,2633539600,2633540705,15972,1105
5079.701016,2633555038,2633556144,15670,1106
5079.754105,2633592540,2633593640,15968,1100
5079.766124,2633601330,2633602428,15629,1098
5079.784161,2633614572,2633615676,15828,1104
5079.796191,2633623419,2633624531,16032,1112
5079.808207,2633632258,2633633367,16045,1109
5079.820226,2633641065,2633642167,15548,1102
5079.832256,2633649866,2633650975,15865,1109
5079.844279,2633658684,2633659798,15954,1114
5079.856295,2633667535,2633668642,15551,1107
5079.883349,2633687415,2633688520,15822,1105
5079.895380,2633696266,2633697365,15949,1099
5079.907396,2633705091,2633706199,15965,1108
5079.961499,2633744763,2633745868,15963,1105
5079.973518,2633753562,2633754664,15630,1102
5079.985547,2633762399,2633763498,16009,1099
5079.997570,2633771260,2633772369,15946,1109
5080.009586,2633780088,2633781194,15596,1106
5080.021618,2633788914,2633790023,16033,1109
5080.117792,2633859467,2633860574,15624,1107
5080.129822,2633868289,2633869396,15951,1107
5080.147856,2633881513,2633882617,16031,1104
5080.159876,2633890337,2633891446,16007,1109
5080.180912,2633905744,2633906848,15748,1104
5080.192946,2633914623,2633915738,15874,1115
5080.204962,2633923449,2633924555,15963,1106
5080.229010,2633941090,2633942197,15948,1107
5080.241034,2633949927,2633951040,15953,1113
5080.257065,2633963226,2633964331,16018,1105
5080.328199,2634013867,2634014971,16035,1104
5080.340222,2634022701,2634023810,15962,1109
5080.352238,2634031495,2634032607,15628,1112
5080.364269,2634040317,2634041396,15843,1079
5080.385305,2634055695,2634056804,15861,1109
5080.397324,2634064526,2634065633,15672,1107
5080.433400,2634090954,2634092061,15786,1107
5080.445422,2634099795,2634100897,16034,1102
5080.520562,2634154948,2634156057,16044,1109
5080.532589,2634163707,2634164810,15787,1103
5080.592701,2634207799,2634208905,15937,1106
5080.604718,2634216637,2634217740,15588,1103
5080.616748,2634225448,2634226554,15926,1106
5080.628768,2634234266,2634235362,15960,1096
5080.692902,2634282797,2634283903,15669,1106
5080.704919,2634291660,2634292765,15973,1105
5080.716940,2634299806,2634300915,15824,1109
5080.736479,2634315319,2634316433,15962,1114
5080.801599,2634361615,2634362724,15956,1109
5080.813620,2634370465,2634371576,15967,1111
5080.840672,2634390363,2634391467,15933,1104
5080.852690,2634399184,2634400295,15627,1111
5080.903791,2634436657,2634437762,16049,1105
5080.915810,2634445507,2634446605,15673,1098
5080.927839,2634454331,2634455440,15955,1109
5080.939858,2634463209,2634464313,15886,1104
5080.951879,2634472005,2634473108,15626,1103
5081.011996,2634516085,2634517192,15960,1107
5081.024015,2634524905,2634526006,15621,1101
5081.036049,2634533753,2634534862,15966,1109
5081.048065,2634542597,2634543707,15963,1110
5081.060085,2634551421,2634552529,15665,1108
5081.072113,2634560243,2634561347,15952,1104
5081.084137,2634569064,2634570169,16033,1105
5081.102168,2634582284,2634583394,15968,1110
5081.114187,2634591084,2634592191,15703,1107
5081.129220,2634602141,2634603248,15861,1107
5081.144251,2634613177,2634614278,16030,1101
5081.156271,2634622002,2634623111,15967,1109
5081.168290,2634630813,2634631920,15701,1107
5081.180323,2634639662,2634640771,15995,1109
5081.192340,2634648478,2634649587,15967,1109
5081.204359,2634657319,2634658420,15595,1101
5081.216392,2634666167,2634667276,15956,1109
5081.232422,2634679426,2634680531,15954,1105
5081.252456,2634692613,2634693722,15955,1109
5081.264477,2634701434,2634702545,15961,1111
5081.276503,2634710245,2634711352,15706,1107
5081.288525,2634719086,2634720199,15944,1113
5081.300545,2634727922,2634729027,15966,1105
5081.312564,2634736716,2634737822,15546,1106
5081.327597,2634747762,2634748870,15860,1108
5081.339616,2634756592,2634757704,15550,1112
5081.357653,2634769871,2634770979,15818,1108
5081.369679,2634778691,2634779797,15900,1106
5081.384703,2634789708,2634790815,15631,1107
5081.396730,2634798536,2634799643,15856,1107
5081.411753,2634809521,2634810625,15635,1104
5081.423786,2634818388,2634819497,15958,1109
5081.441817,2634831654,2634832760,15947,1106
5081.453833,2634840466,2634841573,15881,1107
5081.468868,2634851459,2634852568,15956,1109
5081.480893,2634860272,2634861377,15950,1105
5081.495919,2634871278,2634872392,15946,1114
5081.509446,2634881463,2634882576,15956,1113
5081.521466,2634890324,2634891429,16044,1105
5081.533485,2634899112,2634900219,15707,1107
5081.545514,2634907937,2634909045,15956,1108
5081.557534,2634916765,2634917870,15970,1105
5081.572565,2634927778,2634928887,16031,1109
5081.593603,2634943244,2634944343,16051,1099
5081.605622,2634952097,2634953199,15593,1102
5081.629674,2634969720,2634970826,16032,1106
5081.641691,2634978533,2634979640,15589,1107
5081.695793,2635018255,2635019358,15628,1103
5081.707822,2635027074,2635028179,15956,1105
5081.719843,2635035887,2635036996,16049,1109
5081.731862,2635044702,2635045809,15704,1107
5081.743894,2635053531,2635054605,15813,1074
5081.755912,2635062332,2635063445,15979,1113
5081.767930,2635071161,2635072269,15592,1108
5081.779965,2635080028,2635081106,15890,1078
5081.791980,2635088815,2635089919,16049,1104
5081.803999,2635097614,2635098726,15703,1112
5081.840067,2635124057,2635125155,15626,1098
5081.852097,2635132878,2635133992,15950,1114
5081.864117,2635141713,2635142819,15970,1106
5081.876139,2635150529,2635151643,15830,1114
5081.888170,2635159379,2635160453,15857,1074
5081.900189,2635168168,2635169277,15954,1109
5081.912205,2635176956,2635178057,15666,1101
5081.924237,2635185770,2635186879,15998,1109
5081.936254,2635194584,2635195693,15965,1109
5081.954289,2635207814,2635208918,15962,1104
5082.017409,2635254104,2635255208,15961,1104
5082.029428,2635262897,2635264006,15629,1109
5082.044460,2635273955,2635275061,15924,1106
5082.056481,2635282767,2635283873,15546,1106
5082.119607,2635329067,2635330177,15707,1110
5082.131629,2635337906,2635339015,15950,1109
5082.149663,2635351108,2635352209,15949,1101
5082.161683,2635359923,2635361027,16049,1104
5082.185731,2635377572,2635378676,16038,1104
5082.197752,2635386380,2635387489,16046,1109
5082.215786,2635399607,2635400716,16050,1109
5082.226316,2635407572,2635408685,16033,1113
5082.239835,2635417712,2635418821,15960,1109
5082.251855,2635426542,2635427645,15972,1103
5082.263876,2635435398,2635436502,15834,1104
5082.275907,2635444237,2635445342,16035,1105
5082.287923,2635453055,2635454164,16047,1109
5082.299942,2635461843,2635462946,15662,1103
5082.311971,2635470653,2635471757,15950,1104
5082.323994,2635479487,2635480601,15956,1114
5082.336011,2635488281,2635489388,15624,1107
5082.348040,2635497119,2635498228,15954,1109
5082.360060,2635505943,2635507052,15965,1109
5082.372082,2635514779,2635515885,15811,1106
5082.396130,2635526345,2635526959,12011,614
5082.409657,2635531523,2635532348,13430,825
5082.421682,2635540431,2635541591,16271,1160
5082.433707,2635549722,2635550905,16353,1183
5082.460759,2635570889,2635572070,16401,1181
5082.472774,2635580429,2635581613,16148,1184
5082.523878,2635620628,2635621817,16396,1189
5082.535894,2635630116,2635631305,16130,1189
5082.547924,2635639553,2635640742,16240,1189
5082.559947,2635648994,2635650182,16332,1188
5082.571962,2635658474,2635659668,16194,1194
5082.583993,2635667967,2635669161,16286,1194
5082.596016,2635677454,2635678643,16373,1189
5082.608033,2635686939,2635688137,16221,1198
5082.620060,2635696468,2635697655,16316,1187
5082.632084,2635705979,2635707171,16281,1192
5082.644102,2635715474,2635716644,16261,1170
5082.656128,2635724991,2635726180,16319,1189
5082.668153,2635734532,2635735728,16416,1196
5082.680168,2635744093,2635745286,16231,1193
5082.692197,2635753646,2635754844,16312,1198
5082.704221,2635763154,2635764347,16351,1193
5082.716235,2635772687,2635773882,16219,1195
5082.728266,2635782211,2635783409,16316,1198
5082.740290,2635791734,2635792899,16397,1165
5082.752305,2635801224,2635802414,16234,1190
5082.764334,2635810740,2635811933,16224,1193
5082.785376,2635827390,2635828583,16402,1193
5082.797391,2635836895,2635838089,16232,1194
5082.809420,2635846429,2635847616,16316,1187
5082.827454,2635860743,2635861935,16313,1192
5082.839478,2635870287,2635871476,16398,1189
5082.851494,2635879845,2635881034,16232,1189
5082.863522,2635889373,2635890566,16223,1193
5082.875548,2635898893,2635900086,16387,1193
5082.887563,2635908438,2635909631,16158,1193
5082.899593,2635916125,2635917235,15867,1110
5082.911613,2635925009,2635926119,15962,1110
5082.923631,2635933906,2635935020,15856,1114
5082.935660,2635942787,2635943893,15909,1106
5082.947681,2635951656,2635952768,15957,1112
5082.959699,2635960536,2635961635,15857,1099
5082.971729,2635969402,2635970512,15915,1110
5082.983750,2635978286,2635979392,15969,1106
5082.995768,2635987149,2635988255,15939,1106
5083.007797,2635996035,2635997144,15906,1109
5083.019819,2636004891,2636005995,15963,1104
5083.031837,2636013782,2636014899,15857,1117
5083.043866,2636022652,2636023759,15821,1107
5083.055887,2636031520,2636032635,15870,1115
5083.067905,2636040390,2636041496,15860,1106
5083.079937,2636049265,2636050379,15986,1114
5083.091958,2636058152,2636059261,16054,1109
5083.103974,2636067019,2636068128,15843,1109
5083.116005,2636075872,2636076981,15913,1109
5083.128026,2636084715,2636085829,15891,1114
5083.140042,2636093608,2636094717,15798,1109
5083.152074,2636102469,2636103578,15883,1109
5083.164095,2636111337,2636112442,16069,1105
5083.176111,2636120207,2636121307,15851,1100
5083.188142,2636129071,2636130181,15993,1110
5083.200164,2636137961,2636139075,15982,1114
5083.212183,2636146854,2636147972,15865,1118
5083.224209,2636155773,2636156890,15909,1117
5083.236233,2636164682,2636165796,15992,1114
5083.248248,2636173581,2636174695,15830,1114
5083.260277,2636182499,2636183610,15817,1111
5083.272302,2636191384,2636192498,15991,1114
5083.284319,2636200293,2636201402,15829,1109
5083.296346,2636209168,2636210274,15904,1106
5083.311370,2636220248,2636221358,15845,1110
5083.323397,2636229155,2636230259,15908,1104
5083.335422,2636238004,2636239121,15957,1117
5083.347437,2636246879,2636247988,15833,1109
5083.359465,2636255753,2636256851,15908,1098
5083.371490,2636264620,2636265728,15994,1108
5083.383506,2636273498,2636274607,15829,1109
5083.395534,2636282356,2636283462,15906,1106
5083.407561,2636291227,2636292333,16011,1106
5083.431603,2636308968,2636310079,15903,1111
5083.443628,2636317826,2636318935,15994,1109
5083.455643,2636326704,2636327813,15828,1109
5083.467672,2636335567,2636336673,15906,1106
5083.479696,2636344436,2636345544,15903,1108
5083.491711,2636353315,2636354424,15754,1109
5083.503739,2636362180,2636363293,15859,1113
5083.515763,2636371043,2636372146,15931,1103
5083.527780,2636379903,2636381017,15757,1114
5083.539810,2636388778,2636389884,15931,1106
5083.551832,2636397628,2636398742,15888,1114
5083.563849,2636406523,2636407632,15826,1109
5083.575878,2636415387,2636416485,15926,1098
5083.587901,2636424238,2636425349,15935,1111
5083.599917,2636433108,2636434209,15762,1101
5083.611944,2636441963,2636443073,15908,1110
5083.623971,2636450834,2636451942,15886,1108
5083.635986,2636459716,2636460824,15831,1108
5083.648013,2636468597,2636469710,15909,1113
5083.660038,2636477456,2636478560,16002,1104
5083.672057,2636486310,2636487419,15954,1109
5083.684082,2636495199,2636496308,15907,1109
5083.696108,2636504078,2636505191,15990,1113
5083.708122,2636512950,2636514056,15899,1106
5083.720152,2636521829,2636522941,15905,1112
5083.732176,2636530687,2636531792,15987,1105
5083.744193,2636539961,2636541074,15828,1113
5083.780263,2636566599,2636567712,15852,1113
5083.792289,2636575473,2636576586,15906,1113
5083.804313,2636584350,2636585456,15987,1106
5083.816328,2636593233,2636594351,15742,1118
5083.828358,2636602107,2636603217,15913,1110
5083.880464,2636641992,2636643105,15903,1113
5083.897483,2636653098,2636654202,15842,1104
5083.909510,2636661956,2636663057,15906,1101
5083.924535,2636673045,2636674151,15844,1106
5083.936563,2636681926,2636683038,15906,1112
5083.948588,2636690807,2636691916,15993,1109
5083.972630,2636708549,2636709662,15907,1113
5083.984655,2636717420,2636718529,15939,1109
5084.008699,2636735164,2636736264,15902,1100
5084.020724,2636744015,2636745130,15932,1115
5084.032740,2636752896,2636754001,15843,1105
5084.044768,2636761759,2636762873,15900,1114
5084.056792,2636770627,2636771735,15907,1108
5084.080836,2636788345,2636789450,15909,1105
5084.092861,2636797191,2636798302,15937,1111
5084.104876,2636806068,2636807171,15815,1103
5084.116907,2636814924,2636816028,15909,1104
5084.128931,2636823762,2636824873,15987,1111
5084.140951,2636832647,2636833755,15859,1108
5084.152975,2636841511,2636842624,15905,1113
5084.165000,2636850375,2636851482,15877,1107
5084.189043,2636868114,2636869220,15910,1106
5084.201068,2636876977,2636878077,15989,1100
5084.225112,2636894701,2636895808,15910,1107
5084.240135,2636905788,2636906893,15830,1105
5084.252163,2636914650,2636915755,15819,1105
5084.265194,2636925737,2636926845,15854,1108
5084.300257,2636950136,2636951241,15988,1105
5084.312275,2636959060,2636960165,15767,1105
5084.324301,2636967923,2636969034,15865,1111
5084.339323,2636978999,2636980102,15823,1103
5084.351352,2636987862,2636988968,15903,1106
5084.363377,2636996737,2636997848,15988,1111
5084.375392,2637005617,2637006724,15742,1107
5084.387421,2637014490,2637015596,15910,1106
5084.399445,2637023357,2637024461,15990,1104
5084.411460,2637032233,2637033342,15827,1109
5084.423489,2637041105,2637042215,15908,1110
5084.435514,2637049961,2637051061,15991,1100
5084.447529,2637058815,2637059921,15820,1106
5084.465564,2637072128,2637073237,15830,1109
5084.477592,2637081009,2637082124,15887,1115
5084.495627,2637094325,2637095435,15909,1110
5084.513661,2637107656,2637108764,15879,1108
5084.525684,2637116513,2637117620,15904,1107
5084.537701,2637125387,2637126491,15804,1104
5084.555735,2637138677,2637139786,15824,1109
5084.567763,2637147567,2637148676,15912,1109
5084.579787,2637156444,2637157552,15946,1108
5084.615856,2637183026,2637184135,15973,1109
5084.627872,2637191894,2637193007,15839,1113
5084.639900,2637200772,2637201876,15907,1104
5084.651924,2637209621,2637210734,15965,1113
5084.663941,2637218485,2637219591,15755,1106
5084.675970,2637227376,2637228484,15881,1108
5084.687993,2637236244,2637237348,15861,1104
5084.706027,2637249539,2637250652,15942,1113
5084.718044,2637258427,2637259527,15825,1100
5084.760131,2637289414,2637290519,15983,1105
5084.772146,2637298288,2637299397,15746,1109
5084.784175,2637307162,2637308265,15865,1103
5084.796200,2637316017,2637317123,15906,1106
5084.808215,2637324874,2637325982,15832,1108
5084.820244,2637333771,2637334884,15917,1113
5084.832268,2637342625,2637343738,15970,1113
5084.844283,2637351498,2637352601,15879,1103
5084.865329,2637367044,2637368158,15906,1114
5084.877356,2637375922,2637377033,15993,1111
5084.904407,2637395864,2637396968,16006,1104
5084.916423,2637404743,2637405848,15830,1105
5084.928450,2637413604,2637414710,15909,1106
5084.940474,2637422480,2637423589,15902,1109
5084.967526,2637442420,2637443526,15989,1106
5084.979541,2637451279,2637452385,15830,1106
5084.991570,2637460122,2637461221,15914,1099
5085.012611,2637475626,2637476736,15978,1110
5085.024627,2637484521,2637485624,15832,1103
5085.075732,2637522179,2637523285,15964,1106
5085.087747,2637531047,2637532152,15830,1105
5085.099775,2637539902,2637541012,15865,1110
5085.111800,2637548790,2637549899,15992,1109
5085.123815,2637557676,2637558785,15841,1109
5085.135842,2637566555,2637567670,15901,1115
5085.147868,2637575428,2637576537,15993,1109
5085.165902,2637588708,2637589814,15973,1106
5085.177918,2637597567,2637598671,15846,1104
5085.189948,2637606442,2637607553,15910,1111
5085.201970,2637615289,2637616403,15889,1114
5085.226014,2637633004,2637634118,15902,1114
5085.238039,2637641879,2637642992,15986,1113
5085.253066,2637653386,2637654498,15910,1112
5085.268092,2637664472,2637665585,15868,1113
5085.289134,2637679978,2637681082,15907,1104
5085.301159,2637688833,2637689947,15973,1114
5085.313175,2637697702,2637698811,15843,1109
5085.328211,2637708794,2637709898,15944,1104
5085.340227,2637717657,2637718757,15743,1100
5085.352256,2637726511,2637727617,15907,1106
5085.364280,2637735352,2637736457,15903,1105
5085.376296,2637744229,2637745342,15837,1113
5085.388324,2637753097,2637754205,15892,1108
5085.481503,2637821768,2637822872,15985,1104
5085.493517,2637830607,2637831715,15820,1108
5085.508554,2637841695,2637842808,15982,1113
5085.523581,2637852789,2637853898,15902,1109
5085.535606,2637861819,2637862934,15986,1115
5085.547622,2637870688,2637871797,15748,1109
5085.559652,2637879584,2637880690,15839,1106
5085.571674,2637888441,2637889550,15904,1109
5085.583690,2637897304,2637898409,15744,1105
5085.595718,2637906152,2637907257,15904,1105
5085.607743,2637915003,2637916101,15945,1098
5085.619758,2637923873,2637924982,15827,1109
5085.631789,2637932736,2637933845,15925,1109
5085.643812,2637941597,2637942708,16004,1111
5085.655827,2637950472,2637951577,15837,1105
5085.667856,2637959332,2637960446,15914,1114
5085.679880,2637968206,2637969306,15990,1100
5085.691897,2637977064,2637978181,15846,1117
5085.703925,2637985960,2637987073,15908,1113
5085.715949,2637994831,2637995937,15987,1106
5085.727964,2638003701,2638004812,15832,1111
5085.739991,2638012587,2638013693,15901,1106
5085.752016,2638021456,2638022564,15890,1108
5085.764033,2638030319,2638031429,15846,1110
5085.776060,2638039178,2638040283,15911,1105
5085.788085,2638048022,2638049131,15975,1109
5085.800102,2638056897,2638058005,15757,1108
5085.812129,2638065761,2638066870,15904,1109
5085.824153,2638074624,2638075727,15932,1103
5085.836170,2638083489,2638084598,15841,1109
5085.848197,2638092344,2638093455,15908,1111
5085.860222,2638101212,2638102317,15979,1105
5085.872238,2638110083,2638111189,15847,1106
5085.884266,2638118938,2638120041,15906,1103
5085.896290,2638127793,2638128902,15975,1109
5085.908307,2638136660,2638137764,15759,1104
5085.929351,2638152182,2638153286,15904,1104
5085.941377,2638161054,2638162165,15991,1111
5086.031548,2638227581,2638228695,15976,1114
5086.043564,2638236459,2638237568,15739,1109
5086.055592,2638245328,2638246442,15905,1114
5086.067616,2638254188,2638255297,15975,1109
5086.079633,2638263050,2638264156,15843,1106
5086.091660,2638271911,2638273015,15817,1104
5086.103685,2638280785,2638281890,15930,1105
5086.115701,2638289655,2638290760,15849,1105
5086.127731,2638298520,2638299630,15928,1110
5086.139755,2638307394,2638308503,15918,1109
5086.151770,2638316266,2638317375,15832,1109
5086.163799,2638325134,2638326245,15907,1111
5086.175823,2638334000,2638335115,15987,1115
5086.187838,2638342870,2638343976,15776,1106
5086.199867,2638351721,2638352835,15906,1114
5086.211892,2638360593,2638361699,15947,1106
5086.223908,2638369471,2638370570,15831,1099
5086.235936,2638378313,2638379421,15913,1108
5086.247960,2638387168,2638388273,15993,1105
5086.259976,2638396024,2638397133,15838,1109
5086.272005,2638404889,2638405998,15912,1109
5086.284029,2638413754,2638414859,15966,1105
5086.296045,2638422620,2638423724,15788,1104
5086.308073,2638431468,2638432572,15906,1104
5086.320098,2638440337,2638441441,15901,1104
5086.332113,2638449225,2638450334,15743,1109
5086.344144,2638458102,2638459213,15906,1111
5086.356166,2638466955,2638468063,15992,1108
5086.368182,2638475820,2638476924,15740,1104
5086.380211,2638484709,2638485817,15839,1108
5086.392235,2638493571,2638494685,15985,1114
5086.404250,2638502432,2638503535,15824,1103
5086.416279,2638511287,2638512392,15905,1105
5086.428303,2638520151,2638521257,15943,1106
5086.440319,2638529019,2638530126,15832,1107
5086.452348,2638537899,2638539009,15910,1110
5086.464372,2638546770,2638547875,15903,1105
5086.512456,2638582203,2638583314,15827,1111
5086.524487,2638591068,2638592175,15927,1107
5086.536509,2638599927,2638601026,15913,1099
5086.560548,2638617705,2638618806,15832,1101
5086.572574,2638626535,2638627640,16031,1105
5086.665749,2638694948,2638696053,16047,1105
5086.677767,2638703733,2638704839,15622,1106
5086.749905,2638756581,2638757684,15626,1103
5086.760334,2638765806,2638766914,16029,1108
5086.773955,2638774660,2638775765,16049,1105
5086.785976,2638783538,2638784651,15838,1113
5086.858111,2638836535,2638837646,15627,1111
5086.870139,2638845363,2638846478,15965,1115
5086.909212,2638874101,2638875215,15966,1114
5086.921230,2638882934,2638884040,15589,1106
5086.957302,2638909407,2638910509,15641,1102
5086.969332,2638918248,2638919352,15927,1104
5086.981351,2638927082,2638928188,15855,1106
5087.080538,2638999883,2639000988,15860,1105
5087.092557,2639008690,2639009795,15665,1105
5087.104586,2639017527,2639018631,15958,1104
5087.161693,2639059503,2639060612,15934,1109
5087.173715,2639068337,2639069448,15860,1111
5087.185745,2639077204,2639078318,16031,1114
5087.197761,2639086044,2639087153,15966,1109
5087.209779,2639094860,2639095960,15622,1100
5087.239847,2639116930,2639118027,15959,1097
5087.251863,2639125754,2639126860,15963,1106
5087.263882,2639134534,2639135632,15627,1098
5087.275911,2639143345,2639144455,15948,1110
5087.293946,2639156617,2639157726,15945,1109
5087.305965,2639165449,2639166549,15882,1100
5087.372092,2639213974,2639215084,15644,1110
5087.384121,2639222856,2639223960,15965,1104
5087.396138,2639231673,2639232773,15969,1100
5087.414172,2639244964,2639246064,15969,1100
5087.426199,2639253801,2639254904,15674,1103
5087.504344,2639311179,2639312284,15967,1105
5087.516362,2639319974,2639321086,15622,1112
5087.528394,2639328815,2639329919,16075,1104
5087.561448,2639353030,2639354140,15705,1110
5087.573478,2639361852,2639362960,15952,1108
5087.592513,2639377317,2639378423,15956,1106
5087.612549,2639390535,2639391648,15962,1113
5087.624576,2639399359,2639400468,15710,1109
5087.687688,2639445695,2639446796,15670,1101
5087.699717,2639454505,2639455616,16036,1111
5087.712748,2639465550,2639466666,15699,1116
5087.729775,2639476605,2639477708,15949,1103
5087.741791,2639485415,2639486521,15587,1106
5087.780876,2639514113,2639515226,15960,1113
5087.792894,2639522976,2639524080,15843,1104
5087.816940,2639540570,2639541681,15959,1111
5087.828964,2639549401,2639550505,15997,1104
5087.840979,2639558230,2639559337,15550,1107
5087.853009,2639567040,2639568155,15949,1115
5087.865029,2639575867,2639576976,15967,1109
5087.910115,2639608882,2639609988,15965,1106
5087.922142,2639617675,2639618776,15711,1101
5087.934165,2639626498,2639627604,15952,1106
5087.946184,2639635331,2639636445,15963,1114
5087.958203,2639644140,2639645248,15700,1108
5087.988267,2639666197,2639667298,16035,1101
5088.000288,2639675049,2639676153,15848,1104
5088.012309,2639683868,2639684976,15824,1108
5088.024338,2639692691,2639693796,15997,1105
5088.036355,2639701514,2639702627,15967,1113
5088.048374,2639710353,2639711463,15587,1110
5088.060403,2639719190,2639720300,15947,1110
5088.136554,2639776485,2639777586,15623,1101
5088.159592,2639791900,2639793004,15943,1104
5088.192648,2639816195,2639817301,15627,1106
5088.204678,2639825029,2639826134,15945,1105
5088.216698,2639833875,2639834981,15965,1106
5088.228717,2639842664,2639843767,15629,1103
5088.240751,2639851507,2639852616,15970,1109
5088.252767,2639860332,2639861437,15968,1105
5088.264786,2639869160,2639870272,15633,1112
5088.276819,2639878460,2639879578,15968,1118
5088.291840,2639889549,2639890660,15804,1111
5088.348952,2639931561,2639932670,16033,1109
5088.360972,2639940426,2639941534,15962,1108
5088.372994,2639949242,2639950350,15739,1108
5088.394040,2639964709,2639965813,15968,1104
5088.406061,2639973527,2639974631,16051,1104
5088.451143,2640006715,2640007829,15883,1114
5088.466175,2640017746,2640018859,16032,1113
5088.478197,2640026600,2640027709,15932,1109
5088.553334,2640081689,2640082795,15625,1106
5088.565364,2640090504,2640091609,16029,1105
5088.604436,2640119206,2640120305,15962,1099
5088.616462,2640127992,2640129099,15709,1107
5088.656537,2640158901,2640160000,15964,1099
5088.712641,2640198624,2640199729,15971,1105
5088.724660,2640207438,2640208544,15671,1106
5088.760729,2640233855,2640234956,15700,1101
5088.775763,2640244907,2640246011,15938,1104
5088.811830,2640271354,2640272460,15960,1106
5088.823849,2640280183,2640281288,15627,1105
5088.835878,2640288997,2640290108,15907,1111
5088.847900,2640297862,2640298971,15851,1109
5088.859917,2640306655,2640307762,15624,1107
5088.871951,2640315523,2640316635,15965,1112
5088.883967,2640324361,2640325466,15962,1105
5088.895986,2640333153,2640334259,15704,1106
5088.908015,2640341979,2640343093,15956,1114
5088.920039,2640350793,2640351902,15956,1109
5088.932055,2640359581,2640360684,15626,1103
5088.950089,2640372787,2640373893,15702,1106
5088.962120,2640381617,2640382698,15886,1081
5088.981154,2640397033,2640398142,16042,1109
5088.998187,2640408018,2640409123,16036,1105
5089.016224,2640421218,2640422317,16080,1099
5089.028243,2640430088,2640431188,15847,1100
5089.040260,2640438873,2640439983,15625,1110
5089.055293,2640449920,2640451023,16044,1103
5089.088359,2640474184,2640475282,16036,1098
5089.100378,2640483007,2640484120,15999,1113
5089.157483,2640524859,2640525969,15627,1110
5089.169517,2640533724,2640534832,15966,1108
5089.181533,2640542552,2640543656,15960,1104
5089.220604,2640571200,2640572306,15633,1106
5089.232635,2640580043,2640581152,15886,1109
5089.256672,2640597663,2640598776,15594,1113
5089.268705,2640606518,2640607623,16049,1105
5089.292741,2640624165,2640625267,15702,1102
5089.304770,2640632987,2640634094,15999,1107
5089.316794,2640641829,2640642938,15956,1109
5089.392941,2640699218,2640700333,15946,1115
5089.409971,2640710234,2640711344,15624,1110
5089.434013,2640727895,2640729004,15966,1109
5089.449044,2640738898,2640740007,16030,1109
5089.461065,2640747760,2640748874,15755,1114
5089.482104,2640763232,2640764337,15823,1105
5089.494130,2640772060,2640773169,15951,1109
5089.575284,2640831617,2640832722,15947,1105
5089.587305,2640840431,2640841530,15920,1099
5089.599324,2640849219,2640850326,15588,1107
5089.611356,2640858052,2640859152,15908,1100
5089.632390,2640873479,2640874585,15967,1106
5089.644409,2640882302,2640883408,15553,1106
5089.656439,2640891117,2640892227,15906,1110
5089.668460,2640899986,2640901100,15848,1114
5089.704528,2640926427,2640927534,15963,1107
5089.716547,2640935233,2640936334,15546,1101
5089.737593,2640950662,2640951764,16034,1102
5089.749613,2640959469,2640960578,16045,1109
5089.761635,2640968283,2640969392,15909,1109
5089.773664,2640977097,2640978170,15811,1073
5089.788684,2640988066,2640989176,15627,1110
5089.800713,2640997295,2640998403,15955,1108
5089.812736,2641006125,2641007230,15950,1105
5089.824753,2641014930,2641016027,15706,1097
5089.839785,2641025946,2641027051,16043,1105
5089.863837,2641043589,2641044698,15958,1109
5089.875855,2641052447,2641053552,15942,1105
5089.887876,2641061285,2641062393,15635,1108
5089.899906,2641070138,2641071247,16049,1109
5089.911925,2641078959,2641080067,16032,1108
5089.923941,2641087756,2641088849,15623,1093
5089.935972,2641096564,2641097670,15950,1106
5089.947991,2641105382,2641106495,15963,1113
5089.960012,2641114228,2641115339,15905,1111
5089.978044,2641127436,2641128537,15624,1101
5089.990077,2641136296,2641137405,16007,1109
5090.020126,2641158298,2641159405,15937,1107
5090.032147,2641167086,2641168191,15680,1105
5090.044176,2641175907,2641177025,15956,1118
5090.062214,2641189155,2641190265,15960,1110
5090.074232,2641197994,2641199107,15961,1113
5090.089262,2641208993,2641210103,15907,1110
5090.101282,2641217825,2641218929,15879,1104
5090.131336,2641239924,2641241031,15593,1107
5090.143367,2641248738,2641249842,15910,1104
5090.155385,2641257563,2641258672,15858,1109
5090.167404,2641266387,2641267490,15513,1103
5090.240553,2641321506,2641322620,15949,1114
5090.257578,2641332543,2641333654,15780,1111
5090.269605,2641341375,2641342479,15949,1104
5090.281626,2641350227,2641351337,15934,1110
5090.293644,2641359015,2641360127,15625,1112
5090.344746,2641396467,2641397571,15966,1104
5090.356767,2641405341,2641406450,15838,1109
5090.407868,2641442835,2641443938,16030,1103
5090.419884,2641451630,2641452721,15627,1091
5090.431914,2641460438,2641461547,15957,1109
5090.443934,2641469245,2641470351,15965,1106
5090.464970,2641484669,2641485775,15663,1106
5090.477003,2641493516,2641494620,16045,1104
5090.492021,2641504572,2641505684,15592,1112
5090.504054,2641513390,2641514500,15997,1110
5090.516071,2641522218,2641523322,15920,1104
5090.528090,2641531010,2641532112,15636,1102
5090.540120,2641539824,2641540928,15954,1104
5090.552140,2641548642,2641549751,15856,1109
5090.570174,2641561884,2641562991,15961,1107
5090.582193,2641570667,2641571770,15626,1103
5090.600235,2641583874,2641584980,15708,1106
5090.612256,2641592711,2641593815,15909,1104
5090.624277,2641601518,2641602622,15964,1104
5090.645313,2641616938,2641618045,15628,1107
5090.657346,2641625791,2641626905,15959,1114
5090.684397,2641645678,2641646782,15962,1104
5090.696416,2641654509,2641655618,15964,1109
5090.708433,2641663323,2641664426,15628,1103
5090.720466,2641672169,2641673277,15963,1108
5090.732482,2641680975,2641682074,15962,1099
5090.759535,2641700815,2641701920,15933,1105
5090.771553,2641709621,2641710728,15652,1107
5090.783584,2641718457,2641719531,15766,1074
5090.804623,2641733855,2641734963,15945,1108
5090.816639,2641742660,2641743763,15589,1103
5090.867739,2641780164,2641781269,15959,1105
5090.879759,2641788955,2641790055,15627,1100
5090.891788,2641797762,2641798871,15949,1109
5090.903811,2641806582,2641807687,15953,1105
5090.921843,2641819834,2641820949,15961,1115
5090.933861,2641828637,2641829737,15583,1100
5090.948895,2641839705,2641840819,15843,1114
5090.972943,2641857356,2641858455,15953,1099
5090.984962,2641866177,2641867286,15966,1109
5091.073132,2641932288,2641933393,16039,1105
5091.102188,2641952127,2641953231,15949,1104
5091.114205,2641960931,2641962028,15629,1097
5091.138254,2641978559,2641979673,16042,1114
5091.150276,2641987405,2641988508,15870,1103
5091.177325,2642007254,2642008360,15628,1106
5091.189356,2642016082,2642017190,15958,1108
5091.201377,2642024911,2642026016,15947,1105
5091.213393,2642033687,2642034790,15622,1103
5091.261491,2642068955,2642070063,16033,1108
5091.273511,2642077775,2642078879,16042,1104
5091.297562,2642095429,2642096542,15957,1113
5091.309580,2642104695,2642105808,15881,1113
5091.321108,2642114845,2642115954,15967,1109
5091.377209,2642154590,2642155698,15976,1108
5091.389230,2642163410,2642164521,15592,1111
5091.401261,2642172269,2642173384,15963,1115
5091.413277,2642181093,2642182199,15971,1106
5091.488417,2642236127,2642237238,15704,1111
5091.500449,2642244976,2642246080,16037,1104
5091.512467,2642253831,2642254937,15939,1106
5091.524485,2642262634,2642263740,15546,1106
5091.536514,2642271460,2642272566,15947,1106
5091.548332,2642279545,2642280654,15882,1109
5091.564331,2642287397,2642288022,11982,625
5091.580101,2642296375,2642297534,16372,1159
5091.592124,2642305661,2642306819,16305,1158
5091.605642,2642314804,2642315915,15888,1111
5091.617672,2642323671,2642324783,15990,1112
5091.629694,2642332541,2642333646,16054,1105
5091.644723,2642343619,2642344724,15912,1105
5091.656747,2642352465,2642353576,16074,1111
5091.695814,2642381274,2642382374,15841,1100
5091.707844,2642390117,2642391217,15907,1100
5091.719866,2642398939,2642400043,15975,1104
5091.731882,2642407834,2642408948,15848,1114
5091.743911,2642416707,2642417816,15865,1109
5091.761945,2642430001,2642431110,15905,1109
5091.773970,2642438889,2642439999,15994,1110
5091.785985,2642447749,2642448858,15821,1109
5091.798016,2642456621,2642457729,15905,1108
5091.816050,2642469925,2642471030,15906,1105
5091.828071,2642478760,2642479863,15971,1103
5091.840094,2642487626,2642488735,15900,1109
5091.909226,2642538520,2642539630,15970,1110
5091.921242,2642547402,2642548507,15846,1105
5091.939281,2642560718,2642561827,15906,1109
5091.951304,2642569593,2642570697,15907,1104
5091.963328,2642578460,2642579574,15980,1114
5091.975345,2642587326,2642588440,15844,1114
5091.987373,2642596204,2642597312,15913,1108
5091.999395,2642605075,2642606184,15961,1109
5092.011414,2642613928,2642615037,15861,1109
5092.029448,2642627224,2642628330,15858,1106
5092.041476,2642636084,2642637193,15910,1109
5092.092568,2642673754,2642674854,15852,1100
5092.106094,2642682267,2642683376,15797,1109
5092.118121,2642691128,2642692227,15863,1099
5092.133145,2642702199,2642703303,15840,1104
5092.145176,2642711077,2642712183,15819,1106
5092.157198,2642719966,2642721071,15974,1105
5092.169214,2642728836,2642729938,15838,1102
5092.181244,2642737677,2642738785,15904,1108
5092.202284,2642753202,2642754315,15988,1113
5092.232334,2642775374,2642776483,15836,1109
5092.244364,2642784249,2642785355,15816,1106
5092.256388,2642793109,2642794223,15969,1114
5092.268402,2642801989,2642803091,15843,1102
5092.280433,2642810855,2642811964,15904,1109
5092.295454,2642821934,2642823037,15826,1103
5092.307482,2642830796,2642831904,15862,1108
5092.319507,2642839681,2642840790,15946,1109
5092.332538,2642850771,2642851876,15902,1105
5092.344557,2642859656,2642860765,15967,1109
5092.361587,2642870736,2642871840,15898,1104
5092.373609,2642879598,2642880709,15977,1111
5092.400661,2642899527,2642900631,15988,1104
5092.412677,2642908380,2642909494,15744,1114
5092.424706,2642917228,2642918334,15904,1106
5092.436728,2642926091,2642927199,15911,1108
5092.452758,2642939376,2642940487,15967,1111
5092.469795,2642950449,2642951562,15904,1113
5092.481814,2642959301,2642960409,15927,1108
5092.496842,2642970401,2642971507,15900,1106
5092.508868,2642979251,2642980359,15997,1108
5092.535917,2642999207,2643000315,15921,1108
5092.547934,2643008095,2643009199,15844,1104
5092.559964,2643016966,2643018069,15819,1103
5092.571986,2643025840,2643026949,15972,1109
5092.584008,2643034700,2643035804,15902,1104
5092.602037,2643048011,2643049119,15829,1108
5092.614066,2643056906,2643058011,15907,1105
5092.638105,2643074638,2643075743,15838,1105
5092.650136,2643083504,2643084612,15906,1108
5092.668170,2643096766,2643097869,15905,1103
5092.680192,2643105653,2643106757,15974,1104
5092.692208,2643114509,2643115618,15822,1109
5092.705239,2643125588,2643126701,15982,1113
5092.740307,2643149946,2643151052,15914,1106
5092.752329,2643158821,2643159929,15990,1108
5092.768358,2643172121,2643173232,15960,1111
5092.788398,2643185438,2643186543,15974,1105
5092.800414,2643194292,2643195401,15803,1109
5092.812441,2643203172,2643204281,15905,1109
5092.824468,2643212467,2643213574,15976,1107
5092.836483,2643221344,2643222458,15838,1114
5092.848512,2643230209,2643231315,15818,1106
5092.872551,2643247937,2643249041,15857,1104
5092.884579,2643256798,2643257897,15819,1099
5092.896603,2643265643,2643266747,15889,1104
5092.908620,2643274500,2643275609,15843,1109
5092.941688,2643298879,2643299982,15959,1103
5092.953706,2643307731,2643308839,15858,1108
5092.971740,2643321040,2643322141,15801,1101
5092.983769,2643329915,2643331019,15821,1104
5092.995793,2643338775,2643339883,15992,1108
5093.007809,2643347654,2643348757,15748,1103
5093.019837,2643356517,2643357632,15907,1115
5093.031860,2643365403,2643366507,15904,1104
5093.055908,2643383133,2643384242,15896,1109
5093.067929,2643391995,2643393103,15972,1108
5093.079951,2643400850,2643401960,15818,1110
5093.091975,2643409707,2643410810,15820,1103
5093.103999,2643418556,2643419662,15908,1106
5093.116014,2643427404,2643428509,15834,1105
5093.134049,2643440700,2643441800,15838,1100
5093.146079,2643449546,2643450657,15908,1111
5093.158103,2643458421,2643459527,15997,1106
5093.170118,2643467290,2643468395,15850,1105
5093.182147,2643476146,2643477251,15911,1105
5093.218215,2643502765,2643503873,15905,1108
5093.230237,2643511626,2643512734,15913,1108
5093.248272,2643524932,2643526041,15979,1109
5093.260289,2643533792,2643534900,15927,1108
5093.281335,2643549303,2643550409,15990,1106
5093.293359,2643558168,2643559277,15990,1109
5093.317403,2643575913,2643577011,15911,1098
5093.329426,2643584752,2643585865,15921,1113
5093.353473,2643602473,2643603587,15990,1114
5093.365495,2643611344,2643612453,15977,1109
5093.389541,2643629102,2643630216,15906,1114
5093.401565,2643637977,2643639079,15904,1102
5093.416592,2643649055,2643650165,15905,1110
5093.428615,2643657923,2643659032,15906,1109
5093.440634,2643666829,2643667938,15870,1109
5093.452662,2643675719,2643676833,15837,1114
5093.464683,2643684626,2643685740,15971,1114
5093.476706,2643693525,2643694636,15900,1111
5093.488729,2643702412,2643703525,15910,1113
5093.504767,2643715759,2643716873,15985,1114
5093.536821,2643737932,2643739043,15974,1111
5093.548837,2643746801,2643747912,15847,1111
5093.572889,2643764528,2643765637,15969,1109
5093.584906,2643773410,2643774517,15844,1107
5093.596933,2643782280,2643783386,15904,1106
5093.608958,2643791148,2643792252,15981,1104
5093.620974,2643800001,2643801104,15756,1103
5093.636008,2643811087,2643812202,15963,1115
5093.648026,2643819962,2643821066,15814,1104
5093.660055,2643828828,2643829936,15885,1108
5093.678088,2643842107,2643843215,15905,1108
5093.690112,2643850960,2643852069,15976,1109
5093.709152,2643866456,2643867565,15919,1109
5093.738197,2643886400,2643887504,15857,1104
5093.750226,2643895254,2643896354,15903,1100
5093.780284,2643917400,2643918504,15979,1104
5093.792300,2643926269,2643927373,15826,1104
5093.804329,2643935133,2643936243,15907,1110
5093.816356,2643944012,2643945112,16075,1100
5093.831382,2643955069,2643956178,15904,1109
5093.843404,2643963937,2643965049,15948,1112
5093.861438,2643977217,2643978321,15970,1104
5093.873460,2643986043,2643987152,15902,1109
5093.897508,2644003761,2644004864,15992,1103
5093.909523,2644012615,2644013724,15786,1109
5093.921554,2644021476,2644022590,15906,1114
5093.933576,2644030356,2644031454,15973,1098
5093.969644,2644056921,2644058030,15972,1109
5093.981660,2644065798,2644066907,15824,1109
5093.993688,2644074672,2644075783,15903,1111
5094.017732,2644092415,2644093524,15868,1109
5094.029758,2644101303,2644102409,15909,1106
5094.041780,2644110184,2644111288,15962,1104
5094.053797,2644119035,2644120135,15857,1100
5094.125935,2644172193,2644173302,15854,1109
5094.137964,2644181043,2644182152,15906,1109
5094.162003,2644198762,2644199867,15853,1105
5094.174031,2644207614,2644208723,15909,1109
5094.189055,2644218687,2644219791,15842,1104
5094.201084,2644227544,2644228656,15902,1112
5094.216106,2644238646,2644239751,15824,1105
5094.258193,2644269678,2644270783,15973,1105
5094.270215,2644278538,2644279647,15859,1109
5094.312297,2644309549,2644310658,15991,1109
5094.324312,2644318408,2644319519,15841,1111
5094.336345,2644327679,2644328792,15912,1113
5094.348364,2644336563,2644337677,15858,1114
5094.360381,2644345435,2644346544,15817,1109
5094.387432,2644365380,2644366489,15827,1109
5094.399463,2644374259,2644375354,15863,1095
5094.411485,2644383118,2644384224,15946,1106
5094.423500,2644392002,2644393112,15837,1110
5094.435531,2644400866,2644401975,15910,1109
5094.447553,2644409737,2644410842,15972,1105
5094.459569,2644418601,2644419710,15844,1109
5094.477604,2644431893,2644432999,15826,1106
5094.489632,2644440763,2644441871,15862,1108
5094.501657,2644449617,2644450727,15948,1110
5094.513672,2644458490,2644459598,15889,1108
5094.543737,2644480631,2644481745,15985,1114
5094.555758,2644489499,2644490602,15980,1103
5094.567781,2644498345,2644499452,15904,1107
5094.600846,2644522720,2644523833,15988,1113
5094.612861,2644531589,2644532698,15827,1109
5094.645930,2644555963,2644557071,15973,1108
5094.657947,2644564838,2644565947,15844,1109
5094.694015,2644591435,2644592539,15829,1104
5094.706046,2644600327,2644601444,15921,1117
5094.725575,2644615006,2644616120,15841,1114
5094.737605,2644623906,2644625017,15883,1111
5094.749627,2644632821,2644633929,15969,1108
5094.761644,2644641719,2644642829,15837,1110
5094.773673,2644650603,2644651717,15900,1114
5094.785696,2644659497,2644660608,15972,1111
5094.800726,2644670623,2644671734,15902,1111
5094.812748,2644679534,2644680644,15973,1110
5094.824764,2644688445,2644689556,15841,1111
5094.836793,2644697345,2644698456,15909,1111
5094.848816,2644706250,2644707364,15963,1114
5094.860832,2644715159,2644716270,15837,1111
5094.872862,2644724068,2644725181,15909,1113
5094.884885,2644732994,2644734109,15981,1115
5094.908929,2644750802,2644751916,15910,1114
5094.920952,2644759705,2644760818,15959,1113
5094.944998,2644777515,2644778623,15911,1108
5094.957020,2644786380,2644787489,15958,1109
5094.990083,2644810763,2644811874,15903,1111
5095.002108,2644819635,2644820746,15979,1111
5095.014129,2644828498,2644829607,15902,1109
5095.068227,2644868387,2644869496,15823,1109
5095.080256,2644877260,2644878366,15901,1106
5095.092280,2644886136,2644887241,15903,1105
5095.104295,2644895003,2644896112,15827,1109
5095.116326,2644903863,2644904965,15827,1102
5095.128348,2644912720,2644913825,15972,1105
5095.161412,2644937064,2644938178,15909,1114
5095.173434,2644945921,2644947035,15987,1114
5095.185450,2644954785,2644955894,15823,1109
5095.209503,2644972492,2644973597,15989,1105
5095.221519,2644981363,2644982476,15848,1113
5095.233547,2644990245,2644991358,15903,1113
5095.276635,2645023480,2645024586,15899,1106
5095.299673,2645038973,2645040085,15933,1112
5095.311696,2645047861,2645048964,15820,1103
5095.323719,2645056731,2645057838,15905,1107
5095.335740,2645065598,2645066706,15953,1108
5095.368803,2645089981,2645091094,15884,1113
5095.380828,2645098855,2645099960,15983,1105
5095.428913,2645134320,2645135420,15861,1100
5095.440943,2645143185,2645144298,15902,1113
5095.486028,2645176443,2645177552,15906,1109
5095.498052,2645185327,2645186432,15986,1105
5095.516085,2645198604,2645199711,15969,1107
5095.528101,2645207495,2645208600,15759,1105
5095.540134,2645216361,2645217470,15839,1109
5095.552154,2645225246,2645226359,15857,1113
5095.591224,2645254050,2645255154,15937,1104
5095.606258,2645265126,2645266235,15994,1109
5095.624290,2645278413,2645279519,15974,1106
5095.636307,2645287273,2645288377,15843,1104
5095.648340,2645296162,2645297262,15867,1100
5095.669378,2645311689,2645312802,15991,1113
5095.681393,2645320569,2645321668,15909,1099
5095.699428,2645333867,2645334970,15912,1103
5095.711458,2645342726,2645343837,15910,1111
5095.723479,2645351602,2645352707,15977,1105
5095.741513,2645364904,2645366015,15974,1111
5095.753530,2645373756,2645374865,15847,1109
5095.783593,2645395907,2645397012,15905,1105
5095.795620,2645404777,2645405886,16010,1109
5095.807640,2645413815,2645414918,15679,1103
5095.819659,2645422627,2645423731,15945,1104
5095.831681,2645431467,2645432576,15940,1109
5095.842210,2645439378,2645440492,15988,1114
5095.855733,2645449637,2645450750,15950,1113
5095.867750,2645458518,2645459627,16018,1109
5095.879768,2645467326,2645468429,15709,1103
5095.891797,2645476141,2645477245,15998,1104
5095.903813,2645484977,2645486085,15969,1108
5095.916848,2645496003,2645497107,16048,1104
5096.018037,2645568723,2645569834,15952,1111
5096.030053,2645577560,2645578669,15885,1109
5096.054105,2645595184,2645596295,16028,1111
5096.066127,2645604056,2645605162,15933,1106
5096.123231,2645645904,2645647005,15630,1101
5096.138264,2645656970,2645658074,15935,1104
5096.159302,2645672400,2645673506,15827,1106
5096.225431,2645720833,2645721942,15947,1109
5096.237452,2645729677,2645730782,15970,1105
5096.261504,2645747343,2645748442,15957,1099
5096.273522,2645756214,2645757319,15937,1105
5096.327623,2645795888,2645796997,15965,1109
5096.339642,2645804683,2645805790,15630,1107
5096.351671,2645813517,2645814631,16028,1114
5096.363693,2645822377,2645823481,15939,1104
5096.375713,2645831202,2645832308,15829,1106
5096.387742,2645840018,2645841092,15812,1074
5096.399760,2645848798,2645849906,16049,1108
5096.435829,2645875264,2645876373,16046,1109
5096.447848,2645884072,2645885175,15622,1103
5096.459881,2645892933,2645894039,15962,1106
5096.471897,2645901781,2645902885,15961,1104
5096.483916,2645910563,2645911665,15629,1102
5096.495947,2645919416,2645920524,15975,1108
5096.507969,2645928221,2645929325,15954,1104
5096.526000,2645941481,2645942591,15962,1110
5096.538020,2645950290,2645951397,15629,1107
5096.550049,2645959129,2645960235,15951,1106
5096.562070,2645967979,2645969088,15934,1109
5096.625189,2646014254,2646015357,16047,1103
5096.637208,2646023045,2646024146,15708,1101
5096.652240,2646034068,2646035173,15855,1105
5096.673277,2646049537,2646050644,15590,1107
5096.685306,2646058381,2646059486,15949,1105
5096.697327,2646067200,2646068308,15966,1108
5096.757447,2646111325,2646112429,15965,1104
5096.769463,2646120154,2646121258,15874,1104
5096.859636,2646186282,2646187387,15931,1105
5096.871654,2646195056,2646196158,15548,1102
5096.883685,2646203882,2646204991,15967,1109
5096.904721,2646219336,2646220445,15978,1109
5096.916739,2646228136,2646229245,15627,1109
5096.931772,2646239183,2646240295,16048,1112
5096.943791,2646248002,2646249103,15705,1101
5096.955826,2646256871,2646257975,16093,1104
5096.967840,2646265698,2646266810,16043,1112
5096.979862,2646274531,2646275637,15624,1106
5096.991889,2646283355,2646284463,15950,1108
5097.003912,2646292221,2646293330,15949,1109
5097.015929,2646301023,2646302125,15641,1102
5097.027957,2646309847,2646310947,15956,1100
5097.039978,2646318649,2646319758,15975,1109
5097.052000,2646327470,2646328573,15832,1103
5097.064026,2646336285,2646337390,16029,1105
5097.076046,2646345089,2646346194,16050,1105
5097.088070,2646353910,2646355019,15822,1109
5097.100098,2646362751,2646363865,15997,1114
5097.157202,2646404637,2646405742,15935,1105
5097.169223,2646413459,2646414572,15821,1113
5097.181249,2646422287,2646423394,15954,1107
5097.196279,2646433296,2646434402,15713,1106
5097.211305,2646444354,2646445459,15933,1105
5097.259391,2646479604,2646480715,15596,1111
5097.271421,2646488415,2646489524,15953,1109
5097.283441,2646497231,2646498345,15967,1114
5097.295468,2646506039,2646507139,15751,1100
5097.307489,2646514882,2646515986,15955,1104
5097.319509,2646523698,2646524812,15965,1114
5097.331528,2646532496,2646533596,15629,1100
5097.343560,2646541314,2646542397,15806,1083
5097.354077,2646549249,2646550356,15787,1107
5097.366106,2646558129,2646559239,15919,1110
5097.378121,2646566960,2646568074,15962,1114
5097.405174,2646586824,2646587937,15936,1113
5097.417191,2646595632,2646596738,15703,1106
5097.492340,2646650754,2646651863,15947,1109
5097.504362,2646659614,2646660719,15932,1105
5097.609568,2646736753,2646737862,15972,1109
5097.621584,2646745578,2646746692,15967,1114
5097.672683,2646783032,2646784146,15947,1114
5097.684704,2646791873,2646792977,15963,1104
5097.699739,2646802903,2646804011,15879,1108
5097.711757,2646811760,2646812864,15936,1104
5097.729790,2646824991,2646826091,16043,1100
5097.741817,2646833819,2646834921,15676,1102
5097.753838,2646842640,2646843746,15952,1106
5097.768860,2646853636,2646854732,15625,1096
5097.780889,2646862445,2646863552,15859,1107
5097.792910,2646871264,2646872367,15851,1103
5097.820971,2646893303,2646894408,15624,1105
5097.865047,2646924153,2646925266,15967,1113
5097.877066,2646932965,2646934073,15630,1108
5097.898116,2646948437,2646949541,15964,1104
5097.910134,2646957264,2646958369,15962,1105
5097.925163,2646968277,2646969385,15947,1108
5097.937184,2646977105,2646978209,15961,1104
5098.027356,2647043186,2647044294,15969,1108
5098.039382,2647051977,2647053085,15790,1108
5098.051404,2647060811,2647061917,16037,1106
5098.063424,2647069622,2647070724,15966,1102
5098.081457,2647082807,2647083910,16014,1103
5098.093480,2647091621,2647092729,15903,1108
5098.108510,2647102665,2647103774,15967,1109
5098.120529,2647111458,2647112564,15551,1106
5098.141578,2647126893,2647128002,15998,1109
5098.156600,2647137967,2647139072,15826,1105
5098.168626,2647146794,2647147898,15862,1104
5098.243770,2647201916,2647203021,16028,1105
5098.255785,2647210713,2647211823,15673,1110
5098.315904,2647254832,2647255945,15971,1113
5098.327926,2647263681,2647264790,15822,1109
5098.339955,2647272498,2647273602,15908,1104
5098.351973,2647281338,2647282445,15876,1107
5098.363992,2647290140,2647291245,15628,1105
5098.376021,2647298958,2647300066,15956,1108
5098.388041,2647307826,2647308925,15851,1099
5098.442147,2647347578,2647348687,15958,1109
5098.454165,2647356365,2647357470,15706,1105
5098.466197,2647365257,2647366371,15905,1114
5098.520298,2647405304,2647406414,15904,1110
5098.532322,2647414209,2647415318,15991,1109
5098.548352,2647427503,2647428616,16057,1113
5098.652540,2647502706,2647503799,15622,1093
5098.664570,2647511515,2647512624,15951,1109
5098.697626,2647535718,2647536827,15628,1109
5098.709658,2647544552,2647545631,15777,1079
5098.724678,2647555568,2647556673,15625,1105
5098.736710,2647564399,2647565502,15996,1103
5098.760747,2647582024,2647583130,15627,1106
5098.772775,2647590853,2647591954,15862,1101
5098.860946,2647656979,2647658077,16027,1098
5098.876477,2647667132,2647668237,15986,1105
5098.890002,2647677351,2647678455,15859,1104
5098.902019,2647686163,2647687272,15965,1109
5098.914041,2647694988,2647696103,15907,1115
5098.932080,2647708222,2647709328,15789,1106
5098.944101,2647717056,2647718160,15949,1104
5098.956122,2647725872,2647726986,15963,1114
5098.968141,2647734674,2647735776,15630,1102
5098.980170,2647743482,2647744585,15946,1103
5098.992191,2647752342,2647753448,15935,1106
5099.010224,2647765555,2647766655,15962,1100
5099.022247,2647774353,2647775459,15645,1106
5099.088380,2647822832,2647823941,16041,1109
5099.100396,2647831662,2647832762,15964,1100
5099.136468,2647858053,2647859161,15948,1108
5099.148484,2647866860,2647867972,15629,1112
5099.160513,2647875684,2647876788,15951,1104
5099.188571,2647897753,2647898857,15933,1104
5099.259706,2647948476,2647949581,15963,1105
5099.292758,2647972727,2647973828,15598,1101
5099.304787,2647981527,2647982632,15862,1105
5099.316808,2647990319,2647991429,15880,1110
5099.328834,2647999152,2648000254,15597,1102
5099.343859,2648010182,2648011287,15964,1105
5099.355878,2648019120,2648020225,15629,1105
5099.367912,2648027961,2648029069,15964,1108
5099.403976,2648054420,2648055520,15948,1100
5099.415996,2648063241,2648064345,15963,1104
5099.428023,2648072037,2648073144,15716,1107
5099.440044,2648080862,2648081970,15949,1108
5099.452065,2648089685,2648090794,15975,1109
5099.464084,2648098479,2648099585,15705,1106
5099.476117,2648107339,2648108444,16049,1105
5099.488135,2648116191,2648117296,16019,1105
5099.506168,2648129401,2648130504,15961,1103
5099.518186,2648138174,2648139277,15626,1103
5099.548250,2648160193,2648161303,15952,1110
5099.560272,2648169071,2648170170,15846,1099
5099.572290,2648177862,2648178968,15627,1106
5099.593336,2648193336,2648194440,15947,1104
5099.605357,2648202150,2648203250,15923,1100
5099.623391,2648215394,2648216499,15968,1105
5099.635410,2648224228,2648225331,15599,1103
5099.647439,2648233057,2648234168,15908,1111
5099.659459,2648241880,2648242989,15877,1109
5099.680501,2648257334,2648258442,15853,1108
5099.692525,2648266167,2648267278,15873,1111
5099.719576,2648285975,2648287084,15947,1109
5099.731601,2648294802,2648295919,15947,1117
5099.743615,2648303646,2648304752,15705,1106
5099.755644,2648312487,2648313587,16029,1100
5099.767666,2648321346,2648322460,15932,1114
5099.779687,2648330182,2648331288,15829,1106
5099.797718,2648343405,2648344508,15624,1103
5099.809748,2648352221,2648353322,15955,1101
5099.833787,2648369828,2648370936,15625,1108
5099.845818,2648378649,2648379752,15949,1103
5099.908940,2648424984,2648426093,16052,1109
5099.920956,2648433814,2648434928,16044,1114
5099.932975,2648442599,2648443711,15625,1112
5099.945004,2648451433,2648452533,16030,1100
5099.957025,2648460247,2648461356,15967,1109
5099.978064,2648475698,2648476798,15824,1100
5099.990090,2648484512,2648485615,15951,1103
5100.038180,2648519781,2648520882,15964,1101
5100.050198,2648528612,2648529718,15591,1106
5100.074248,2648546251,2648547361,15855,1110
5100.084327,2648555139,2648556252,15839,1113
5100.101309,2648567217,2648568325,15995,1108
5100.113321,2648576137,2648577253,15950,1116
5100.125352,2648585062,2648586173,15906,1111
5100.140373,2648596172,2648597286,15840,1114
5100.152404,2648605068,2648606182,15910,1114
5100.164427,2648613975,2648615086,15993,1111
5100.176444,2648622890,2648623999,15851,1109
5100.197489,2648638467,2648639576,15901,1109
5100.209512,2648647363,2648648471,15987,1108
5100.227545,2648660694,2648661799,15973,1105
5100.239562,2648669608,2648670722,15829,1114
5100.257596,2648682957,2648684075,15845,1118
5100.269626,2648691876,2648692991,15912,1115
5100.281651,2648700804,2648701918,16006,1114
5100.293665,2648709708,2648710817,15829,1109
5100.308701,2648720824,2648721934,15985,1110
5100.329730,2648736314,2648737425,15592,1111
5100.341761,2648745141,2648746216,15725,1075
5100.359794,2648758307,2648759420,15951,1113
5100.371814,2648767129,2648768233,15856,1104
5100.383833,2648775961,2648777068,15570,1107
5100.395861,2648785191,2648786302,15939,1111
5100.407882,2648794026,2648795131,15963,1105
5100.419908,2648802816,2648803919,15789,1103
5100.431931,2648811636,2648812742,16050,1106
5100.443953,2648820505,2648821604,15946,1099
5100.461986,2648833743,2648834846,16041,1103
5100.489037,2648853625,2648854729,15959,1104
5100.501059,2648862452,2648863561,15823,1109
5100.573196,2648915301,2648916406,15823,1105
5100.585222,2648924133,2648925244,15952,1111
5100.675398,2648990239,2648991344,15965,1105
5100.687415,2648999067,2649000167,15966,1100
5100.699433,2649007871,2649008985,15629,1114
5100.711462,2649016706,2649017819,15946,1113
5100.732500,2649032128,2649033233,15959,1105
5100.744519,2649040908,2649042014,15623,1106
5100.780588,2649067401,2649068507,15594,1106
5100.792617,2649076418,2649077521,15905,1103
5100.819674,2649090149,2649090769,12070,620
5100.833201,2649095342,2649096176,13474,834
5100.845221,2649103900,2649105006,15908,1106
5100.857236,2649112761,2649113866,15827,1105
5100.869267,2649121619,2649122727,15908,1108
5100.887301,2649134912,2649136021,15906,1109
5100.899322,2649143797,2649144906,16031,1109
5100.911339,2649152662,2649153774,15848,1112
5100.923370,2649161520,2649162626,15908,1106
5100.935392,2649170378,2649171482,15989,1104
5100.947408,2649179234,2649180338,15826,1104
5100.989494,2649210208,2649211316,15975,1108
5101.001510,2649219085,2649220199,15843,1114
5101.013541,2649227944,2649229053,15904,1109
5101.067644,2649267814,2649268919,15907,1105
5101.079665,2649276668,2649277785,15947,1117
5101.091682,2649285566,2649286675,15761,1109
5101.103712,2649294417,2649295523,15870,1106
5101.124753,2649309905,2649311014,15989,1109
5101.136768,2649318758,2649319869,15784,1111
5101.157814,2649334300,2649335411,15904,1111
5101.169837,2649343177,2649344282,15976,1105
5101.187871,2649356471,2649357577,15980,1106
5101.199888,2649365330,2649366439,15845,1109
5101.212918,2649376424,2649377533,15908,1109
5101.229949,2649387506,2649388620,15904,1114
5101.241975,2649396402,2649397508,15951,1106
5101.253990,2649405259,2649406359,15799,1100
5101.266020,2649414107,2649415211,15906,1104
5101.308093,2649445113,2649446224,15858,1111
5101.321621,2649453675,2649454783,15857,1108
5101.333648,2649462551,2649463656,15906,1105
5101.348670,2649473630,2649474735,15854,1105
5101.360700,2649482503,2649483602,15906,1099
5101.372723,2649491374,2649492492,15949,1118
5101.384739,2649500248,2649501358,15841,1110
5101.396767,2649509121,2649510234,15903,1113
5101.412804,2649522410,2649523519,15909,1109
5101.429825,2649533482,2649534593,15858,1111
5101.441854,2649542337,2649543445,15907,1108
5101.453876,2649551220,2649552329,15961,1109
5101.465894,2649560095,2649561209,15841,1114
5101.484942,2649575604,2649576712,15905,1108
5101.501964,2649586689,2649587802,15871,1113
5101.513991,2649595565,2649596678,15909,1113
5101.526013,2649604442,2649605556,15960,1114
5101.538031,2649613335,2649614444,15864,1109
5101.548327,2649622201,2649623307,15898,1106
5101.562083,2649631053,2649632167,15912,1114
5101.574099,2649639934,2649641043,15836,1109
5101.586127,2649648795,2649649904,15904,1109
5101.604161,2649662077,2649663182,15912,1105
5101.616184,2649670945,2649672050,15957,1105
5101.628205,2649679803,2649680909,15889,1106
5101.646237,2649693103,2649694211,15858,1108
5101.664271,2649706408,2649707512,15840,1104
5101.676298,2649715273,2649716379,15821,1106
5101.688323,2649724145,2649725248,15975,1103
5101.715373,2649744095,2649745200,15964,1105
5101.727390,2649752958,2649754065,15938,1107
5101.739420,2649761829,2649762933,15909,1104
5101.752451,2649772886,2649773991,15857,1105
5101.769477,2649783974,2649785087,15930,1113
5101.784504,2649795068,2649796178,15903,1110
5101.796529,2649803928,2649805033,15973,1105
5101.808552,2649812790,2649813895,15911,1105
5101.820575,2649821671,2649822780,15901,1109
5101.856644,2649848234,2649849343,15902,1109
5101.868667,2649857103,2649858211,16068,1108
5101.895719,2649877035,2649878146,15989,1111
5101.906242,2649885012,2649886128,15911,1116
5101.921260,2649896135,2649897234,15789,1099
5101.933289,2649904981,2649906092,15910,1111
5101.945313,2649913880,2649914989,16074,1109
5101.960342,2649924959,2649926067,15989,1108
5101.972363,2649933814,2649934928,15981,1114
5101.984380,2649942691,2649943794,15759,1103
5101.996410,2649951529,2649952640,15915,1111
5102.008433,2649960404,2649961518,15920,1114
5102.020451,2649969301,2649970405,15834,1104
5102.032477,2649978177,2649979286,15907,1109
5102.044502,2649987054,2649988165,15876,1111
5102.060537,2650000355,2650001459,15976,1104
5102.101603,2650029178,2650030287,15848,1109
5102.113632,2650038045,2650039151,15821,1106
5102.125656,2650046910,2650048015,15898,1105
5102.137671,2650055773,2650056881,15829,1108
5102.149700,2650064640,2650065748,15906,1108
5102.161724,2650073505,2650074619,15979,1114
5102.173742,2650082374,2650083488,15845,1114
5102.185770,2650091237,2650092343,15823,1106
5102.197792,2650100086,2650101195,15978,1109
5102.209808,2650108940,2650110043,15822,1103
5102.221837,2650117799,2650118905,15904,1106
5102.233861,2650126674,2650127783,15990,1109
5102.245877,2650135530,2650136644,15832,1114
5102.257908,2650144392,2650145502,15906,1110
5102.269929,2650153255,2650154363,15976,1108
5102.293976,2650171002,2650172113,15908,1111
5102.305999,2650179874,2650180984,15916,1110
5102.378135,2650233040,2650234147,15980,1107
5102.393165,2650244135,2650245240,15989,1105
5102.405188,2650253011,2650254120,15917,1109
5102.429232,2650270710,2650271819,15884,1109
5102.441256,2650279592,2650280701,15994,1109
5102.453279,2650288449,2650289552,15910,1103
5102.477323,2650306181,2650307296,15925,1115
5102.489342,2650315087,2650316191,15909,1104
5102.504376,2650326167,2650327281,15914,1114
5102.516392,2650335039,2650336148,15833,1109
5102.537438,2650350528,2650351631,15906,1103
5102.549462,2650359395,2650360501,16078,1106
5102.576512,2650379369,2650380482,16058,1113
5102.588531,2650388244,2650389349,15851,1105
5102.612582,2650405969,2650407077,15986,1108
5102.624597,2650414837,2650415947,15837,1110
5102.636626,2650423700,2650424809,15910,1109
5102.651656,2650434780,2650435890,15903,1110
5102.663679,2650443663,2650444774,15824,1111
5102.681714,2650456972,2650458081,15903,1109
5102.693737,2650465849,2650466956,15887,1107
5102.753851,2650510208,2650511317,15910,1109
5102.765872,2650519091,2650520195,15977,1104
5102.777889,2650527947,2650529055,15841,1108
5102.789920,2650536801,2650537912,15910,1111
5102.825986,2650563369,2650564469,15907,1100
5102.838011,2650572222,2650573330,15992,1108
5102.862055,2650589949,2650591064,15988,1115
5102.874077,2650598829,2650599942,16004,1113
5102.889106,2650609934,2650611045,15908,1111
5102.901129,2650618818,2650619932,15997,1114
5102.922163,2650634329,2650635437,15842,1108
5102.934191,2650643186,2650644290,15885,1104
5102.949220,2650654263,2650655372,15900,1109
5102.961243,2650663142,2650664248,15889,1106
5102.976266,2650674222,2650675330,15856,1108
5102.988295,2650683097,2650684202,15909,1105
5103.000318,2650691965,2650693074,15918,1109
5103.015346,2650703033,2650704138,15924,1105
5103.027369,2650711899,2650713007,15902,1108
5103.039386,2650720773,2650721882,15828,1109
5103.051416,2650729648,2650730753,15910,1105
5103.063438,2650738502,2650739610,15978,1108
5103.075455,2650747357,2650748463,15846,1106
5103.087485,2650756210,2650757318,15913,1108
5103.108525,2650771711,2650772820,15989,1109
5103.120541,2650780581,2650781695,15743,1114
5103.159623,2650809415,2650810527,15907,1112
5103.195691,2650835996,2650837104,15909,1108
5103.207714,2650844883,2650845987,15992,1104
5103.219729,2650853752,2650854857,15830,1105
5103.231758,2650862587,2650863698,15908,1111
5103.243782,2650871447,2650872555,15998,1108
5103.255798,2650880328,2650881433,15853,1105
5103.267827,2650889198,2650890301,15865,1103
5103.279848,2650898057,2650899162,15962,1105
5103.297884,2650911374,2650912483,15912,1109
5103.309901,2650920239,2650921352,15843,1113
5103.351985,2650951251,2650952360,15962,1109
5103.364003,2650960115,2650961224,15861,1109
5103.376032,2650968961,2650970064,15991,1103
5103.394067,2650982247,2650983355,15914,1108
5103.406090,2650991125,2650992234,15987,1109
5103.421119,2651002604,2651003708,15966,1104
5103.436140,2651013698,2651014807,15918,1109
5103.448170,2651022560,2651023671,15910,1111
5103.460191,2651031402,2651032509,15961,1107
5103.472209,2651040280,2651041389,15800,1109
5103.484240,2651049180,2651050291,15910,1111
5103.496263,2651058073,2651059184,15885,1111
5103.508286,2651066990,2651068103,15824,1113
5103.520308,2651075890,2651077003,15911,1113
5103.532331,2651084806,2651085920,15824,1114
5103.559381,2651104802,2651105912,15950,1110
5103.571398,2651113666,2651114771,15853,1105
5103.583428,2651122524,2651123633,15910,1109
5103.595451,2651131395,2651132506,15914,1111
5103.607466,2651140245,2651141350,15831,1105
5103.619495,2651149113,2651150222,15819,1109
5103.631520,2651157969,2651159083,15948,1114
5103.649553,2651171273,2651172384,15976,1111
5103.661569,2651180139,2651181248,15805,1109
5103.679604,2651193433,2651194542,15862,1109
5103.691632,2651202304,2651203407,15905,1103
5103.703655,2651211169,2651212273,15984,1104
5103.715672,2651220017,2651221131,15848,1114
5103.727699,2651228885,2651229994,15909,1109
5103.739726,2651237759,2651238874,15995,1115
5103.751741,2651246632,2651247741,15863,1109
5103.763769,2651255502,2651256610,15907,1108
5103.775791,2651264358,2651265461,15961,1103
5103.787809,2651273210,2651274315,15860,1105
5103.799837,2651282076,2651283194,15904,1118
5103.811862,2651290952,2651292057,15979,1105
5103.823878,2651299798,2651300912,15842,1114
5103.835906,2651308686,2651309786,15826,1100
5103.847929,2651317545,2651318650,15964,1105
5103.859947,2651326410,2651327523,15862,1113
5103.871979,2651335289,2651336397,15907,1108
5103.883999,2651344164,2651345268,15979,1104
5103.896015,2651353019,2651354124,15741,1105
5103.908044,2651361884,2651362993,15823,1109
5103.920069,2651370757,2651371866,15991,1109
5103.932084,2651379613,2651380722,15828,1109
5103.944115,2651388486,2651389602,15913,1116
5103.956136,2651397354,2651398458,15974,1104
5103.968153,2651406222,2651407323,15849,1101
5103.980183,2651415090,2651416196,15826,1106
5103.992205,2651423959,2651425066,15828,1107
5104.004221,2651432807,2651433921,15744,1114
5104.025267,2651448335,2651449444,15907,1109
5104.037292,2651457199,2651458304,15996,1105
5104.052320,2651468268,2651469372,15990,1104
5104.064342,2651477127,2651478238,15980,1111
5104.076360,2651485999,2651487107,15929,1108
5104.139485,2651532509,2651533618,15984,1109
5104.151508,2651541376,2651542485,15822,1109
5104.193581,2651572410,2651573519,15825,1109
5104.205610,2651581281,2651582395,15905,1114
5104.217634,2651590162,2651591275,15989,1113
5104.236675,2651605677,2651606783,15901,1106
5104.253702,2651616775,2651617884,15977,1109
5104.265719,2651625636,2651626745,15762,1109
5104.277748,2651634501,2651635610,15909,1109
5104.289772,2651643371,2651644480,15912,1109
5104.356904,2651694354,2651695460,15886,1106
5104.373924,2651705445,2651706550,15849,1105
5104.385954,2651714332,2651715441,15887,1109
5104.425029,2651743125,2651744233,15993,1108
5104.437051,2651751986,2651753092,15822,1106
5104.461096,2651769685,2651770799,15975,1114
5104.473113,2651778568,2651779671,15807,1103
5104.485143,2651787415,2651788520,15909,1105
5104.497164,2651796286,2651797394,15890,1108
5104.512192,2651807346,2651808460,15908,1114
5104.524216,2651816204,2651817309,15977,1105
5104.536238,2651825088,2651826194,15903,1106
5104.548261,2651833951,2651835060,15903,1109
5104.560284,2651842810,2651843917,15971,1107
5104.572301,2651851683,2651852792,15867,1109
5104.584330,2651860538,2651861642,15906,1104
5104.596354,2651869406,2651870512,15985,1106
5104.608370,2651878257,2651879363,15839,1106
5104.668489,2651922602,2651923713,15961,1111
5104.680507,2651931470,2651932574,15943,1104
5104.692535,2651940347,2651941455,15915,1108
5104.704559,2651949223,2651950322,15972,1099
5104.716575,2651958079,2651959184,15842,1105
5104.728603,2651966950,2651968064,15825,1114
5104.740626,2651975820,2651976924,15966,1104
5104.752644,2651984677,2651985786,15948,1109
5104.785713,2652009062,2652010168,15991,1106
5104.797730,2652017911,2652019015,15848,1104
5104.839815,2652048979,2652050091,15964,1112
5104.851833,2652057861,2652058975,15861,1114
5104.863862,2652066732,2652067838,15986,1106
5104.887901,2652084458,2652085564,15846,1106
5104.899929,2652093320,2652094431,15988,1111
5104.920971,2652108860,2652109965,15971,1105
5104.932993,2652118147,2652119261,15908,1114
5104.969056,2652144757,2652145860,15857,1103
5104.981085,2652153616,2652154720,15908,1104
5104.992330,2652162543,2652163653,15951,1110
5105.005121,2652171380,2652172486,15603,1106
5105.017149,2652180182,2652181286,15845,1104
5105.095295,2652237524,2652238628,15839,1104
5105.107323,2652246361,2652247464,15864,1103
5105.119342,2652255197,2652256297,16006,1100
5105.131367,2652263986,2652265089,15709,1103
5105.143394,2652272845,2652273953,15957,1108
5105.155412,2652281668,2652282781,15971,1113
5105.191481,2652308197,2652309308,16013,1111
5105.203498,2652316994,2652318099,15678,1105
5105.215526,2652325854,2652326958,15936,1104
5105.227548,2652334657,2652335765,15963,1108
5105.239570,2652343438,2652344511,15870,1073
5105.251599,2652352245,2652353350,15865,1105
5105.269634,2652365479,2652366583,15957,1104
5105.281651,2652374301,2652375410,15866,1109
5105.293670,2652383145,2652384246,15605,1101
5105.305700,2652391962,2652393040,15787,1078
5105.416908,2652473572,2652474681,15960,1109
5105.428936,2652482390,2652483500,15898,1110
5105.440955,2652491212,2652492315,16013,1103
5105.452977,2652500020,2652501133,16048,1113
5105.513093,2652544090,2652545199,15939,1109
5105.525118,2652552971,2652554080,15851,1109
5105.621300,2652623504,2652624608,15949,1104
5105.633323,2652632336,2652633442,16035,1106
5105.648355,2652643367,2652644447,15843,1080
5105.693437,2652676353,2652677459,15941,1106
5105.705457,2652685166,2652686275,15921,1109
5105.720488,2652696187,2652697301,15947,1114
5105.732513,2652705065,2652706170,15863,1105
5105.831700,2652777753,2652778857,15952,1104
5105.843719,2652786573,2652787678,15823,1105
5105.855748,2652795386,2652796464,15804,1078
5105.867766,2652804132,2652805237,15968,1105
5105.879788,2652812940,2652814046,15744,1106
5105.897819,2652826211,2652827323,15595,1112
5105.909849,2652835039,2652836143,15949,1104
5105.927886,2652848250,2652849359,15992,1109
5105.945917,2652861540,2652862644,15942,1104
5105.957939,2652870554,2652871658,15934,1104
5106.049119,2652938810,2652939913,15700,1103
5106.090192,2652967497,2652968606,15952,1109
5106.102213,2652976352,2652977456,15935,1104
5106.132265,2652998320,2652999421,15625,1101
5106.144294,2653007149,2653008254,15943,1105
5106.156315,2653015961,2653017056,15923,1095
5106.261517,2653093049,2653094153,16031,1104
5106.273538,2653101898,2653103005,15903,1107
5106.336658,2653148177,2653149283,16047,1106
5106.348676,2653156979,2653158077,15628,1098
5106.363710,2653168003,2653169112,15972,1109
5106.432843,2653218744,2653219849,15941,1105
5106.444333,2653227978,2653229082,15964,1104
5106.456882,2653236827,2653237933,15593,1106
5106.471915,2653247863,2653248972,15853,1109
5106.483934,2653256694,2653257806,15596,1112
5106.495963,2653265513,2653266620,15951,1107
5106.507984,2653274338,2653275446,15918,1108
5106.520012,2653283148,2653284224,15835,1076
5106.532030,2653291932,2653293037,15934,1105
5106.544052,2653300759,2653301869,15961,1110
5106.562086,2653314022,2653315126,15966,1104
5106.574108,2653322836,2653323939,15843,1103
5106.589137,2653333877,2653334976,15961,1099
5106.601159,2653342738,2653343852,15823,1114
5106.664276,2653389023,2653390131,15642,1108
5106.676309,2653397883,2653398988,15949,1105
5106.688326,2653406703,2653407804,15872,1101
5106.748442,2653450641,2653451754,15936,1113
5106.760467,2653459510,2653460619,15929,1109
5106.781499,2653474955,2653476058,15610,1103
5106.793527,2653483769,2653484874,15934,1105
5106.889705,2653554313,2653555423,15641,1110
5106.901733,2653563140,2653564243,15937,1103
5106.913756,2653572006,2653573115,16017,1109
5106.928785,2653583012,2653584116,15937,1104
5106.952825,2653600634,2653601737,15718,1103
5106.964861,2653609482,2653610588,16111,1106
5106.976877,2653618356,2653619460,16018,1104
5106.988897,2653627150,2653628226,15862,1076
5107.009941,2653642522,2653643627,16031,1105
5107.021963,2653651348,2653652448,16032,1100
5107.036994,2653662344,2653663422,15794,1078
5107.112132,2653717302,2653718406,15962,1104
5107.124151,2653726099,2653727200,15628,1101
5107.166235,2653756995,2653758099,15852,1104
5107.212331,2653792262,2653793370,15703,1108
5107.241374,2653812116,2653813227,15703,1111
5107.253404,2653820943,2653822048,16030,1105
5107.316527,2653867194,2653868297,16069,1103
5107.328533,2653875978,2653877075,15731,1097
5107.373628,2653908904,2653910010,15676,1106
5107.385650,2653917731,2653918841,15630,1110
5107.416721,2653941931,2653943036,15674,1105
5107.463797,2653974906,2653976008,15711,1102
5107.475816,2653983698,2653984804,15631,1106
5107.487849,2653992524,2653993629,15946,1105
5107.499859,2654001282,2654002380,15683,1098
5107.511899,2654010036,2654011142,15702,1106
5107.524922,2654021047,2654022156,15954,1109
5107.590030,2654067085,2654068188,15680,1103
5107.602064,2654075839,2654076951,15594,1112
5107.614092,2654084614,2654085718,15956,1104
5107.626104,2654093413,2654094519,15711,1106
5107.689218,2654139531,2654140631,15680,1100
5107.701252,2654148286,2654149387,15632,1101
5107.732327,2654172463,2654173561,15677,1098
5107.749348,2654183436,2654184541,15967,1105
5107.797429,2654218580,2654219683,15723,1103
5107.809464,2654227370,2654228479,15974,1109
5107.821483,2654236191,2654237290,15946,1099
5107.833493,2654244925,2654246031,15680,1106
5107.848538,2654255900,2654257009,15983,1109
5107.860552,2654264665,2654265771,15641,1106
5107.908650,2654299757,2654300864,15784,1107
5107.920672,2654308578,2654309692,15949,1114
5107.932682,2654317347,2654318453,15682,1106
5107.947726,2654328330,2654329438,16057,1108
5107.959741,2654337530,2654338636,15682,1106
5107.971763,2654346333,2654347440,15590,1107
5107.983795,2654355101,2654356204,15975,1103
5107.995801,2654363849,2654364946,15680,1097
5108.007844,2654372655,2654373764,15822,1109
5108.019864,2654381435,2654382544,16061,1109
5108.037900,2654394588,2654395662,15824,1074
5108.049905,2654403319,2654404420,15676,1101
5108.064951,2654414346,2654415451,16044,1105
5108.079973,2654425315,2654426423,15637,1108
5108.104008,2654442868,2654443971,15645,1103
5108.116039,2654451679,2654452788,15803,1109
5108.128071,2654460506,2654461616,15895,1110
5108.140076,2654469271,2654470376,15679,1105
5108.152109,2654478012,2654479087,15830,1075
5108.170144,2654491155,2654492252,15634,1097
5108.182169,2654499967,2654501070,15941,1103
5108.194179,2654508718,2654509815,15686,1097
5108.209223,2654519675,2654520784,15952,1109
5108.221232,2654528492,2654529588,15599,1096
5108.237278,2654541641,2654542741,15632,1100
5108.257307,2654554818,2654555930,15637,1112
5108.269333,2654563622,2654564728,15637,1106
5108.380551,2654644778,2654645883,16048,1105
5108.392570,2654653565,2654654671,16033,1106
5108.416618,2654671113,2654672222,16060,1109
5108.428626,2654679920,2654681021,15759,1101
5108.455687,2654699715,2654700823,15889,1108
5108.467709,2654708539,2654709648,15903,1109
5108.479738,2654717336,2654718445,16062,1109
5108.491751,2654726117,2654727222,15839,1105
5108.503785,2654734878,2654735984,15782,1106
5108.515807,2654743659,2654744768,16058,1109
5108.527826,2654752471,2654753582,15919,1111
5108.539846,2654761291,2654762406,15921,1115
5108.551875,2654770149,2654771263,15977,1114
5108.563884,2654779021,2654780133,15681,1112
5108.575916,2654787820,2654788932,15555,1112
5108.587944,2654796649,2654797758,15976,1109
5108.599950,2654805434,2654806535,15682,1101
5108.611984,2654814193,2654815298,15637,1105
5108.624010,2654823009,2654824118,15940,1109
5108.645037,2654838388,2654839494,15754,1106
5108.657070,2654847204,2654848309,15837,1105
5108.708156,2654884479,2654885582,15752,1103
5108.720190,2654893228,2654894329,15712,1101
5108.732220,2654902055,2654903163,16046,1108
5108.750253,2654915201,2654916307,15978,1106
5108.762261,2654923993,2654925096,15682,1103
5108.807345,2654956894,2654957992,15761,1098
5108.819379,2654965701,2654966802,15714,1101
5108.831409,2654974498,2654975608,15993,1110
5108.843415,2654983280,2654984380,15686,1100
5108.861460,2654996485,2654997591,15935,1106
5108.873482,2655005238,2655006348,15641,1110
5108.891515,2655018420,2655019529,15830,1109
5108.903544,2655027215,2655028314,15958,1099
5108.915553,2655036013,2655037113,15686,1100
5108.927585,2655044785,2655045891,15636,1106
5108.939613,2655053562,2655054677,16059,1115
5108.951627,2655062363,2655063466,15683,1103
5108.963653,2655071183,2655072254,15945,1071
5108.975682,2655079930,2655081039,16062,1109
5108.987688,2655088691,2655089798,15686,1107
5108.999728,2655097450,2655098557,15704,1107
5109.011750,2655106242,2655107351,15983,1109
5109.023756,2655115008,2655116111,15680,1103
5109.035791,2655123852,2655124955,15730,1103
5109.047816,2655132663,2655133772,15952,1109
5109.059827,2655141495,2655142593,15682,1098
5109.077860,2655154641,2655155742,15759,1101
5109.089893,2655163398,2655164500,15639,1102
5109.131963,2655194148,2655195254,15685,1106
5109.143997,2655202943,2655204046,15716,1103
5109.156026,2655211735,2655212844,16082,1109
5109.193095,2655240255,2655241365,15756,1110
5109.225150,2655262216,2655263320,15908,1104
5109.237181,2655271008,2655272106,15976,1098
5109.258204,2655286416,2655287519,15640,1103
5109.270236,2655295182,2655296288,15642,1106
5109.336368,2655343494,2655344598,15974,1104
5109.348382,2655352281,2655353383,15560,1102
5109.360407,2655361094,2655362208,15819,1114
5109.436558,2655418095,2655419200,15673,1105
5109.456582,2655431372,2655432483,15679,1111
5109.468335,2655440564,2655441680,15833,1116
5109.480639,2655449433,2655450541,15941,1108
5109.492648,2655458194,2655459297,15684,1103
5109.504682,2655466931,2655468040,15655,1109
5109.516710,2655475723,2655476797,15803,1074
5109.543760,2655495406,2655496511,15965,1105
5109.555772,2655504215,2655505318,15684,1103
5109.567795,2655512981,2655514081,15562,1100
5109.579831,2655521749,2655522858,15937,1109
5109.591837,2655530506,2655531609,15599,1103
5109.603871,2655539264,2655540369,15638,1105
5109.648952,2655572213,2655573318,15811,1105
5109.660986,2655581098,2655582198,15878,1100
5109.673004,2655589898,2655591006,15851,1108
5109.685026,2655598662,2655599764,15637,1102
5109.736111,2655635913,2655637006,15681,1093
5109.748140,2655644685,2655645788,15725,1103
5109.760176,2655653478,2655654592,15892,1114
5109.772180,2655662239,2655663341,15683,1102
5109.793237,2655677572,2655678678,15701,1106
5109.805261,2655686344,2655687427,15824,1083
5109.856351,2655723525,2655724636,15669,1111
5109.868376,2655732553,2655733656,15946,1103
5109.895429,2655752355,2655753463,15943,1108
5109.907441,2655761130,2655762233,15727,1103
5109.961540,2655800606,2655801713,15759,1107
5109.973574,2655809376,2655810477,15657,1101
5109.985601,2655818156,2655819259,15965,1103
5110.008333,2655829700,2655830314,11967,614
5110.065239,2655866869,2655868049,16083,1180
5110.084328,2655883442,2655884598,16042,1156
5110.119340,2655909204,2655910385,16041,1181
5110.131370,2655918568,2655919729,16041,1161
5110.143400,2655927997,2655929190,16311,1193
5110.155409,2655937367,2655938554,16082,1187
5110.167442,2655946711,2655947894,16016,1183
5110.179471,2655956100,2655957238,16213,1138
5110.191484,2655965382,2655966565,16054,1183
5110.203507,2655974756,2655975950,16018,1194
5110.215541,2655984213,2655985407,16460,1194
5110.233572,2655998337,2655999500,16433,1163
5110.245581,2656007657,2656008842,16087,1185
5110.257614,2656017093,2656018279,16053,1186
5110.269642,2656026554,2656027716,16297,1162
5110.281650,2656036051,2656037212,16158,1161
5110.296695,2656047805,2656048997,16403,1192
5110.308702,2656057320,2656058509,16164,1189
5110.320734,2656066741,2656067931,16047,1190
5110.332762,2656076182,2656077375,16383,1193
5110.359813,2656097397,2656098591,16384,1194
5110.371820,2656106816,2656108003,16084,1187
5110.383854,2656116244,2656117430,16040,1186
5110.401889,2656130386,2656131577,16048,1191
5110.413916,2656139868,2656141062,16293,1194
5110.440968,2656161112,2656162276,16444,1164
5110.452974,2656170436,2656171621,16082,1185
5110.469023,2656184563,2656185748,16072,1185
5110.489051,2656198875,2656200060,16086,1185
5110.501077,2656208305,2656209497,16054,1192
5110.517609,2656219344,2656220455,15916,1111
5110.529626,2656228158,2656229274,15806,1116
5110.541653,2656237011,2656238117,15829,1106
5110.553681,2656245824,2656246937,16081,1113
5110.565700,2656254653,2656255753,15966,1100
5110.589749,2656272212,2656273325,15966,1113
5110.601759,2656281037,2656282130,15676,1093
5110.625817,2656298606,2656299711,16033,1105
5110.637834,2656307380,2656308487,15724,1107
5110.649860,2656316181,2656317289,15657,1108
5110.661886,2656324979,2656326091,16036,1112
5110.673898,2656333765,2656334880,15758,1115
5110.685935,2656342541,2656343643,15712,1102
5110.697954,2656351379,2656352488,15943,1109
5110.709963,2656360173,2656361283,15681,1110
5110.721993,2656368941,2656370044,15640,1103
5110.734025,2656377740,2656378843,15981,1103
5110.749049,2656388767,2656389874,15721,1107
5110.761076,2656397557,2656398661,15973,1104
5110.777097,2656410708,2656411812,15969,1104
5110.818169,2656439199,2656440304,15757,1105
5110.830199,2656447994,2656449095,15634,1101
5110.854238,2656465606,2656466707,15681,1101
5110.866272,2656474410,2656475513,15716,1103
5110.878300,2656483197,2656484306,15975,1109
5110.893322,2656494206,2656495310,15837,1104
5110.905354,2656503037,2656504141,15970,1104
5110.920374,2656514017,2656515121,15640,1104
5110.932399,2656522847,2656523961,15939,1114
5110.953428,2656538268,2656539378,15684,1110
5110.965460,2656547086,2656548191,15640,1105
5110.977489,2656555889,2656556963,15822,1074
5110.994005,2656568564,2656569666,15679,1102
5111.006037,2656577333,2656578438,15721,1105
5111.021057,2656588353,2656589456,15760,1103
5111.033097,2656597171,2656598277,15712,1106
5111.057123,2656614756,2656615863,15679,1107
5111.069157,2656623521,2656624626,15639,1105
5111.081185,2656632320,2656633433,15971,1113
5111.096209,2656643352,2656644458,15670,1106
5111.108238,2656652133,2656653242,15989,1109
5111.120258,2656660921,2656662038,15949,1117
5111.132282,2656669763,2656670872,15889,1109
5111.144301,2656678596,2656679700,15926,1104
5111.156313,2656687360,2656688467,15764,1107
5111.189393,2656711536,2656712641,16069,1105
5111.201398,2656720340,2656721432,15682,1092
5111.220457,2656735724,2656736824,15903,1100
5111.237467,2656746702,2656747809,15677,1107
5111.249500,2656755507,2656756621,15838,1114
5111.261528,2656764313,2656765418,16055,1105
5111.273549,2656773106,2656774211,16033,1105
5111.291571,2656786295,2656787407,15681,1112
5111.303604,2656795071,2656796175,15566,1104
5111.315632,2656803914,2656805023,15957,1109
5111.327638,2656812682,2656813789,15680,1107
5111.340668,2656823650,2656824754,15974,1104
5111.393774,2656860995,2656862098,15823,1103
5111.405802,2656869789,2656870894,15975,1105
5111.444875,2656898312,2656899422,16032,1110
5111.456894,2656907110,2656908215,15842,1105
5111.471912,2656918082,2656919192,15674,1110
5111.483942,2656926862,2656927967,15734,1105
5111.495974,2656935645,2656936751,15974,1106
5111.507981,2656944445,2656945548,15640,1103
5111.520011,2656953252,2656954358,15632,1106
5111.532042,2656962033,2656963139,16031,1106
5111.544049,2656970793,2656971905,15677,1112
5111.556084,2656979570,2656980673,15716,1103
5111.568113,2656988427,2656989531,16045,1104
5111.580126,2656997194,2656998300,15635,1106
5111.598153,2657010363,2657011466,15674,1103
5111.610186,2657019161,2657020267,15672,1106
5111.622214,2657027941,2657029045,15968,1104
5111.634221,2657036708,2657037806,15679,1098
5111.661273,2657056434,2657057535,15683,1101
5111.673307,2657065229,2657066332,15557,1103
5111.700357,2657085003,2657086074,15835,1071
5111.715376,2657095969,2657097080,15681,1111
5111.727416,2657104803,2657105910,15712,1107
5111.739437,2657113597,2657114701,15886,1104
5111.751458,2657122394,2657123498,15950,1104
5111.763478,2657131153,2657132256,15646,1103
5111.775507,2657139994,2657141099,16049,1105
5111.787514,2657148815,2657149917,15642,1102
5111.799546,2657157573,2657158648,15752,1075
5111.811574,2657166340,2657167446,15974,1106
5111.844632,2657190450,2657191556,15643,1106
5111.856660,2657199240,2657200349,15931,1109
5111.868671,2657208007,2657209112,15765,1105
5111.880696,2657216840,2657217949,15815,1109
5111.892729,2657225640,2657226745,15971,1105
5111.907748,2657236618,2657237719,15635,1101
5111.919780,2657245411,2657246515,15974,1104
5111.931799,2657254384,2657255484,15939,1100
5111.943817,2657263154,2657264257,15653,1103
5111.955847,2657271938,2657273042,15959,1104
5111.967856,2657280698,2657281806,15676,1108
5111.979886,2657289539,2657290645,15823,1106
5111.991917,2657298335,2657299440,15973,1105
5112.003924,2657307082,2657308189,15599,1107
5112.015958,2657315837,2657316945,15643,1108
5112.027985,2657324636,2657325749,15947,1113
5112.039992,2657333422,2657334519,15600,1097
5112.052027,2657342166,2657343270,15603,1104
5112.064056,2657350951,2657352029,15818,1078
5112.082090,2657364145,2657365258,15993,1113
5112.094096,2657372930,2657374036,15679,1106
5112.109139,2657383934,2657385007,15771,1073
5112.121158,2657392727,2657393835,15963,1108
5112.136192,2657403755,2657404862,15974,1107
5112.148199,2657412506,2657413609,15685,1103
5112.160232,2657421280,2657422381,15641,1101
5112.181279,2657436692,2657437801,15985,1109
5112.193286,2657445479,2657446582,15764,1103
5112.205318,2657454233,2657455339,15639,1106
5112.217343,2657463048,2657464152,15939,1104
5112.235380,2657476225,2657477337,15997,1112
5112.247389,2657485061,2657486166,15758,1105
5112.259421,2657493819,2657494925,15717,1106
5112.289483,2657515842,2657516956,15973,1114
5112.301490,2657524644,2657525745,15683,1101
5112.313524,2657533394,2657534495,15645,1101
5112.328542,2657544377,2657545475,15758,1098
5112.340576,2657553161,2657554267,15647,1106
5112.391662,2657590510,2657591616,15682,1106
5112.403695,2657599306,2657600413,15643,1107
5112.415722,2657608132,2657609210,15691,1078
5112.427730,2657616854,2657617955,15598,1101
5112.448781,2657632168,2657633271,15644,1103
5112.460809,2657640962,2657642067,16056,1105
5112.472824,2657649722,2657650824,15714,1102
5112.484850,2657658524,2657659628,15641,1104
5112.496880,2657667763,2657668868,15970,1105
5112.535937,2657696413,2657697520,15682,1107
5112.547970,2657705149,2657706257,15562,1108
5112.559998,2657713927,2657715037,15967,1110
5112.584039,2657731486,2657732587,15646,1101
5112.596066,2657740267,2657741376,15976,1109
5112.608089,2657749058,2657750167,15952,1109
5112.620113,2657757805,2657758911,15789,1106
5112.632135,2657766587,2657767693,16056,1106
5112.644142,2657775354,2657776457,15763,1103
5112.656176,2657784099,2657785209,15720,1110
5112.668203,2657792895,2657794007,15976,1112
5112.680212,2657801698,2657802810,15606,1112
5112.692244,2657810473,2657811544,15749,1071
5112.704272,2657819229,2657820338,15970,1109
5112.716279,2657827990,2657829095,15682,1105
5112.728313,2657836748,2657837854,15559,1106
5112.740341,2657845525,2657846633,15977,1108
5112.755364,2657856592,2657857698,15827,1106
5112.767392,2657865384,2657866487,15976,1103
5112.779400,2657874162,2657875265,15681,1103
5112.791426,2657882929,2657884031,15568,1102
5112.803460,2657891715,2657892826,15967,1111
5112.815469,2657900526,2657901627,15683,1101
5112.827498,2657909329,2657910432,15607,1103
5112.839529,2657918113,2657919224,15976,1111
5112.851536,2657926865,2657927974,15756,1109
5112.863570,2657935624,2657936730,15647,1106
5112.875599,2657944442,2657945550,16068,1108
5112.899639,2657961951,2657963055,15646,1104
5112.911666,2657970741,2657971852,15979,1111
5112.923677,2657979500,2657980610,15762,1110
5112.935707,2657988272,2657989384,15644,1112
5112.947732,2657997098,2657998212,15939,1114
5113.001839,2658036791,2658037893,15978,1102
5113.013847,2658045579,2658046691,15685,1112
5113.025876,2658054403,2658055502,15828,1099
5113.128077,2658129066,2658130175,15960,1109
5113.140087,2658137906,2658139009,15687,1103
5113.152119,2658146686,2658147791,15638,1105
5113.170148,2658159872,2658160981,15905,1109
5113.188187,2658173079,2658174189,15651,1110
5113.200216,2658181905,2658183009,15915,1104
5113.212222,2658190666,2658191769,15681,1103
5113.224256,2658199437,2658200540,15563,1103
5113.236284,2658208214,2658209319,15975,1105
5113.248294,2658217001,2658218107,15763,1106
5113.263335,2658227966,2658229080,15972,1114
5113.320428,2658269645,2658270753,15758,1108
5113.332458,2658278433,2658279540,15639,1107
5113.344489,2658287230,2658288338,15971,1108
5113.356498,2658296023,2658297129,15678,1106
5113.371543,2658307055,2658308159,15987,1104
5113.383551,2658315836,2658316942,15759,1106
5113.395582,2658324579,2658325682,15641,1103
5113.449685,2658364086,2658365187,15658,1101
5113.461711,2658372859,2658373967,15957,1108
5113.548874,2658436532,2658437630,15717,1098
5113.560898,2658445355,2658446459,15940,1104
5113.575932,2658456466,2658457584,15947,1118
5113.587953,2658465345,2658466458,15936,1113
5113.599967,2658474187,2658475295,15677,1108
5113.612000,2658483045,2658484156,16022,1111
5113.624021,2658491895,2658493005,16051,1110
5113.636035,2658500731,2658501843,15601,1112
5113.648065,2658509607,2658510694,15817,1087
5113.661100,2658520638,2658521750,15679,1112
5113.690139,2658540592,2658541700,15563,1108
5113.702169,2658549438,2658550518,15746,1080
5113.726214,2658567030,2658568135,16041,1105
5113.738233,2658575834,2658576937,15731,1103
5113.750259,2658584625,2658585737,15955,1112
5113.762279,2658593445,2658594554,15872,1109
5113.831414,2658643983,2658645087,15964,1104
5113.843424,2658652765,2658653870,15681,1105
5113.855456,2658661528,2658662635,15617,1107
5113.867486,2658670338,2658671449,16070,1111
5113.879491,2658679120,2658680222,15607,1102
5113.891525,2658687907,2658689013,15647,1106
5113.903553,2658696695,2658697808,15978,1113
5113.915574,2658705494,2658706600,16038,1106
5113.927593,2658714294,2658715395,15720,1101
5113.939621,2658723091,2658724200,16053,1109
5113.951642,2658731883,2658732997,15954,1114
5113.963657,2658740689,2658741798,15818,1109
5113.975692,2658749504,2658750613,15991,1109
5113.987697,2658758281,2658759382,15683,1101
5113.999731,2658767048,2658768159,15648,1111
5114.011759,2658776312,2658777421,15962,1109
5114.023771,2658785125,2658786231,15716,1106
5114.035796,2658793921,2658795032,15637,1111
5114.047827,2658802707,2658803811,15976,1104
5114.059842,2658811452,2658812555,15637,1103
5114.071868,2658820234,2658821342,15639,1108
5114.083895,2658829043,2658830145,15973,1102
5114.095903,2658837802,2658838908,15681,1106
5114.107942,2658846589,2658847698,15806,1109
5114.119963,2658855375,2658856484,16041,1109
5114.131971,2658864177,2658865275,15679,1098
5114.144005,2658872945,2658874045,15655,1100
5114.156028,2658881786,2658882894,15936,1108
5114.168042,2658890587,2658891698,15770,1111
5114.178580,2658898354,2658899463,16079,1109
5114.193599,2658909334,2658910440,15640,1106
5114.205628,2658918141,2658919254,15980,1113
5114.259730,2658957713,2658958827,15952,1114
5114.316828,2658999357,2659000456,15660,1099
5114.328857,2659008103,2659009209,15639,1106
5114.340885,2659016889,2659017993,15977,1104
5114.379943,2659045421,2659046523,15679,1102
5114.391977,2659054228,2659055335,15594,1107
5114.404005,2659063011,2659064115,15882,1104
5114.417037,2659073981,2659075089,15635,1108
5114.464114,2659106890,2659107993,15715,1103
5114.476142,2659115663,2659116768,16058,1105
5114.488148,2659124442,2659125545,15680,1103
5114.506191,2659137587,2659138694,15643,1107
5114.518217,2659146385,2659147494,15714,1109
5114.584346,2659194687,2659195800,15964,1113
5114.596356,2659203542,2659204643,15602,1101
5114.623406,2659223323,2659224424,15682,1101
5114.635440,2659232117,2659233224,15633,1107
5114.647468,2659240923,2659242032,16021,1109
5114.725611,2659298029,2659299132,15730,1103
5114.737638,2659306793,2659307904,15963,1111
5114.791742,2659346295,2659347403,15974,1108
5114.803760,2659355153,2659356268,15843,1115
5114.815782,2659363944,2659365050,15599,1106
5114.827811,2659372731,2659373835,15892,1104
5114.839817,2659381497,2659382600,15676,1103
5114.851858,2659390243,2659391350,15706,1107
5114.863879,2659399029,2659400138,15981,1109
5114.881915,2659412181,2659413256,15897,1075
5114.893920,2659420901,2659422004,15757,1103
5114.908966,2659431906,2659433010,15995,1104
5114.920986,2659440690,2659441799,15954,1109
5114.942023,2659456027,2659457130,15639,1103
5114.957040,2659467012,2659468118,15752,1106
5114.969074,2659475761,2659476864,15636,1103
5114.996125,2659495504,2659496606,15638,1102
5115.008155,2659504356,2659505466,15960,1110
5115.020174,2659513162,2659514272,15949,1110
5115.032194,2659521922,2659523033,15638,1111
5115.044223,2659530713,2659531816,15974,1103
5115.080291,2659557037,2659558145,15974,1108
5115.092297,2659565783,2659566884,15639,1101
5115.104330,2659574586,2659575692,15781,1106
5115.155417,2659611816,2659612924,15676,1108
5115.167451,2659620584,2659621687,15638,1103
5115.179479,2659629363,2659630472,15978,1109
5115.191486,2659638123,2659639224,15679,1101
5115.203518,2659646942,2659648051,15901,1109
5115.215548,2659655749,2659656856,15980,1107
5115.227555,2659664513,2659665616,15682,1103
5115.245593,2659677659,2659678763,15834,1104
5115.257623,2659686405,2659687513,15638,1108
5115.269652,2659695231,2659696336,15965,1105
5115.281659,2659704053,2659705151,15674,1098
5115.368839,2659767584,2659768688,15977,1104
5115.380848,2659776385,2659777486,15674,1101
5115.404910,2659793957,2659795062,15987,1105
5115.416916,2659802758,2659803860,15602,1102
5115.428949,2659811522,2659812629,15637,1107
5115.474035,2659844566,2659845669,15842,1103
5115.486063,2659853368,2659854472,15976,1104
5115.510102,2659870937,2659872046,15896,1109
5115.525122,2659882340,2659883444,15677,1104
5115.576232,2659919676,2659920785,15936,1109
5115.588255,2659928476,2659929581,15864,1105
5115.603287,2659939476,2659940585,15990,1109
5115.616329,2659950496,2659951607,15631,1111
5115.676423,2659994346,2659995451,15678,1105
5115.780617,2660068891,2660069998,15713,1107
5115.792646,2660077679,2660078788,16060,1109
5115.816686,2660095298,2660096409,15639,1111
5115.828711,2660104143,2660105247,16026,1104
5115.879806,2660141423,2660142529,15712,1106
5115.891835,2660150281,2660151381,15966,1100
5115.903853,2660159108,2660160213,15933,1105
5115.924888,2660174467,2660175567,15633,1100
5115.936920,2660183241,2660184345,15981,1104
5115.948927,2660191990,2660193090,15761,1100
5115.989008,2660222672,2660223776,15974,1104
5116.009057,2660235870,2660236979,15982,1109
5116.021064,2660244638,2660245738,15683,1100
5116.033098,2660253406,2660254514,15634,1108
5116.093209,2660297309,2660298415,15640,1106
5116.105235,2660306095,2660307195,15645,1100
5116.159338,2660345579,2660346680,15639,1101
5116.195401,2660371911,2660373015,15815,1104
5116.207434,2660380696,2660381805,15979,1109
5116.219441,2660389455,2660390558,15759,1103
5116.231475,2660398245,2660399353,15750,1108
5116.243503,2660407024,2660408124,15953,1100
5116.255524,2660415807,2660416916,15949,1109
5116.303613,2660451016,2660452126,15644,1110
5116.315640,2660459802,2660460909,15894,1107
5116.327647,2660468604,2660469701,15680,1097
5116.339687,2660477342,2660478448,15666,1106
5116.351709,2660486122,2660487228,15929,1106
5116.363715,2660494887,2660495988,15680,1101
5116.375749,2660503659,2660504762,15636,1103
5116.387774,2660512479,2660513588,15857,1109
5116.399786,2660521289,2660522396,15638,1107
5116.420835,2660536625,2660537700,15825,1075
5116.432860,2660545412,2660546516,15942,1104
5116.459913,2660565224,2660566328,16045,1104
5116.471921,2660573974,2660575075,15716,1101
5116.483955,2660582732,2660583844,15648,1112
5116.495984,2660591554,2660592658,15987,1104
5116.507989,2660600330,2660601436,15682,1106
5116.520024,2660609085,2660610188,15652,1103
5116.532053,2660617863,2660618972,16046,1109
5116.544058,2660626602,2660627703,15676,1101
5116.556092,2660635356,2660636461,15656,1105
5116.568121,2660644185,2660645290,15958,1105
5116.616196,2660679293,2660680398,15686,1105
5116.628229,2660688076,2660689181,15629,1105
5116.640258,2660696891,2660698000,16069,1109
5116.652266,2660705709,2660706809,15680,1100
5116.664298,2660714451,2660715558,15636,1107
5116.733419,2660764959,2660766060,15680,1101
5116.745452,2660773742,2660774852,15647,1110
5116.835627,2660839536,2660840646,15959,1110
5116.847652,2660848335,2660849439,16057,1104
5116.859658,2660857093,2660858199,15677,1106
5116.880709,2660872422,2660873492,15924,1070
5116.892738,2660881209,2660882312,15983,1103
5116.904748,2660889984,2660891086,15668,1102
5116.916778,2660898741,2660899842,15686,1101
5116.944826,2660920700,2660921804,16059,1104
5116.967864,2660936055,2660937162,15678,1107
5116.979898,2660944796,2660945896,15639,1100
5116.991928,2660953590,2660954694,15993,1104
5117.012950,2660968897,2660970000,15677,1103
5117.024984,2660977658,2660978755,15637,1097
5117.037012,2660986857,2660987966,15956,1109
5117.049020,2660995668,2660996771,15599,1103
5117.061053,2661004432,2661005530,15696,1098
5117.130174,2661054995,2661056091,15755,1096
5117.142207,2661063735,2661064806,15926,1071
5117.157224,2661074666,2661075769,15680,1103
5117.193295,2661101043,2661102147,15678,1104
5117.205327,2661109829,2661110936,15595,1107
5117.256427,2661147118,2661148227,15949,1109
5117.268447,2661155885,2661156990,15556,1105
5117.373636,2661232690,2661233793,15675,1103
5117.385669,2661241514,2661242619,15824,1105
5117.415732,2661263451,2661264563,15976,1112
5117.427753,2661272264,2661273373,15862,1109
5117.439773,2661281023,2661282124,15633,1101
5117.463821,2661298567,2661299678,15948,1111
5117.475842,2661307348,2661308454,15639,1106
5117.487871,2661316162,2661317272,15995,1110
5117.499877,2661324965,2661326068,15677,1103
5117.511906,2661333763,2661334869,15631,1106
5117.523937,2661342588,2661343661,15801,1073
5117.535945,2661351360,2661352463,15682,1103
5117.547979,2661360106,2661361210,15640,1104
5117.560007,2661368878,2661369986,15970,1108
5117.596075,2661395198,2661396297,15971,1099
5117.608083,2661403983,2661405095,15596,1112
5117.620116,2661412742,2661413845,15717,1103
5117.632143,2661421533,2661422647,15960,1114
5117.644150,2661430294,2661431405,15681,1111
5117.656184,2661439046,2661440118,15833,1072
5117.668209,2661447831,2661448936,15949,1105
5117.680227,2661456646,2661457751,15603,1105
5117.692253,2661465410,2661466507,15716,1097
5117.710287,2661478557,2661479659,15637,1102
5117.740350,2661500560,2661501664,15978,1104
5117.752361,2661509364,2661510466,15763,1102
5117.815477,2661555398,2661556502,15680,1104
5117.827517,2661564190,2661565296,15666,1106
5117.839540,2661572983,2661574066,15824,1083
5117.857573,2661586101,2661587206,15974,1105
5117.869579,2661594853,2661595955,15681,1102
5117.884626,2661605863,2661606962,15994,1099
5117.896631,2661614640,2661615750,15636,1110
5117.908665,2661623420,2661624516,15598,1096
5117.924706,2661636552,2661637659,15702,1107
5118.028898,2661711166,2661712270,15994,1104
5118.040905,2661719919,2661721020,15681,1101
5118.076981,2661746257,2661747355,15638,1098
5118.089008,2661755060,2661756172,15637,1112
5118.129096,2661785806,2661786908,15683,1102
5118.152127,2661801164,2661802270,15714,1106
5118.164156,2661809944,2661811048,15978,1104
5118.176169,2661818702,2661819809,15641,1107
5118.188196,2661827499,2661828605,15636,1106
5118.200226,2661836313,2661837419,15968,1106
5118.212235,2661845072,2661846174,15838,1102
5118.224272,2661853842,2661854945,15791,1103
5118.236292,2661862626,2661863731,16057,1105
5118.248300,2661871368,2661872471,15688,1103
5118.263346,2661882361,2661883433,15897,1072
5118.284369,2661897717,2661898820,15680,1103
5118.296402,2661906487,2661907592,15634,1105
5118.308427,2661915320,2661916424,15935,1104
5118.320436,2661924075,2661925180,15674,1105
5118.332471,2661932844,2661933951,15536,1107
5118.353516,2661948218,2661949321,15979,1103
5118.365523,2661957047,2661958150,15677,1103
5118.440676,2662011847,2662012950,15637,1103
5118.452705,2662020634,2662021712,15824,1078
5118.464712,2662029414,2662030517,15598,1103
5118.491762,2662049138,2662050239,15758,1101
5118.503795,2662057957,2662059057,15833,1100
5118.515824,2662066735,2662067841,15928,1106
5118.533859,2662079898,2662081012,15971,1114
5118.544334,2662089130,2662090242,15961,1112
5118.560907,2662100148,2662101255,15946,1107
5118.572925,2662108993,2662110099,15525,1106
5118.584947,2662117811,2662118914,15630,1103
5118.624030,2662146326,2662147430,15960,1104
5118.636046,2662155172,2662156280,16011,1108
5118.648070,2662163975,2662165084,15638,1109
5118.660100,2662172807,2662173881,15739,1074
5118.672118,2662181581,2662182696,15856,1115
5118.684135,2662190449,2662191561,15603,1112
5118.696167,2662199275,2662200386,15886,1111
5118.708176,2662208115,2662209211,15638,1096
5118.720214,2662216865,2662217970,15626,1105
5118.732238,2662225664,2662226773,15948,1109
5118.744243,2662234428,2662235534,15601,1106
5118.756277,2662243177,2662244279,15641,1102
5118.777321,2662258557,2662259632,15803,1075
5118.789329,2662267315,2662268415,15677,1100
5118.880526,2662335316,2662336418,15702,1102
5118.900551,2662348494,2662349597,15639,1103
5118.912576,2662357326,2662358435,15941,1109
5118.951637,2662385788,2662386888,15683,1100
5118.963671,2662394583,2662395694,15634,1111
5118.975701,2662403417,2662404523,15994,1106
5118.987711,2662412191,2662413289,15713,1098
5118.999739,2662420941,2662422042,15636,1101
5119.011767,2662429729,2662430829,16057,1100
5119.047835,2662456044,2662457151,15966,1107
5119.059843,2662464798,2662465895,15680,1097
5119.071871,2662473574,2662474678,15829,1104
5119.083903,2662482370,2662483474,15963,1104
5119.095925,2662491150,2662492258,16031,1108
5119.107945,2662499912,2662501008,15645,1096
5119.119972,2662508723,2662509837,15971,1114
5119.131980,2662517484,2662518581,15596,1097
5119.144014,2662526233,2662527309,15759,1076
5119.162048,2662539372,2662540482,15653,1110
5119.174076,2662548173,2662549278,15936,1105
5119.196328,2662559629,2662560243,11970,614
5119.223669,2662573665,2662574818,16356,1153
5119.235678,2662582891,2662584048,16168,1157
5119.247711,2662592211,2662593343,16248,1132
5119.259740,2662601466,2662602623,16229,1157
5119.271746,2662610757,2662611913,16091,1156
5119.283778,2662620160,2662621348,16231,1188
5119.295807,2662629462,2662630623,16468,1161
5119.307824,2662638861,2662640048,16378,1187
5119.325850,2662652980,2662654166,16080,1186
5119.337883,2662662330,2662663510,15964,1180
5119.349910,2662671681,2662672870,16378,1189
5119.361917,2662681020,2662682206,16083,1186
5119.388974,2662702143,2662703304,16115,1161
5119.401003,2662711551,2662712706,16244,1155
5119.429053,2662735100,2662736289,16378,1189
5119.452088,2662751507,2662752669,16081,1162
5119.464129,2662760868,2662762061,16071,1193
5119.476150,2662770271,2662771456,16295,1185
5119.488158,2662779656,2662780819,16088,1163
5119.500187,2662789088,2662790280,15995,1192
5119.512219,2662798464,2662799656,16339,1192
5119.524227,2662807891,2662809077,16041,1186
5119.536260,2662817284,2662818475,16046,1191
5119.548284,2662826769,2662827953,16299,1184
5119.560297,2662836177,2662837357,16025,1180
5119.572328,2662845597,2662846793,16002,1196
5119.635447,2662895103,2662896292,16227,1189
5119.647478,2662904617,2662905811,16384,1194
5119.659485,2662914065,2662915256,16168,1191
5119.671517,2662923519,2662924709,16134,1190
5119.683543,2662932937,2662934104,16450,1167
5119.695556,2662942308,2662943472,16130,1164
5119.709084,2662950976,2662952079,15845,1103
5119.721111,2662959783,2662960885,15622,1102
5119.733140,2662968650,2662969756,15950,1106
5119.745148,2662977450,2662978553,15683,1103
5119.757181,2662986292,2662987397,15907,1105
5119.769209,2662995121,2662996230,15987,1109
5119.781216,2663003916,2663005018,15685,1102
5119.805277,2663021585,2663022694,16056,1109
5119.817283,2663030384,2663031491,15685,1107
5119.841346,2663048068,2663049173,15997,1105
5119.853354,2663056866,2663057964,15600,1098
5119.865381,2663065686,2663066792,15811,1106
5119.877414,2663074548,2663075647,15868,1099
5119.889422,2663083340,2663084447,15683,1107
5119.907457,2663096577,2663097684,15686,1107
5119.928504,2663112048,2663113160,15826,1112
5119.940535,2663120938,2663122049,15947,1111
5119.952542,2663129751,2663130854,15683,1103
5119.964573,2663138622,2663139727,15842,1105
5119.976603,2663147460,2663148563,16050,1103
5119.988611,2663156252,2663157353,15604,1101
5120.000641,2663165066,2663166170,15819,1104
5120.012669,2663173904,2663175010,15942,1106
5120.048741,2663200372,2663201477,15970,1105
5120.060759,2663209601,2663210713,15851,1112
5120.084809,2663227316,2663228422,15968,1106
5120.096821,2663236099,2663237211,15649,1112
5120.117863,2663251527,2663252628,15818,1101
5120.129895,2663260392,2663261498,15910,1106
5120.141904,2663269208,2663270306,15685,1098
5120.153933,2663278021,2663279127,15773,1106
5120.165963,2663286844,2663287947,15983,1103
5120.177971,2663295647,2663296758,15685,1111
5120.190002,2663304503,2663305612,15832,1109
5120.202032,2663313376,2663314475,15957,1099
5120.226069,2663331028,2663332128,15803,1100
5120.238100,2663339881,2663340985,15951,1104
5120.250108,2663348684,2663349790,15676,1106
5120.262135,2663357510,2663358618,15810,1108
5120.272330,2663366390,2663367494,15953,1104
5120.286177,2663375205,2663376308,15642,1103
5120.298208,2663384017,2663385127,15824,1110
5120.310235,2663392832,2663393941,16019,1109
5120.322256,2663401657,2663402760,15941,1103
5120.340280,2663414866,2663415973,15684,1107
5120.352311,2663423701,2663424812,15818,1111
5120.364341,2663432540,2663433654,15985,1114
5120.376349,2663441359,2663442460,15684,1101
5120.388379,2663450208,2663451317,15834,1109
5120.400410,2663459027,2663460132,15973,1105
5120.428461,2663481103,2663482204,15681,1101
5120.440491,2663489928,2663491032,15818,1104
5120.460512,2663503155,2663504259,15817,1104
5120.472547,2663512003,2663513108,15953,1105
5120.484567,2663520828,2663521937,15896,1109
5120.500598,2663534046,2663535151,15679,1105
5120.523635,2663549502,2663550606,15800,1104
5120.535665,2663558337,2663559445,15920,1108
5120.547685,2663567202,2663568308,15848,1106
5120.580752,2663591465,2663592574,15970,1109
5120.592760,2663600319,2663601421,15603,1102
5120.604797,2663609137,2663610242,15888,1105
5120.616820,2663617994,2663619098,15942,1104
5120.640859,2663635611,2663636717,15825,1106
5120.655885,2663646635,2663647745,15602,1110
5120.680941,2663666482,2663667584,15680,1102
5120.697975,2663677538,2663678646,15971,1108
5120.709995,2663686385,2663687484,15959,1099
5120.728017,2663699615,2663700721,15683,1106
5120.740048,2663708441,2663709545,15821,1104
5120.752078,2663717263,2663718372,15972,1109
5120.764089,2663726067,2663727179,15683,1112
5120.776116,2663734933,2663736033,15808,1100
5120.788146,2663743746,2663744850,15974,1104
5120.809184,2663759231,2663760340,16036,1109
5120.821202,2663768071,2663769175,15824,1104
5120.845240,2663785698,2663786802,15684,1104
5120.860284,2663796736,2663797831,15982,1095
5120.872291,2663805525,2663806627,15686,1102
5120.884323,2663814337,2663815411,15658,1074
5120.896355,2663823110,2663824215,15976,1105
5120.908372,2663831943,2663833052,15953,1109
5120.920389,2663840769,2663841873,15804,1104
5120.932421,2663849622,2663850736,15954,1114
5120.944433,2663858425,2663859524,15721,1099
5120.965476,2663873871,2663874977,15899,1106
5120.977507,2663882731,2663883837,15958,1106
5120.992528,2663893728,2663894828,15899,1100
5121.004555,2663902565,2663903669,15986,1104
5121.031609,2663922431,2663923541,15976,1110
5121.043617,2663931240,2663932352,15686,1112
5121.055644,2663940069,2663941174,15902,1105
5121.067678,2663948912,2663950016,15979,1104
5121.079688,2663957718,2663958821,15700,1103
5121.097720,2663970930,2663972033,15683,1103
5121.109751,2663979787,2663980887,15851,1100
5121.152845,2664012867,2664013973,15813,1106
5121.184901,2664034994,2664036103,15976,1109
5121.196909,2664043812,2664044913,15688,1101
5121.220970,2664061506,2664062615,15970,1109
5121.232988,2664070338,2664071444,15938,1106
5121.260029,2664090187,2664091294,15682,1107
5121.305126,2664123267,2664124380,15950,1113
5121.317141,2664132140,2664133217,15550,1077
5121.338192,2664147528,2664148633,16011,1105
5121.350206,2664156311,2664157416,15560,1105
5121.362231,2664165121,2664166231,15785,1110
5121.374261,2664173974,2664175087,15958,1113
5121.386269,2664182769,2664183872,15683,1103
5121.401310,2664193806,2664194910,16028,1104
5121.416335,2664204838,2664205956,15839,1118
5121.428364,2664213752,2664214861,15959,1109
5121.443385,2664224751,2664225861,15893,1110
5121.512509,2664275486,2664276592,15685,1106
5121.524540,2664284354,2664285460,15831,1106
5121.536570,2664293173,2664294282,15971,1109
5121.563621,2664313041,2664314154,15974,1113
5121.574138,2664320777,2664321886,15837,1109
5121.587660,2664331128,2664332234,15820,1106
5121.599687,2664339952,2664341061,15902,1109
5121.611697,2664348790,2664349895,15604,1105
5121.623728,2664357613,2664358718,15737,1105
5121.635759,2664366478,2664367592,15952,1114
5121.671827,2664392973,2664394082,16015,1109
5121.683835,2664401773,2664402879,15763,1106
5121.695872,2664410578,2664411682,15923,1104
5121.707894,2664419443,2664420547,15938,1104
5121.719903,2664428247,2664429353,15686,1106
5121.731934,2664437056,2664438160,15807,1104
5121.743964,2664445890,2664446998,15972,1108
5121.764989,2664461295,2664462398,15756,1103
5121.777020,2664470122,2664471231,15828,1109
5121.789050,2664479004,2664480108,15954,1104
5121.801070,2664487835,2664488944,15955,1109
5121.840140,2664516538,2664517647,15829,1109
5121.852170,2664525422,2664526531,16019,1109
5121.870204,2664538652,2664539766,15971,1114
5121.882217,2664547472,2664548573,15719,1101
5121.897254,2664558512,2664559616,15917,1104
5121.909274,2664567380,2664568480,15945,1100
5121.940328,2664591601,2664592707,15973,1106
5121.960376,2664604826,2664605936,15973,1110
5121.975393,2664615924,2664616999,15613,1075
5121.996442,2664631337,2664632442,15943,1105
5122.008452,2664640182,2664641280,15683,1098
5122.020485,2664648996,2664650102,15827,1106
5122.044527,2664666591,2664667699,15607,1108
5122.056552,2664675432,2664676540,15821,1108
5122.068581,2664684292,2664685396,15868,1104
5122.089606,2664699681,2664700779,15683,1098
5122.101638,2664708520,2664709631,15851,1111
5122.128688,2664728384,2664729499,15826,1115
5122.143715,2664739413,2664740513,15675,1100
5122.188795,2664772483,2664773587,15679,1104
5122.200826,2664781368,2664782477,15738,1109
5122.212855,2664790243,2664791358,15942,1115
5122.248925,2664816740,2664817849,15983,1109
5122.260943,2664825583,2664826697,15938,1114
5122.312045,2664863102,2664864211,15977,1109
5122.324052,2664871900,2664873003,15763,1103
5122.336083,2664880716,2664881821,15903,1105
5122.354113,2664893928,2664895007,15604,1079
5122.366148,2664902768,2664903877,16031,1109
5122.381172,2664913796,2664914905,15861,1109
5122.393197,2664922620,2664923732,16037,1112
5122.414224,2664938091,2664939198,15682,1107
5122.426255,2664946922,2664948031,15822,1109
5122.438285,2664955788,2664956902,15952,1114
5122.460332,2664973416,2664974517,15822,1101
5122.480357,2664986660,2664987764,15775,1104
5122.492386,2664995516,2664996621,16038,1105
5122.537474,2665028573,2665029677,16115,1104
5122.549481,2665037369,2665038470,15720,1101
5122.564525,2665048411,2665049517,15979,1106
5122.576533,2665057254,2665058363,15687,1109
5122.588567,2665066070,2665067148,15686,1078
5122.603584,2665077077,2665078180,15763,1103
5122.615615,2665085903,2665087003,15738,1100
5122.627645,2665094712,2665095826,15932,1114
5122.639658,2665103531,2665104638,15563,1107
5122.660700,2665118981,2665120091,15818,1110
5122.672730,2665127836,2665128940,15954,1104
5122.708799,2665154323,2665155432,15974,1109
5122.720807,2665163131,2665164238,15602,1107
5122.780936,2665207194,2665208303,15973,1109
5122.792957,2665216070,2665217182,15955,1112
5122.807988,2665227119,2665228217,15971,1098
5122.820006,2665235931,2665237042,15846,1111
5122.832027,2665244805,2665245914,15835,1109
5122.844057,2665253635,2665254745,16029,1110
5122.856075,2665262484,2665263593,16018,1109
5122.868095,2665271304,2665272403,15904,1099
5122.880125,2665280122,2665281231,16055,1109
5122.895147,2665291169,2665292273,15853,1104
5122.910167,2665302205,2665303305,15691,1100
5122.922198,2665311021,2665312126,15824,1105
5122.937224,2665322019,2665323122,15681,1103
5122.949249,2665330865,2665331964,15841,1099
5122.973287,2665348489,2665349592,15685,1103
5122.985324,2665357295,2665358399,15884,1104
5123.000338,2665368350,2665369460,15764,1110
5123.012369,2665377183,2665378287,15822,1104
5123.028413,2665390473,2665391579,15900,1106
5123.045424,2665401523,2665402635,15683,1112
5123.081493,2665427992,2665429099,15758,1107
5123.093524,2665437265,2665438377,15856,1112
5123.105553,2665446149,2665447264,15946,1115
5123.117563,2665454996,2665456108,15683,1112
5123.132605,2665466048,2665467158,16047,1110
5123.144613,2665474888,2665475988,15760,1100
5123.156644,2665483705,2665484810,15827,1105
5123.172687,2665496952,2665498029,15657,1077
5123.207744,2665521238,2665522338,15938,1100
5123.219764,2665530118,2665531232,15819,1114
5123.231794,2665539001,2665540105,15948,1104
5123.243801,2665547798,2665548908,15686,1110
5123.255832,2665556647,2665557756,15833,1109
5123.273867,2665569897,2665570998,15827,1101
5123.285895,2665578741,2665579847,15956,1106
5123.297904,2665587563,2665588661,15684,1098
5123.315939,2665600789,2665601891,15684,1102
5123.327970,2665609638,2665610747,15835,1109
5123.339999,2665618464,2665619573,16065,1109
5123.352007,2665627275,2665628382,15761,1107
5123.364034,2665636124,2665637199,15693,1075
5123.376068,2665644902,2665646006,15955,1104
5123.388088,2665653747,2665654858,15959,1111
5123.406121,2665667003,2665668108,16019,1105
5123.418141,2665675840,2665676945,15903,1105
5123.428663,2665683612,2665684727,15901,1115
5123.440687,2665692494,2665693607,15773,1113
5123.527846,2665756369,2665757474,15737,1105
5123.539873,2665765233,2665766333,15847,1100
5123.557908,2665778450,2665779525,15726,1075
5123.569938,2665787283,2665788387,16044,1104
5123.630050,2665831296,2665832405,15887,1109
5123.642075,2665840172,2665841275,15901,1103
5123.690150,2665875370,2665876473,15682,1103
5123.702181,2665884245,2665885354,15832,1109
5123.714212,2665893141,2665894255,15957,1114
5123.726219,2665902010,2665903121,15757,1111
5123.837439,2665983774,2665984878,15925,1104
5123.849467,2665992643,2665993752,15899,1109
5123.879516,2666014643,2666015750,15606,1107
5123.891541,2666023520,2666024632,15740,1112
5123.903571,2666032386,2666033500,15931,1114
5123.948657,2666065588,2666066692,15971,1104
5123.960678,2666074413,2666075517,15937,1104
5124.008764,2666109677,2666110782,15823,1105
5124.020794,2666118531,2666119635,15962,1104
5124.044831,2666136182,2666137287,15801,1105
5124.056863,2666145078,2666146182,15954,1104
5124.071884,2666156104,2666157213,15819,1109
5124.083915,2666164923,2666166023,15995,1100
5124.095933,2666173763,2666174869,15896,1106
5124.107953,2666182632,2666183742,15829,1110
5124.125995,2666195880,2666196956,15723,1076
5124.138017,2666204706,2666205810,15954,1104
5124.156052,2666217907,2666219012,15973,1105
5124.168059,2666226749,2666227852,15602,1103
5124.180090,2666235593,2666236698,15842,1105
5124.192121,2666244410,2666245523,16116,1113
5124.204132,2666253248,2666254355,15841,1107
5124.216154,2666262096,2666263171,15692,1075
5124.228188,2666270877,2666271991,16042,1114
5124.240200,2666279722,2666280827,15763,1105
5124.252227,2666288573,2666289673,15835,1100
5124.265259,2666299629,2666300740,15842,1111
5124.297313,2666321708,2666322813,15819,1105
5124.309343,2666330582,2666331694,15913,1112
5124.327376,2666343816,2666344920,15959,1104
5124.339385,2666352644,2666353747,15761,1103
5124.351419,2666361500,2666362609,15880,1109
5124.363446,2666370329,2666371432,16041,1103
5124.375459,2666379129,2666380236,15603,1107
5124.396501,2666394602,2666395711,15812,1109
5124.408532,2666403467,2666404573,15958,1106
5124.444600,2666429973,2666431082,15972,1109
5124.456610,2666438767,2666439868,15701,1101
5124.477652,2666454207,2666455309,15806,1102
5124.489686,2666463083,2666464187,15870,1104
5124.580854,2666531340,2666532440,15683,1100
5124.597892,2666542415,2666543515,15916,1100
5124.609908,2666551659,2666552766,15881,1107
5124.621937,2666560530,2666561639,15883,1109
5124.633962,2666569411,2666570519,16000,1108
5124.664002,2666591416,2666592518,15681,1102
5124.676029,2666600249,2666601364,15816,1115
5124.694068,2666613472,2666614579,15825,1107
5124.706098,2666622333,2666623428,15959,1095
5124.718105,2666631114,2666632221,15683,1107
5124.796270,2666688506,2666689609,16062,1103
5124.811291,2666699537,2666700642,15822,1105
5124.868407,2666741492,2666742597,15957,1105
5124.880424,2666750331,2666751431,15950,1100
5124.892445,2666759140,2666760250,15825,1110
5124.904475,2666768004,2666769113,16042,1109
5124.916483,2666776789,2666777897,15686,1108
5124.967595,2666814264,2666815373,15977,1109
5124.979603,2666823060,2666824167,15692,1107
5124.991629,2666831917,2666832999,15617,1082
5125.009668,2666845117,2666846226,15813,1109
5125.021697,2666853954,2666855063,15962,1109
5125.081805,2666898014,2666899118,15820,1104
5125.093835,2666906880,2666907986,15953,1106
5125.159946,2666955430,2666956526,15686,1096
5125.205032,2666988527,2666989624,15762,1097
5125.217065,2666997354,2666998431,15684,1077
5125.262148,2667030371,2667031480,15820,1109
5125.274178,2667039227,2667040339,15940,1112
5125.289202,2667050238,2667051345,15847,1107
5125.301230,2667059109,2667060213,15957,1104
5125.313248,2667067912,2667069024,15939,1112
5125.325268,2667076758,2667077863,15827,1105
5125.340289,2667087795,2667088905,15682,1110
5125.415446,2667142855,2667143961,15888,1106
5125.427468,2667151712,2667152825,15858,1113
5125.439477,2667160518,2667161610,15687,1092
5125.451508,2667169368,2667170467,15832,1099
5125.463538,2667178190,2667179290,15981,1100
5125.475546,2667186974,2667188080,15759,1106
5125.496593,2667202432,2667203546,15824,1114
5125.508624,2667211288,2667212401,16044,1113
5125.529649,2667226764,2667227866,15685,1102
5125.541680,2667235612,2667236717,15834,1105
5125.580761,2667264288,2667265397,15974,1109
5125.592769,2667273094,2667274197,15685,1103
5125.607813,2667284124,2667285237,15982,1113
5125.619833,2667292966,2667294075,15958,1109
5125.631851,2667301841,2667302945,15814,1104
5125.643881,2667310686,2667311791,15976,1105
5125.655889,2667319481,2667320579,15686,1098
5125.692980,2667348153,2667349257,15813,1104
5125.709992,2667359210,2667360308,15644,1098
5125.722022,2667368064,2667369163,15841,1099
5125.734051,2667376905,2667378018,15899,1113
5125.845249,2667458492,2667459594,15683,1102
5125.857275,2667467325,2667468401,15647,1076
5125.869309,2667476150,2667477254,15888,1104
5125.896360,2667496024,2667497127,15929,1103
5125.908380,2667504830,2667505940,16022,1110
5125.924413,2667518106,2667519218,15759,1112
5125.953459,2667537937,2667539045,15812,1108
5125.965485,2667546801,2667547915,15842,1114
5125.977515,2667555654,2667556763,15952,1109
5126.025592,2667590955,2667592058,15760,1103
5126.037624,2667599766,2667600844,15656,1078
5126.055657,2667612996,2667614106,15825,1110
5126.067687,2667621843,2667622948,16023,1105
5126.079705,2667630645,2667631754,15941,1109
5126.097729,2667643917,2667645024,15682,1107
5126.109766,2667652739,2667653839,15884,1100
5126.123290,2667663348,2667664464,15957,1116
5126.159362,2667689907,2667691012,15912,1105
5126.171386,2667698763,2667699867,16040,1104
5126.183403,2667707587,2667708695,15936,1108
5126.195418,2667716462,2667717540,15599,1078
5126.207453,2667725299,2667726403,15957,1104
5126.219461,2667734091,2667735198,15685,1107
5126.231491,2667742956,2667744070,15832,1114
5126.243522,2667751799,2667752913,15978,1114
5126.255529,2667760602,2667761703,15684,1101
5126.276574,2667776075,2667777180,15777,1105
5126.288607,2667784922,2667786028,15870,1106
5126.300626,2667793729,2667794834,15948,1105
5126.321663,2667809152,2667810250,15860,1098
5126.333693,2667818032,2667819137,16040,1105
5126.345711,2667826864,2667827973,15940,1109
5126.357737,2667835674,2667836779,15880,1105
5126.369760,2667844536,2667845645,15951,1109
5126.384783,2667855548,2667856650,15906,1102
5126.396813,2667864396,2667865499,15966,1103
5126.432882,2667890935,2667892040,15957,1105
5126.444900,2667899756,2667900860,15938,1104
5126.459931,2667910808,2667911913,15946,1105
5126.484975,2667930696,2667931805,15973,1109
5126.529057,2667961631,2667962745,15820,1114
5126.541088,2667970514,2667971619,15877,1105
5126.553106,2667979372,2667980472,15939,1100
5126.565126,2667988230,2667989340,15748,1110
5126.589175,2668005926,2668007038,15942,1112
5126.604208,2668016980,2668018080,15975,1100
5126.634249,2668039032,2668040138,15761,1106
5126.691366,2668080958,2668082074,15827,1116
5126.703396,2668089824,2668090933,15960,1109
5126.715415,2668098646,2668099746,15943,1100
5126.727435,2668107507,2668108607,15831,1100
5126.739466,2668116332,2668117435,16032,1103
5126.751483,2668125190,2668126300,15941,1110
5126.763503,2668134040,2668135150,15831,1110
5126.775534,2668142871,2668143980,16061,1109
5126.787552,2668151727,2668152838,15950,1111
5126.799572,2668160588,2668161692,15833,1104
5126.817606,2668173891,2668175000,15832,1109
5126.829636,2668182756,2668183861,15958,1105
5126.907773,2668240164,2668241273,15809,1109
5126.919808,2668249033,2668250144,15963,1111
5126.931826,2668257884,2668258988,15939,1104
5126.943846,2668266738,2668267844,15828,1106
5126.955875,2668275604,2668276711,15962,1107
5126.967895,2668284475,2668285580,15853,1105
5126.979911,2668293334,2668294412,15620,1078
5126.991945,2668302173,2668303278,15957,1105
5127.012981,2668317655,2668318764,15939,1109
5127.025001,2668326490,2668327599,15821,1109
5127.124189,2668399351,2668400458,15903,1107
5127.136221,2668408253,2668409362,15977,1109
5127.148237,2668417107,2668418219,15892,1112
5127.160258,2668425984,2668427088,15819,1104
5127.224388,2668474622,2668475729,15969,1107
5127.328581,2668549726,2668550841,15942,1115
5127.340601,2668558591,2668559701,15837,1110
5127.356642,2668571890,2668572995,15848,1105
5127.428782,2668624854,2668625939,15693,1085
5127.532975,2668699827,2668700935,16048,1108
5127.544991,2668708655,2668709754,15935,1099
5127.560026,2668719728,2668720837,15964,1109
5127.572044,2668728599,2668729702,15897,1103
5127.584059,2668737451,2668738529,15619,1078
5127.596094,2668746271,2668747371,15966,1100
5127.608113,2668755091,2668756202,15946,1111
5127.620128,2668763917,2668764992,15535,1075
5127.636672,2668776251,2668777358,15986,1107
5127.650196,2668786569,2668787669,15969,1100
5127.749384,2668859388,2668860495,15996,1107
5127.761407,2668868254,2668869358,16044,1104
5127.864604,2668945440,2668946552,16094,1112
5127.881625,2668956472,2668957547,15620,1075
5127.893661,2668965263,2668966367,16084,1104
5127.905678,2668974116,2668975223,15945,1107
5127.959780,2669013789,2669014898,15927,1109
5127.971797,2669022665,2669023737,15621,1072
5128.040934,2669073361,2669074467,16012,1106
5128.052951,2669082215,2669083290,15618,1075
5128.080003,2669102040,2669103115,15696,1075
5128.092039,2669110822,2669111926,16098,1104
5128.110072,2669124072,2669125179,16170,1107
5128.122089,2669132848,2669133959,15934,1111
5128.137124,2669143858,2669144960,16131,1102
5128.152140,2669154882,2669155957,15609,1075
5128.164175,2669163681,2669164789,16094,1108
5128.176191,2669172521,2669173625,15930,1104
5128.188208,2669181353,2669182429,15622,1076
5128.200242,2669190172,2669191281,15934,1109
5128.212260,2669198993,2669200098,15941,1105
5128.224277,2669207810,2669208885,15620,1075
5128.236312,2669216602,2669217704,16089,1102
5128.263364,2669236417,2669237524,16083,1107
5128.305432,2669267255,2669268332,15636,1077
5128.317469,2669276042,2669277146,16091,1104
5128.329484,2669284912,2669286022,15987,1110
5128.368552,2669313546,2669314624,15694,1078
5128.380589,2669322335,2669323438,16005,1103
5128.392602,2669331145,2669332254,15861,1109
5128.404625,2669340006,2669341118,15848,1112
5128.416658,2669348850,2669349956,16010,1106
5128.431671,2669359887,2669360965,15578,1078
5128.442208,2669365380,2669366205,14481,825
5128.452331,2669370573,2669371191,12007,618
5128.521847,2669418132,2669419319,16241,1187
5128.533876,2669427546,2669428735,16324,1189
5128.545903,2669437008,2669438192,16411,1184
5128.557916,2669446437,2669447626,16329,1189
5128.572952,2669458251,2669459444,16489,1193
5128.584969,2669467740,2669468923,16240,1183
5128.618037,2669493750,2669494943,16387,1193
5128.630053,2669503255,2669504443,16260,1188
5128.642083,2669512739,2669513928,16323,1189
5128.681158,2669543580,2669544778,16382,1198
5128.693174,2669553049,2669554242,16256,1193
5128.708209,2669564917,2669566081,16404,1164
5128.720225,2669574413,2669575611,16259,1198
5128.732257,2669583967,2669585130,16357,1163
5128.744277,2669593366,2669594536,16397,1170
5128.756293,2669602894,2669604063,16239,1169
5128.768324,2669612333,2669613502,16326,1169
5128.780345,2669621844,2669623017,16387,1173
5128.792362,2669631384,2669632577,16240,1193
5128.831442,2669662365,2669663563,16322,1198
5128.843466,2669671842,2669673010,16368,1168
5128.855482,2669681348,2669682546,16259,1198
5128.873516,2669695605,2669696793,16258,1188
5128.885547,2669705144,2669706333,16324,1189
5128.903579,2669719333,2669720527,16322,1194
5128.915604,2669728809,2669729998,16373,1189
5128.927619,2669738292,2669739461,16245,1169
5128.945655,2669752524,2669753717,16263,1193
5128.956180,2669759378,2669760282,15364,904
5128.969212,2669770277,2669771384,15861,1107
5128.992248,2669785809,2669786923,15981,1114
5129.004265,2669794704,2669795811,15766,1107
5129.016295,2669803571,2669804674,15913,1103
5129.049350,2669827923,2669829032,15833,1109
5129.061379,2669836788,2669837899,15872,1111
5129.073404,2669845648,2669846757,15999,1109
5129.085426,2669854518,2669855628,15910,1110
5129.097449,2669863384,2669864492,15915,1108
5129.109470,2669872249,2669873355,15972,1106
5129.121488,2669881119,2669882228,15854,1109
5129.133518,2669889973,2669891078,15918,1105
5129.145541,2669898828,2669899932,15995,1104
5129.157559,2669908112,2669909230,15831,1118
5129.169585,2669916986,2669918091,15906,1105
5129.181612,2669925873,2669926981,15971,1108
5129.193625,2669934730,2669935843,15853,1113
5129.205654,2669943630,2669944737,15825,1107
5129.223688,2669956929,2669958032,15914,1103
5129.235711,2669965796,2669966900,15836,1104
5129.253746,2669979081,2669980194,15982,1113
5129.265762,2669987948,2669989048,15804,1100
5129.277789,2669996792,2669997896,15868,1104
5129.289813,2670005674,2670006785,15972,1111
5129.301831,2670014532,2670015638,15861,1106
5129.313860,2670023388,2670024494,15828,1106
5129.325881,2670032245,2670033354,15924,1109
5129.337899,2670041108,2670042215,15847,1107
5129.349927,2670049961,2670051070,15905,1109
5129.361951,2670058835,2670059944,15939,1109
5129.376978,2670069921,2670071026,15909,1105
5129.389001,2670078768,2670079873,15967,1105
5129.401019,2670087627,2670088736,15864,1109
5129.413050,2670096494,2670097605,15911,1111
5129.428071,2670107585,2670108693,15842,1108
5129.440099,2670116435,2670117541,15820,1106
5129.452124,2670125291,2670126390,15999,1099
5129.464139,2670134145,2670135254,15834,1109
5129.476168,2670143009,2670144117,15826,1108
5129.488193,2670151884,2670152991,15982,1107
5129.500208,2670160747,2670161856,15851,1109
5129.512238,2670169605,2670170719,15908,1114
5129.524260,2670178460,2670179565,15982,1105
5129.536277,2670187330,2670188439,15748,1109
5129.557323,2670202840,2670203949,15867,1109
5129.569347,2670211702,2670212811,15996,1109
5129.587380,2670224998,2670226106,15989,1108
5129.599396,2670233848,2670234954,15852,1106
5129.611429,2670242716,2670243820,15829,1104
5129.623448,2670251565,2670252674,15976,1109
5129.635465,2670260414,2670261518,15835,1104
5129.647494,2670269274,2670270388,15820,1114
5129.660525,2670280351,2670281456,15741,1105
5129.672549,2670289216,2670290320,15908,1104
5129.689568,2670300296,2670301395,15808,1099
5129.701599,2670309158,2670310258,15874,1100
5129.731656,2670331311,2670332416,15917,1105
5129.743671,2670340178,2670341289,15833,1111
5129.755700,2670349058,2670350167,15913,1109
5129.767724,2670357914,2670359028,15995,1114
5129.779747,2670366787,2670367896,15824,1109
5129.791770,2670375637,2670376740,15831,1103
5129.803792,2670384490,2670385598,15982,1108
5129.815808,2670393374,2670394478,15850,1104
5129.827839,2670402239,2670403343,15915,1104
5129.839862,2670411109,2670412218,15967,1109
5129.851877,2670419986,2670421090,15834,1104
5129.869911,2670433277,2670434383,15831,1106
5129.881942,2670442146,2670443254,15914,1108
5129.896962,2670453202,2670454310,15852,1108
5129.908993,2670462049,2670463154,15914,1105
5129.930033,2670477555,2670478655,15925,1100
5129.942048,2670486413,2670487519,15840,1106
5129.954077,2670495279,2670496390,15916,1111
5129.966102,2670504145,2670505255,16000,1110
5129.978124,2670513016,2670514127,15917,1111
5129.990147,2670521872,2670522981,15919,1109
5130.002168,2670530734,2670531838,16056,1104
5130.017199,2670541813,2670542922,15997,1109
5130.029222,2670550700,2670551809,15919,1109
5130.041237,2670559564,2670560670,15852,1106
5130.053264,2670568422,2670569524,15910,1102
5130.065289,2670577270,2670578369,15983,1099
5130.077311,2670586126,2670587226,15912,1100
5130.089335,2670594978,2670596083,15918,1105
5130.101356,2670603846,2670604946,15968,1100
5130.125403,2670621575,2670622681,15911,1106
5130.137426,2670630436,2670631546,15981,1110
5130.167477,2670652576,2670653685,15849,1109
5130.179506,2670661454,2670662563,15923,1109
5130.191527,2670670319,2670671427,15970,1108
5130.203545,2670679188,2670680296,15946,1108
5130.215574,2670688050,2670689162,15997,1112
5130.227598,2670696890,2670698004,15923,1114
5130.239614,2670705783,2670706888,15787,1105
5130.251643,2670714655,2670715756,15871,1101
5130.269677,2670727955,2670729063,15910,1108
5130.281700,2670736817,2670737923,15982,1106
5130.293717,2670745674,2670746778,15766,1104
5130.305748,2670754536,2670755649,15875,1113
5130.317772,2670763408,2670764507,15981,1099
5130.401923,2670825432,2670826532,15852,1100
5130.413953,2670834287,2670835396,15916,1109
5130.431986,2670847570,2670848684,15911,1114
5130.444011,2670856456,2670857566,15995,1110
5130.456026,2670865335,2670866441,15837,1106
5130.468055,2670874199,2670875303,15830,1104
5130.480078,2670883050,2670884159,15984,1109
5130.492094,2670891908,2670893017,15846,1109
5130.517155,2670911833,2670912948,15852,1115
5130.549209,2670933974,2670935083,15915,1109
5130.561233,2670942830,2670943941,15909,1111
5130.621348,2670987139,2670988254,15914,1115
5130.633371,2670996028,2670997132,15998,1104
5130.651405,2671009324,2671010424,15995,1100
5130.663420,2671018606,2671019719,15834,1113
5130.675451,2671027496,2671028601,15916,1105
5130.687472,2671036352,2671037460,15890,1108
5130.699489,2671045208,2671046312,15770,1104
5130.711519,2671054070,2671055184,15919,1114
5130.723542,2671062934,2671064044,15834,1110
5130.735557,2671071792,2671072897,15828,1105
5130.753592,2671085084,2671086188,15829,1104
5130.765620,2671093927,2671095032,15913,1105
5130.777643,2671102793,2671103897,15982,1104
5130.789660,2671111656,2671112762,15851,1106
5130.840765,2671149314,2671150423,16000,1109
5130.854289,2671159484,2671160593,15981,1109
5130.896369,2671190467,2671191575,15916,1108
5130.908394,2671199344,2671200456,15992,1112
5130.920416,2671208229,2671209334,15993,1105
5130.944461,2671225943,2671227051,16069,1108
5130.956478,2671234801,2671235910,15854,1109
5130.983531,2671254755,2671255859,15864,1104
5130.995558,2671263615,2671264723,15913,1108
5131.007583,2671272486,2671273591,15999,1105
5131.019605,2671281361,2671282472,15913,1111
5131.031628,2671290235,2671291339,15918,1104
5131.043649,2671299086,2671300196,15977,1110
5131.055670,2671307987,2671309092,15859,1105
5131.067695,2671316887,2671318002,15916,1115
5131.085728,2671330238,2671331350,15910,1112
5131.097752,2671339147,2671340261,15977,1114
5131.109768,2671348038,2671349148,15843,1110
5131.121798,2671356927,2671358041,15917,1114
5131.133821,2671365834,2671366939,15986,1105
5131.148849,2671376951,2671378065,15909,1114
5131.160377,2671387397,2671388512,15898,1115
5131.177398,2671398552,2671399665,15850,1113
5131.189427,2671407458,2671408572,15912,1114
5131.201448,2671416364,2671417477,15959,1113
5131.240517,2671445289,2671446402,15862,1113
5131.252547,2671454191,2671455303,15873,1112
5131.264568,2671463109,2671464229,15936,1120
5131.276586,2671471993,2671473097,15847,1104
5131.288614,2671480846,2671481959,15872,1113
5131.360752,2671533965,2671535076,15912,1111
5131.372775,2671542835,2671543946,15984,1111
5131.411843,2671571661,2671572770,15849,1109
5131.423872,2671580507,2671581612,15904,1105
5131.435894,2671589371,2671590474,15964,1103
5131.447912,2671598223,2671599337,15860,1114
5131.459941,2671607088,2671608202,15909,1114
5131.471966,2671615984,2671617090,15983,1106
5131.483981,2671624853,2671625956,15852,1103
5131.502014,2671638145,2671639248,15843,1103
5131.514043,2671646994,2671648099,15916,1105
5131.562134,2671682416,2671683520,15964,1104
5131.592187,2671704587,2671705695,15853,1108
5131.610220,2671717859,2671718968,15845,1109
5131.622249,2671726727,2671727836,15852,1109
5131.664328,2671757739,2671758853,15912,1114
5131.676353,2671766727,2671767837,15910,1110
5131.688377,2671775594,2671776703,15996,1109
5131.700392,2671784445,2671785544,15787,1099
5131.724444,2671802148,2671803257,15977,1109
5131.736461,2671811007,2671812112,15855,1105
5131.748491,2671819881,2671820989,15912,1108
5131.760513,2671828736,2671829842,15981,1106
5131.781547,2671844270,2671845377,15835,1107
5131.793576,2671853142,2671854255,15911,1113
5131.805600,2671861999,2671863104,15995,1105
5131.841667,2671888601,2671889707,15981,1106
5131.853684,2671897485,2671898589,15851,1104
5131.877737,2671915202,2671916308,15997,1106
5131.892764,2671926275,2671927381,15909,1106
5131.904788,2671935158,2671936263,15948,1105
5131.955885,2671972810,2671973914,15904,1104
5131.967908,2671981668,2671982773,15998,1105
5131.979924,2671990527,2671991626,15840,1099
5131.997959,2672003812,2672004916,15838,1104
5132.009987,2672012651,2672013757,15907,1106
5132.070096,2672056919,2672058025,15836,1106
5132.082124,2672065764,2672066868,15912,1104
5132.100158,2672079059,2672080162,15988,1103
5132.112181,2672087946,2672089050,15826,1104
5132.124198,2672096786,2672097891,15843,1105
5132.136228,2672105652,2672106761,15905,1109
5132.154262,2672118952,2672120061,15900,1109
5132.164329,2672128212,2672129315,15986,1103
5132.184320,2672141518,2672142632,15990,1114
5132.196335,2672150392,2672151495,15834,1103
5132.223386,2672170355,2672171460,15845,1105
5132.235417,2672179207,2672180313,15904,1106
5132.247438,2672188085,2672189194,15973,1109
5132.259461,2672196964,2672198068,15904,1104
5132.304541,2672230204,2672231313,15835,1109
5132.316571,2672239096,2672240193,15919,1097
5132.328591,2672247956,2672249055,15918,1099
5132.367661,2672276745,2672277849,15843,1104
5132.379688,2672285600,2672286709,15902,1109
5132.391713,2672294476,2672295584,15936,1108
5132.403730,2672303349,2672304459,15845,1110
5132.415759,2672312228,2672313342,15903,1114
5132.427780,2672321111,2672322220,15958,1109
5132.439798,2672329985,2672331094,15860,1109
5132.451827,2672338837,2672339946,15903,1109
5132.463850,2672347700,2672348809,15974,1109
5132.487894,2672365419,2672366533,15904,1114
5132.499919,2672374282,2672375380,15936,1098
5132.511935,2672383139,2672384248,15851,1109
5132.523966,2672392031,2672393135,15861,1104
5132.535987,2672400872,2672401981,15932,1109
5132.548004,2672409737,2672410846,15846,1109
5132.560033,2672418594,2672419699,15910,1105
5132.572057,2672427449,2672428554,15993,1105
5132.584073,2672436310,2672437417,15832,1107
5132.596104,2672445243,2672446353,15950,1110
5132.608124,2672454098,2672455207,15993,1109
5132.626159,2672467377,2672468486,15976,1109
5132.638175,2672476237,2672477340,15925,1103
5132.650206,2672485081,2672486194,15900,1113
5132.662229,2672493968,2672495077,15992,1109
5132.674245,2672502826,2672503934,15834,1108
5132.686273,2672511688,2672512794,15901,1106
5132.699797,2672521706,2672522803,16039,1097
5132.711819,2672530528,2672531632,15950,1104
5132.723836,2672539338,2672540440,15706,1102
5132.735866,2672548152,2672549261,15975,1109
5132.747888,2672557024,2672558129,15944,1105
5132.759907,2672565837,2672566941,15828,1104
5132.771933,2672574636,2672575750,15947,1114
5132.783954,2672583450,2672584563,15966,1113
5132.795973,2672592251,2672593348,15631,1097
5132.808004,2672601090,2672602194,15965,1104
5132.820019,2672609912,2672611019,15886,1107
5132.841059,2672625340,2672626438,15625,1098
5132.853088,2672634145,2672635249,15948,1104
5132.904189,2672671708,2672672817,15906,1109
5132.916207,2672680527,2672681628,15954,1101
5132.928228,2672689378,2672690492,15921,1114
5132.940247,2672698166,2672699272,15630,1106
5132.952276,2672706988,2672708094,15902,1106
5132.964298,2672715838,2672716951,15933,1113
5132.976316,2672724632,2672725732,15628,1100
5132.988345,2672733425,2672734534,15945,1109
5133.000365,2672742252,2672743365,15962,1113
5133.012384,2672751046,2672752153,15635,1107
5133.024414,2672759865,2672760974,15948,1109
5133.048453,2672777463,2672778564,15625,1101
5133.060486,2672786327,2672787433,15966,1106
5133.123606,2672832660,2672833763,16047,1103
5133.135623,2672841508,2672842617,15976,1109
5133.147641,2672850341,2672851442,15597,1101
5133.165676,2672863599,2672864692,15593,1093
5133.177705,2672872399,2672873504,15909,1105
5133.195739,2672885601,2672886706,15953,1105
5133.207762,2672894404,2672895509,15952,1105
5133.219779,2672903187,2672904285,15627,1098
5133.237814,2672916382,2672917488,15630,1106
5133.249842,2672925205,2672926309,15949,1104
5133.261866,2672934062,2672935162,15933,1100
5133.288914,2672953867,2672954981,15964,1114
5133.300941,2672962668,2672963770,15712,1102
5133.312962,2672971495,2672972599,15946,1104
5133.327985,2672982491,2672983597,15632,1106
5133.340013,2672991338,2672992446,15972,1108
5133.352034,2673000150,2673001264,15936,1114
5133.460241,2673079614,2673080718,15935,1104
5133.472259,2673088438,2673089541,15600,1103
5133.484288,2673097270,2673098375,15950,1105
5133.499318,2673108272,2673109378,15789,1106
5133.511339,2673117110,2673118219,16033,1109
5133.523360,2673125954,2673127054,16046,1100
5133.535380,2673134799,2673135908,15636,1109
5133.547408,2673143624,2673144725,15949,1101
5133.559429,2673152457,2673153561,15939,1104
5133.571447,2673161235,2673162335,15630,1100
5133.583477,2673170049,2673171163,15955,1114
5133.595497,2673178870,2673179979,15966,1109
5133.607516,2673187670,2673188782,15626,1112
5133.673649,2673236173,2673237282,15962,1109
5133.688676,2673247583,2673248689,15670,1106
5133.736768,2673282875,2673283984,15952,1109
5133.748788,2673291754,2673292861,15824,1107
5133.784857,2673318425,2673319536,15844,1111
5133.796887,2673327327,2673328438,15865,1111
5133.866012,2673378192,2673379301,16049,1109
5133.878030,2673387043,2673388150,15595,1107
5133.896072,2673400322,2673401430,15791,1108
5133.908093,2673409181,2673410295,15985,1114
5133.950171,2673440113,2673441228,15952,1115
5133.962197,2673448948,2673450048,15949,1100
5133.974217,2673457758,2673458853,15965,1095
5133.989248,2673468754,2673469863,15952,1109
5134.001272,2673477571,2673478685,15949,1114
5134.013288,2673486410,2673487507,15557,1097
5134.076407,2673532660,2673533757,15707,1097
5134.088437,2673541473,2673542579,16033,1106
5134.157562,2673592155,2673593258,15593,1103
5134.169591,2673600998,2673602104,15986,1106
5134.184616,2673612026,2673613135,15908,1109
5134.196645,2673620858,2673621963,16072,1105
5134.259763,2673667166,2673668279,15962,1113
5134.271783,2673676010,2673677112,15973,1102
5134.283803,2673684795,2673685898,15627,1103
5134.295834,2673693606,2673694715,16087,1109
5134.307852,2673702420,2673703534,15972,1114
5134.319870,2673711216,2673712323,15704,1107
5134.331900,2673720041,2673721149,16037,1108
5134.343921,2673728869,2673729972,15941,1103
5134.355939,2673737692,2673738799,15671,1107
5134.367969,2673746512,2673747621,16045,1109
5134.379989,2673755351,2673756460,15968,1109
5134.398026,2673768534,2673769636,16033,1102
5134.410042,2673777331,2673778429,15705,1098
5134.440106,2673799366,2673800475,15956,1109
5134.452127,2673808219,2673809333,15938,1114
5134.464145,2673817016,2673818108,15705,1092
5134.482179,2673830222,2673831327,15628,1105
5134.494212,2673839042,2673840147,16003,1105
5134.515246,2673854460,2673855563,16048,1103
5134.530281,2673865508,2673866617,15965,1109
5134.542297,2673874323,2673875428,15852,1105
5134.569349,2673894173,2673895277,15964,1104
5134.581368,2673902984,2673904083,15624,1099
5134.593400,2673911797,2673912903,15994,1106
5134.605418,2673920620,2673921727,15964,1107
5134.623451,2673933848,2673934957,15962,1109
5134.635471,2673942647,2673943743,15627,1096
5134.647504,2673951491,2673952590,15877,1099
5134.659521,2673960304,2673961408,15972,1104
5134.677555,2673973516,2673974625,16046,1109
5134.689582,2673982354,2673983462,15759,1108
5134.725642,2674008771,2674009872,15630,1101
5134.737676,2674017622,2674018731,16043,1109
5134.761711,2674035285,2674036390,15632,1105
5134.773740,2674044105,2674045215,15960,1110
5134.785757,2674052934,2674054038,15886,1104
5134.824831,2674081564,2674082671,15627,1107
5134.836860,2674090400,2674091504,16032,1104
5134.908997,2674143320,2674144429,16031,1109
5134.921018,2674152139,2674153241,16049,1102
5134.981135,2674196232,2674197333,15956,1101
5134.993158,2674205072,2674206181,15952,1109
5135.017203,2674222666,2674223775,15948,1109
5135.029224,2674231492,2674232597,15961,1105
5135.041245,2674240327,2674241436,15827,1109
5135.132427,2674308676,2674309782,15946,1106
5135.161478,2674328550,2674329659,15948,1109
5135.173497,2674337337,2674338449,15891,1112
5135.188532,2674348342,2674349445,15996,1103
5135.200550,2674357559,2674358663,15963,1104
5135.212568,2674366407,2674367518,15593,1111
5135.224598,2674375226,2674376334,15956,1108
5135.236618,2674384038,2674385147,15860,1109
5135.248637,2674392865,2674393968,15671,1103
5135.335807,2674456709,2674457809,15855,1100
5135.347826,2674465530,2674466640,15600,1110
5135.359855,2674474356,2674475461,15859,1105
5135.371875,2674483170,2674484274,15967,1104
5135.389912,2674496428,2674497532,15953,1104
5135.401931,2674505252,2674506356,15663,1104
5135.444014,2674536158,2674537262,15940,1104
5135.456031,2674544954,2674546057,15632,1103
5135.468061,2674553768,2674554874,15949,1106
5135.480081,2674562599,2674563702,15879,1103
5135.492103,2674571421,2674572525,15823,1104
5135.504131,2674580221,2674581300,15809,1079
5135.522166,2674593422,2674594500,15806,1078
5135.534184,2674602206,2674603320,15855,1114
5135.561236,2674622053,2674623161,15966,1108
5135.573257,2674630870,2674631970,15829,1100
5135.600306,2674650681,2674651779,15630,1098
5135.612335,2674659512,2674660621,15956,1109
5135.624356,2674668321,2674669420,15968,1099
5135.676459,2674708047,2674709151,15939,1104
5135.780657,2674783000,2674784111,15709,1111
5135.792678,2674791827,2674792941,15951,1114
5135.804699,2674800659,2674801765,15969,1106
5135.816717,2674809492,2674810590,15515,1098
5135.828746,2674818321,2674819425,15955,1104
5135.849784,2674833780,2674834889,15966,1109
5135.867819,2674847020,2674848123,15959,1103
5135.891867,2674864639,2674865744,15951,1105
5135.903887,2674873459,2674874569,15965,1110
5135.915906,2674882256,2674883363,15630,1107
5135.927935,2674891064,2674892173,15865,1109
5135.939957,2674899919,2674901028,15933,1109
5135.951974,2674908713,2674909819,15625,1106
5135.964006,2674917531,2674918604,15725,1073
5135.976024,2674926313,2674927427,15877,1114
5135.988043,2674935126,2674936232,15629,1106
5136.000073,2674943959,2674945059,15949,1100
5136.012093,2674952771,2674953885,15957,1114
5136.042146,2674974808,2674975909,15632,1101
5136.057179,2674985849,2674986958,15966,1109
5136.069197,2674994651,2674995762,15628,1111
5136.105266,2675021029,2675022130,15706,1101
5136.117297,2675029856,2675030964,15950,1108
5136.159369,2675060762,2675061865,15629,1103
5136.213475,2675100439,2675101539,15821,1100
5136.225504,2675109291,2675110404,16002,1113
5136.237522,2675118153,2675119267,15934,1114
5136.249540,2675126947,2675128054,15623,1107
5136.264573,2675137975,2675139084,15965,1109
5136.276602,2675146799,2675147903,15903,1104
5136.316674,2675177633,2675178742,15961,1109
5136.360759,2675208487,2675209592,16034,1105
5136.372778,2675217321,2675218426,16046,1105
5136.387810,2675228320,2675229434,15953,1114
5136.411849,2675245934,2675247039,15707,1105
5136.425384,2675255978,2675257081,15710,1103
5136.437408,2675264823,2675265936,15916,1113
5136.449424,2675273644,2675274752,15967,1108
5136.524572,2675328719,2675329824,15710,1105
5136.536592,2675337542,2675338647,15956,1105
5136.584683,2675372795,2675373904,15933,1109
5136.596701,2675381578,2675382679,15608,1101
5136.623760,2675401399,2675402502,15706,1103
5136.635781,2675410410,2675411515,15958,1105
5136.647802,2675419229,2675420335,15963,1106
5136.659820,2675428024,2675429121,15630,1097
5136.671850,2675436836,2675437946,15950,1110
5136.704910,2675461156,2675462264,15832,1108
5136.716334,2675470372,2675471481,15950,1109
5136.732972,2675483636,2675484750,15947,1114
5136.777046,2675514541,2675515655,15827,1114
5136.789073,2675523365,2675524474,15952,1109
5136.801093,2675532185,2675533293,15964,1108
5136.828148,2675552023,2675553131,15949,1108
5136.840163,2675560842,2675561944,15620,1102
5136.852193,2675569663,2675570772,15951,1109
5136.864213,2675578493,2675579602,15960,1109
5136.876235,2675587323,2675588422,15829,1099
5136.888266,2675596173,2675597273,15967,1100
5136.900282,2675604993,2675606097,15956,1104
5136.940365,2675635853,2675636952,15950,1099
5136.984438,2675666727,2675667829,15669,1102
5136.996468,2675675532,2675676643,15957,1111
5137.032540,2675701999,2675703108,15965,1109
5137.044556,2675710837,2675711942,15964,1105
5137.149759,2675787923,2675789028,16026,1105
5137.161779,2675796764,2675797867,16043,1103
5137.191833,2675818794,2675819906,15631,1112
5137.203862,2675827625,2675828734,15948,1109
5137.215882,2675836433,2675837542,15876,1109
5137.227901,2675845239,2675846346,15628,1107
5137.239933,2675854080,2675855163,15809,1083
5137.257969,2675867362,2675868467,16043,1105
5137.269987,2675876195,2675877300,15861,1105
5137.282004,2675884992,2675886098,15599,1106
5137.294033,2675893812,2675894921,15941,1109
5137.366170,2675946731,2675947844,15947,1113
5137.378192,2675955592,2675956695,15846,1103
5137.444313,2676004007,2676005112,15704,1105
5137.456344,2676012845,2676013954,16011,1109
5137.468363,2676021706,2676022809,15927,1103
5137.480381,2676030536,2676031648,15635,1112
5137.492411,2676039374,2676040483,15955,1109
5137.568560,2676096695,2676097799,15819,1104
5137.609633,2676125365,2676126474,15954,1109
5137.621657,2676134191,2676135295,15952,1104
5137.651707,2676156235,2676157341,15629,1106
5137.663740,2676165095,2676166210,15962,1115
5137.675758,2676173961,2676175067,15846,1106
5137.696793,2676189372,2676190476,15630,1104
5137.716332,2676198716,2676199334,12025,618
5137.797493,2676254985,2676256149,16380,1164
5137.809510,2676264412,2676265595,16248,1183
5137.857607,2676302198,2676303391,16314,1193
5137.869631,2676311735,2676312924,16375,1189
5137.896681,2676333089,2676334259,16417,1170
5137.908701,2676342476,2676343664,16296,1188
5137.920726,2676352007,2676353200,16311,1193
5137.983848,2676401697,2676402881,16313,1184
5137.995869,2676411155,2676412348,16371,1193
5138.007887,2676420554,2676421718,16267,1164
5138.019914,2676430050,2676431242,16317,1192
5138.031939,2676439535,2676440724,16395,1189
5138.043955,2676449037,2676450225,16303,1188
5138.068008,2676467960,2676469153,16480,1193
5138.080024,2676477523,2676478721,16206,1198
5138.092055,2676487016,2676488210,16317,1194
5138.104076,2676496532,2676497724,16383,1192
5138.116093,2676506015,2676507184,16231,1169
5138.128122,2676515501,2676516683,16295,1182
5138.140146,2676524991,2676526179,16398,1188
5138.152161,2676534512,2676535695,16150,1183
5138.164192,2676544018,2676545211,16318,1193
5138.216328,2676586754,2676587942,16311,1188
5138.228332,2676593697,2676594591,15201,894
5138.245345,2676606196,2676607304,15901,1108
5138.257369,2676615094,2676616203,15990,1109
5138.269385,2676623974,2676625088,15846,1114
5138.281415,2676632898,2676634004,15920,1106
5138.293436,2676641754,2676642855,15878,1101
5138.305453,2676650612,2676651716,15852,1104
5138.317481,2676659463,2676660567,15820,1104
5138.329505,2676668323,2676669438,15977,1115
5138.341521,2676677199,2676678305,15825,1106
5138.353549,2676686069,2676687174,15902,1105
5138.365572,2676694928,2676696037,15962,1109
5138.383606,2676708224,2676709333,16041,1109
5138.395624,2676717077,2676718180,15901,1103
5138.407654,2676725931,2676727037,15914,1106
5138.420683,2676736994,2676738099,15752,1105
5138.440710,2676750291,2676751400,15838,1109
5138.452738,2676759182,2676760285,15910,1103
5138.464761,2676768038,2676769144,15962,1106
5138.476778,2676776889,2676777998,15856,1109
5138.488809,2676785775,2676786880,15904,1105
5138.500831,2676794622,2676795736,15912,1114
5138.536901,2676821226,2676822335,15985,1109
5138.548916,2676830088,2676831201,15826,1113
5138.572968,2676847835,2676848948,15979,1113
5138.584985,2676856713,2676857818,15847,1105
5138.597015,2676865583,2676866689,15912,1106
5138.612036,2676876663,2676877775,15832,1112
5138.624065,2676885523,2676886632,15905,1109
5138.636090,2676894378,2676895483,15990,1105
5138.648104,2676903244,2676904348,15743,1104
5138.660135,2676912100,2676913206,15826,1106
5138.678169,2676925390,2676926503,15909,1113
5138.690192,2676934254,2676935360,15930,1106
5138.714237,2676951966,2676953076,15905,1110
5138.726260,2676960836,2676961935,15990,1099
5138.747293,2676976342,2676977456,15895,1114
5138.759324,2676985241,2676986352,16002,1111
5138.771345,2676994138,2676995249,15909,1111
5138.783369,2677003033,2677004147,15867,1114
5138.795392,2677011936,2677013046,15912,1110
5138.807415,2677020827,2677021937,15911,1110
5138.819438,2677029719,2677030833,15910,1114
5138.831461,2677038613,2677039722,15907,1109
5138.843483,2677047481,2677048585,15971,1104
5138.855505,2677056342,2677057445,15908,1103
5138.867530,2677065193,2677066302,15910,1109
5138.879553,2677074047,2677075156,15992,1109
5138.891568,2677082929,2677084038,15834,1109
5138.903597,2677091793,2677092902,15908,1109
5138.916628,2677102876,2677103981,15926,1105
5138.939666,2677118378,2677119482,15913,1104
5138.951688,2677127232,2677128338,15978,1106
5138.963705,2677136100,2677137214,15744,1114
5138.975734,2677144992,2677146098,15909,1106
5138.987759,2677153841,2677154950,15995,1109
5138.999774,2677162698,2677163808,15833,1110
5139.011804,2677171549,2677172654,15908,1105
5139.023826,2677180422,2677181527,15977,1105
5139.035842,2677189267,2677190373,15848,1106
5139.047873,2677198118,2677199223,15907,1105
5139.059896,2677206982,2677208086,15994,1104
5139.071911,2677215849,2677216957,15837,1108
5139.083940,2677224714,2677225823,15888,1109
5139.095965,2677233589,2677234694,16061,1105
5139.107979,2677242469,2677243574,15858,1105
5139.120008,2677251331,2677252440,15910,1109
5139.132030,2677260194,2677261297,15965,1103
5139.144048,2677269040,2677270138,15939,1098
5139.156076,2677277896,2677279000,15912,1104
5139.180116,2677295623,2677296729,15847,1106
5139.192144,2677304483,2677305589,15819,1106
5139.204168,2677313340,2677314449,15913,1109
5139.216185,2677322207,2677323306,15857,1099
5139.228214,2677331058,2677332165,15862,1107
5139.240235,2677339918,2677341027,15958,1109
5139.252258,2677348777,2677349885,15905,1108
5139.280329,2677370933,2677372037,15988,1104
5139.297339,2677382023,2677383132,15848,1109
5139.309369,2677390921,2677392027,15987,1106
5139.321391,2677399785,2677400894,16055,1109
5139.340434,2677415302,2677416406,15842,1104
5139.357461,2677426383,2677427492,15993,1109
5139.369477,2677435249,2677436354,15787,1105
5139.384513,2677446316,2677447421,15988,1105
5139.396528,2677455174,2677456283,15831,1109
5139.423579,2677475104,2677476212,15843,1108
5139.435610,2677483958,2677485076,15910,1118
5139.447631,2677492839,2677493952,15971,1113
5139.459648,2677501694,2677502799,15830,1105
5139.471677,2677510573,2677511679,15910,1106
5139.483701,2677519432,2677520538,15991,1106
5139.495716,2677528291,2677529401,15826,1110
5139.507747,2677537153,2677538257,15879,1104
5139.519768,2677546010,2677547119,15930,1109
5139.531785,2677554880,2677555985,15851,1105
5139.543816,2677563739,2677564846,15921,1107
5139.555839,2677572599,2677573707,15999,1108
5139.567854,2677581457,2677582571,15840,1114
5139.579882,2677590321,2677591432,15967,1111
5139.591907,2677599182,2677600299,16074,1117
5139.603922,2677608073,2677609182,15849,1109
5139.615953,2677616931,2677618045,15905,1114
5139.649014,2677641277,2677642377,15904,1100
5139.661037,2677650121,2677651225,15820,1104
5139.694094,2677674510,2677675614,15831,1104
5139.706126,2677683355,2677684460,15909,1105
5139.736180,2677705534,2677706640,15975,1106
5139.748204,2677714826,2677715934,15906,1108
5139.760226,2677723702,2677724809,15908,1107
5139.772250,2677732581,2677733691,15990,1110
5139.784265,2677741443,2677742557,15832,1114
5139.796294,2677750310,2677751418,15911,1108
5139.808318,2677759185,2677760290,15976,1105
5139.877449,2677810114,2677811218,15905,1104
5139.889473,2677818962,2677820076,15995,1114
5139.907506,2677832238,2677833347,15975,1109
5139.931551,2677849965,2677851071,15903,1106
5139.943573,2677858831,2677859937,15965,1106
5139.955591,2677867703,2677868812,15844,1109
5139.967618,2677876558,2677877669,15905,1111
5139.979643,2677885432,2677886540,15933,1108
5139.991660,2677894308,2677895417,15800,1109
5140.003688,2677903167,2677904271,15988,1104
5140.015710,2677912031,2677913136,16042,1105
5140.027728,2677920890,2677921998,15941,1108
5140.045767,2677934199,2677935313,15911,1114
5140.057790,2677943062,2677944165,15906,1103
5140.105882,2677978490,2677979599,15962,1109
5140.117900,2677987346,2677988455,15857,1109
5140.129930,2677996422,2677997533,15902,1111
5140.141952,2678005297,2678006402,15976,1105
5140.153969,2678014160,2678015260,15831,1100
5140.165998,2678023015,2678024129,15905,1114
5140.217088,2678060653,2678061762,15842,1109
5140.229119,2678069523,2678070631,15986,1108
5140.241141,2678078385,2678079498,15977,1113
5140.253157,2678087247,2678088352,15832,1105
5140.265186,2678096121,2678097227,15906,1106
5140.280209,2678107196,2678108301,15824,1105
5140.325294,2678140403,2678141512,15842,1109
5140.337323,2678149408,2678150522,15907,1114
5140.349346,2678158274,2678159379,15978,1105
5140.428496,2678218061,2678219169,15958,1108
5140.445528,2678229148,2678230257,15912,1109
5140.457552,2678238011,2678239116,15930,1105
5140.493619,2678264577,2678265686,15912,1109
5140.505639,2678273429,2678274529,15857,1100
5140.532688,2678293349,2678294458,15854,1109
5140.544718,2678302385,2678303494,15912,1109
5140.559740,2678313462,2678314573,15832,1111
5140.571769,2678322317,2678323426,15990,1109
5140.583793,2678331172,2678332272,16071,1100
5140.640900,2678373270,2678374378,15906,1108
5140.652924,2678382127,2678383231,15994,1104
5140.673965,2678397620,2678398720,15995,1100
5140.685980,2678406457,2678407565,15831,1108
5140.713032,2678426358,2678427463,15843,1105
5140.725062,2678435206,2678436306,15909,1100
5140.740088,2678446274,2678447378,15905,1104
5140.752110,2678455127,2678456231,15903,1104
5140.764135,2678463992,2678465106,15979,1114
5140.776152,2678472850,2678473960,15843,1110
5140.788179,2678481708,2678482817,15912,1109
5140.806215,2678494999,2678496104,15900,1105
5140.818236,2678503860,2678504965,15959,1105
5140.830254,2678512722,2678513825,15857,1103
5140.852328,2678530453,2678531557,15977,1104
5140.905403,2678568099,2678569207,15901,1108
5140.917425,2678576958,2678578067,15966,1109
5140.929443,2678585817,2678586922,15859,1105
5140.941471,2678594670,2678595779,15906,1109
5140.953495,2678603559,2678604663,15973,1104
5140.965512,2678612424,2678613535,15846,1111
5140.980547,2678623502,2678624611,15973,1109
5140.992563,2678632369,2678633476,15855,1107
5141.007596,2678643431,2678644535,15961,1104
5141.019614,2678652308,2678653413,15857,1105
5141.031644,2678661154,2678662268,15902,1114
5141.043667,2678670032,2678671137,15981,1105
5141.055683,2678678891,2678679996,15844,1105
5141.067711,2678687747,2678688856,15813,1109
5141.079735,2678696624,2678697731,15894,1107
5141.091751,2678705486,2678706589,15857,1103
5141.103781,2678714344,2678715450,15908,1106
5141.115802,2678723211,2678724316,15963,1105
5141.133837,2678736511,2678737619,15961,1108
5141.145855,2678745379,2678746484,15890,1105
5141.163889,2678758701,2678759815,15765,1114
5141.175920,2678767574,2678768677,15903,1103
5141.187941,2678776450,2678777559,15868,1109
5141.199958,2678785341,2678786446,15844,1105
5141.211988,2678794190,2678795294,15909,1104
5141.224009,2678803043,2678804157,15887,1114
5141.236032,2678811906,2678813005,15905,1099
5141.248055,2678820764,2678821873,15906,1109
5141.260080,2678829816,2678830930,15991,1114
5141.273603,2678840205,2678841308,15971,1103
5141.288632,2678851280,2678852384,15908,1104
5141.351754,2678897778,2678898884,15903,1106
5141.363775,2678906674,2678907779,16054,1105
5141.375792,2678915526,2678916631,15853,1105
5141.387821,2678924392,2678925501,15916,1109
5141.399845,2678933278,2678934382,15900,1104
5141.411861,2678942135,2678943241,15830,1106
5141.423890,2678950994,2678952099,15822,1105
5141.480999,2678993101,2678994210,15981,1109
5141.493015,2679001956,2679003063,15838,1107
5141.538101,2679035166,2679036269,15843,1103
5141.550131,2679044017,2679045123,15906,1106
5141.562154,2679052882,2679053981,15976,1099
5141.574169,2679061729,2679062838,15851,1109
5141.589206,2679072809,2679073922,16039,1113
5141.601221,2679081677,2679082786,15831,1109
5141.691392,2679148156,2679149259,15826,1103
5141.703421,2679157013,2679158122,15906,1109
5141.715446,2679165879,2679166979,15992,1100
5141.727460,2679174734,2679175848,15785,1114
5141.739493,2679183621,2679184730,15925,1109
5141.751513,2679192463,2679193567,15970,1104
5141.763534,2679201338,2679202447,15882,1109
5141.776562,2679212430,2679213539,15973,1109
5141.799598,2679227971,2679229076,15912,1105
5141.811627,2679236839,2679237944,15911,1105
5141.823651,2679245706,2679246810,15981,1104
5141.835667,2679254574,2679255679,15838,1105
5141.847699,2679263496,2679264610,15940,1114
5141.895782,2679298792,2679299892,15960,1100
5141.907801,2679307581,2679308687,15626,1106
5141.919830,2679316426,2679317537,15865,1111
5141.931851,2679325289,2679326403,15849,1114
5141.943870,2679334125,2679335228,15599,1103
5141.955901,2679342944,2679344018,15809,1074
5141.967919,2679351776,2679352885,15945,1109
5141.979946,2679360578,2679361681,15787,1103
5141.991967,2679369410,2679370519,15947,1109
5142.003987,2679378264,2679379373,15967,1109
5142.016007,2679387071,2679388172,15626,1101
5142.028036,2679395906,2679397016,16027,1110
5142.046070,2679409167,2679410276,15945,1109
5142.058091,2679417990,2679419097,15960,1107
5142.121212,2679464308,2679465413,15935,1105
5142.133232,2679473134,2679474238,15739,1104
5142.154276,2679488569,2679489674,16022,1105
5142.169298,2679499580,2679500683,15704,1103
5142.181331,2679508433,2679509542,15997,1109
5142.193348,2679517263,2679518367,15962,1104
5142.205367,2679526058,2679527159,15622,1101
5142.220399,2679537069,2679538173,15963,1104
5142.232421,2679545910,2679547015,15782,1105
5142.247451,2679556951,2679558055,15964,1104
5142.259470,2679565753,2679566856,15625,1103
5142.331610,2679618656,2679619756,15823,1100
5142.343636,2679627469,2679628575,15948,1106
5142.355657,2679636287,2679637400,16047,1113
5142.367676,2679645100,2679646202,15714,1102
5142.379710,2679653935,2679655040,15996,1105
5142.391725,2679662754,2679663860,15966,1106
5142.403744,2679671547,2679672650,15633,1103
5142.415773,2679680347,2679681461,15949,1114
5142.433812,2679693581,2679694695,15960,1114
5142.445828,2679702423,2679703528,15964,1105
5142.505944,2679746488,2679747597,16031,1109
5142.517966,2679755318,2679756423,16005,1105
5142.549030,2679779538,2679780643,16026,1105
5142.581088,2679801569,2679802678,15954,1109
5142.593107,2679810414,2679811524,15865,1110
5142.605133,2679819243,2679820351,16027,1108
5142.653223,2679854524,2679855633,15972,1109
5142.665242,2679863370,2679864476,15670,1106
5142.677273,2679872184,2679873293,15968,1109
5142.728365,2679909591,2679910691,15917,1100
5142.740390,2679918394,2679919499,15952,1105
5142.755413,2679929404,2679930502,15698,1098
5142.767442,2679938233,2679939338,15951,1105
5142.777471,2679946161,2679947269,15948,1108
5142.789988,2679955007,2679956116,16086,1109
5142.802007,2679963889,2679964995,15936,1106
5142.814024,2679972667,2679973767,15629,1100
5142.826057,2679981480,2679982596,16035,1116
5142.841079,2679992528,2679993638,15828,1110
5142.853111,2680001373,2680002456,15817,1083
5142.868127,2680012348,2680013451,15629,1103
5142.880161,2680021206,2680022315,15968,1109
5142.892178,2680030026,2680031135,15971,1109
5142.904196,2680038853,2680039954,15552,1101
5142.922238,2680052053,2680053154,15710,1101
5142.934259,2680060841,2680061945,15908,1104
5142.946280,2680069663,2680070772,15963,1109
5142.976336,2680091768,2680092876,15843,1108
5142.988362,2680100598,2680101707,15951,1109
5143.000383,2680109404,2680110513,15960,1109
5143.012401,2680118217,2680119322,15703,1105
5143.024434,2680127042,2680128146,15994,1104
5143.076533,2680166703,2680167808,16042,1105
5143.159691,2680226141,2680227221,15811,1080
5143.180727,2680241613,2680242727,15932,1114
5143.192744,2680250396,2680251498,15587,1102
5143.207777,2680261428,2680262532,15974,1104
5143.219803,2680270242,2680271353,15709,1111
5143.231825,2680279079,2680280184,15910,1105
5143.243845,2680287902,2680289011,15924,1109
5143.255865,2680296702,2680297808,15628,1106
5143.273902,2680309971,2680311069,15830,1098
5143.285928,2680318786,2680319895,15953,1109
5143.397138,2680400244,2680401348,16047,1104
5143.409156,2680409082,2680410188,15590,1106
5143.421188,2680417914,2680419019,16074,1105
5143.499331,2680475309,2680476421,15834,1112
5143.511357,2680484148,2680485254,16028,1106
5143.523380,2680492987,2680494090,15864,1103
5143.541412,2680506212,2680507317,16049,1105
5143.553430,2680515037,2680516139,15672,1102
5143.604531,2680552514,2680553618,16045,1104
5143.616560,2680561343,2680562449,15979,1106
5143.628580,2680570187,2680571296,15955,1109
5143.704732,2680627499,2680628608,15638,1109
5143.751808,2680660571,2680661669,15628,1098
5143.763837,2680669369,2680670478,15952,1109
5143.775858,2680678244,2680679353,15937,1109
5143.787882,2680687118,2680688222,15837,1104
5143.799907,2680695978,2680697089,16014,1111
5143.811926,2680704832,2680705946,16047,1114
5143.823945,2680713673,2680714779,15706,1106
5143.835978,2680722572,2680723687,15875,1115
5143.847995,2680731436,2680732541,16012,1105
5143.860016,2680740302,2680741407,15845,1105
5143.872045,2680749191,2680750301,15862,1110
5143.893087,2680764759,2680765870,15984,1111
5143.905102,2680773656,2680774767,15826,1111
5143.926146,2680789129,2680790243,15955,1114
5143.938167,2680797991,2680799104,15912,1113
5143.977237,2680826611,2680827713,15673,1102
5143.989266,2680835432,2680836540,15960,1108
5144.001286,2680844266,2680845370,15976,1104
5144.013313,2680853058,2680854164,15713,1106
5144.031340,2680866323,2680867434,15595,1111
5144.043373,2680875392,2680876495,15921,1103
5144.055389,2680884203,2680885303,15920,1100
5144.073425,2680897445,2680898550,15931,1105
5144.085442,2680906228,2680907330,15626,1102
5144.136543,2680943692,2680944801,15960,1109
5144.148563,2680952512,2680953615,15549,1103
5144.160592,2680961321,2680962436,15861,1115
5144.172613,2680970194,2680971301,15934,1107
5144.235732,2681016502,2681017611,15966,1109
5144.249258,2681026454,2681027554,15975,1100
5144.264291,2681037517,2681038625,15960,1108
5144.276312,2681046345,2681047445,15962,1100
5144.288334,2681055593,2681056701,15936,1108
5144.340439,2681095361,2681096468,15704,1107
5144.441620,2681168079,2681169181,15629,1102
5144.453654,2681176956,2681178062,15873,1106
5144.465672,2681185812,2681186916,15947,1104
5144.544821,2681245320,2681246425,15960,1105
5144.615962,2681295987,2681297095,16044,1108
5144.627978,2681304804,2681305913,16048,1109
5144.639996,2681313586,2681314691,15632,1105
5144.652028,2681322414,2681323518,15954,1104
5144.664050,2681331279,2681332392,16035,1113
5144.676069,2681340110,2681341210,15824,1100
5144.688095,2681348941,2681350049,15949,1108
5144.700115,2681357766,2681358866,15966,1100
5144.712137,2681366597,2681367706,15828,1109
5144.745201,2681390872,2681391982,15970,1110
5144.757228,2681399665,2681400772,15787,1107
5144.778266,2681415143,2681416252,16027,1109
5144.790287,2681423969,2681425073,15968,1104
5144.841391,2681461471,2681462576,15968,1105
5144.853407,2681470293,2681471393,15969,1100
5144.865426,2681479100,2681480208,15627,1108
5144.877459,2681487947,2681489050,15961,1103
5144.904511,2681507800,2681508914,15968,1114
5144.916528,2681516665,2681517774,15936,1109
5144.967626,2681554116,2681555221,15950,1105
5144.979647,2681562939,2681564048,15961,1109
5144.991666,2681571720,2681572821,15664,1101
5145.003695,2681580554,2681581658,16034,1104
5145.015717,2681589396,2681590504,15986,1108
5145.027734,2681598190,2681599297,15705,1107
5145.045769,2681611410,2681612507,15624,1097
5145.057801,2681620212,2681621321,16079,1109
5145.075832,2681633459,2681634567,15949,1108
5145.087854,2681642294,2681643398,16044,1104
5145.099871,2681651102,2681652198,15628,1096
5145.111905,2681659948,2681661052,15965,1104
5145.123922,2681668791,2681669901,16055,1110
5145.135940,2681677603,2681678709,15590,1106
5145.147969,2681686423,2681687532,16033,1109
5145.159992,2681695272,2681696386,16031,1114
5145.190043,2681717287,2681718393,15704,1106
5145.202072,2681726114,2681727223,15954,1109
5145.262183,2681770197,2681771302,15907,1105
5145.274209,2681779045,2681780155,15946,1110
5145.292244,2681792250,2681793357,15949,1107
5145.304264,2681801076,2681802185,15855,1109
5145.316283,2681809896,2681810997,15671,1101
5145.328314,2681818714,2681819823,16021,1109
5145.392437,2681867178,2681868281,16044,1103
5145.469574,2681922243,2681923344,15705,1101
5145.481604,2681931060,2681932165,16034,1105
5145.496626,2681942071,2681943177,15625,1106
5145.508659,2681950935,2681952049,15965,1114
5145.577780,2682001627,2682002728,15625,1101
5145.589809,2682010459,2682011573,16029,1114
5145.676969,2682074374,2682075480,15627,1106
5145.688998,2682083211,2682084318,15859,1107
5145.704023,2682094246,2682095360,15824,1114
5145.716050,2682103075,2682104178,15953,1103
5145.728070,2682111896,2682112996,16001,1100
5145.740089,2682120693,2682121797,15625,1104
5145.752121,2682129516,2682130620,15997,1104
5145.764139,2682138342,2682139451,15969,1109
5145.776157,2682147120,2682148230,15625,1110
5145.788189,2682155953,2682157030,15902,1077
5145.800207,2682164753,2682165853,15934,1100
5145.812229,2682173985,2682175095,15653,1110
5145.824255,2682182796,2682183901,15956,1105
5145.836276,2682191615,2682192721,15961,1106
5145.848303,2682200402,2682201505,15710,1103
5145.863327,2682211436,2682212549,15959,1113
5145.884363,2682226863,2682227964,15592,1101
5145.896392,2682235697,2682236792,15903,1095
5145.908414,2682244558,2682245662,15934,1104
5145.929449,2682259938,2682261036,15620,1098
5145.941478,2682268758,2682269867,15901,1109
5146.031650,2682334858,2682335972,16027,1114
5146.043670,2682343690,2682344795,15964,1105
5146.061704,2682356911,2682358020,16041,1109
5146.073724,2682365701,2682366811,15628,1110
5146.088756,2682376754,2682377863,16045,1109
5146.100777,2682385584,2682386688,15824,1104
5146.136843,2682412033,2682413136,15624,1103
5146.148876,2682420883,2682421987,15998,1104
5146.184941,2682447357,2682448466,15949,1109
5146.196962,2682456167,2682457266,15767,1099
5146.237044,2682487043,2682488156,15946,1113
5146.257079,2682500268,2682501372,15946,1104
5146.269099,2682509090,2682510204,15963,1114
5146.296150,2682528928,2682530033,15841,1105
5146.308169,2682537781,2682538883,15584,1102
5146.320199,2682546606,2682547715,15951,1109
5146.332219,2682555430,2682556534,15965,1104
5146.344245,2682564232,2682565339,15713,1107
5146.356267,2682573069,2682574184,15947,1115
5146.368287,2682581899,2682583004,15958,1105
5146.407358,2682610587,2682611685,15594,1098
5146.419389,2682619398,2682620476,15727,1078
5146.431407,2682628177,2682629291,15878,1114
5146.443434,2682636973,2682638074,15671,1101
5146.455456,2682645793,2682646898,15859,1105
5146.467476,2682654594,2682655699,16047,1105
5146.479495,2682663394,2682664500,15709,1106
5146.497532,2682676643,2682677752,15826,1109
5146.509558,2682685500,2682686604,15950,1104
5146.552647,2682718522,2682719628,16036,1106
5146.599734,2682751647,2682752752,16033,1105
5146.611751,2682760468,2682761568,16051,1100
5146.623770,2682769272,2682770377,15589,1105
5146.635799,2682778103,2682779208,15951,1105
5146.647822,2682786911,2682788016,15955,1105
5146.659838,2682795688,2682796791,15622,1103
5146.671867,2682804502,2682805606,15952,1104
5146.689904,2682817691,2682818769,15881,1078
5146.701923,2682826503,2682827611,15972,1108
5146.757035,2682868369,2682869476,15702,1107
5146.825159,2682916890,2682917993,15943,1103
5146.837179,2682925719,2682926828,15966,1109
5146.849198,2682934500,2682935611,15624,1111
5146.868332,2682943995,2682944614,12011,619
5146.883777,2682949177,2682949999,13419,822
5146.895798,2682958087,2682959246,16402,1159
5146.907815,2682967341,2682968529,16270,1188
5146.919840,2682976797,2682977981,16300,1184
5146.931865,2682986193,2682987353,16388,1160
5146.943881,2682995626,2682996789,16259,1163
5146.955908,2683005078,2683006242,16312,1164
5146.967934,2683014523,2683015708,16309,1185
5146.979949,2683023971,2683025155,16178,1184
5146.991978,2683033454,2683034645,16315,1191
5147.004002,2683042913,2683044080,16386,1167
5147.049086,2683078582,2683079770,16368,1188
5147.061107,2683088063,2683089247,16294,1184
5147.097172,2683116537,2683117734,16252,1197
5147.109200,2683126084,2683127277,16313,1193
5147.124224,2683138008,2683139173,16255,1165
5147.136253,2683147513,2683148706,16316,1193
5147.148276,2683157030,2683158194,16387,1164
5147.160293,2683166501,2683167686,16204,1185
5147.172320,2683176023,2683177217,16316,1194
5147.200374,2683199735,2683200923,16371,1188
5147.235442,2683225860,2683227021,16313,1161
5147.247464,2683235354,2683236547,16389,1193
5147.265499,2683249587,2683250751,16382,1164
5147.277515,2683259059,2683260252,16203,1193
5147.295550,2683273312,2683274504,16272,1192
5147.307579,2683282850,2683284042,16314,1192
5147.319603,2683293576,2683294755,16295,1179
5147.331618,2683303123,2683304322,16253,1199
5147.343647,2683312653,2683313842,16226,1189
5147.355672,2683322184,2683323377,16395,1193
5147.369198,2683330916,2683332026,15917,1110
5147.381213,2683339800,2683340906,15812,1106
5147.396248,2683350899,2683352011,15901,1112
5147.408264,2683359797,2683360909,15758,1112
5147.423300,2683370919,2683372025,15978,1106
5147.435321,2683379818,2683380921,15885,1103
5147.453350,2683393124,2683394226,15826,1102
5147.465379,2683401984,2683403095,15909,1111
5147.480401,2683413048,2683414157,15831,1109
5147.492432,2683421917,2683423021,15823,1104
5147.504453,2683430772,2683431883,16058,1111
5147.516470,2683439648,2683440759,15893,1111
5147.528499,2683448535,2683449644,15905,1109
5147.540522,2683457413,2683458519,15975,1106
5147.564566,2683475115,2683476219,15820,1104
5147.576590,2683483988,2683485087,15889,1099
5147.600636,2683501706,2683502817,15908,1111
5147.612658,2683510576,2683511681,15875,1105
5147.624676,2683519452,2683520556,15858,1104
5147.636704,2683528316,2683529418,15907,1102
5147.651727,2683539397,2683540506,15843,1109
5147.672772,2683554916,2683556030,15912,1114
5147.684797,2683563800,2683564905,15935,1105
5147.696812,2683572671,2683573780,15856,1109
5147.711846,2683583763,2683584874,15963,1111
5147.723864,2683592618,2683593722,15855,1104
5147.741899,2683605922,2683607031,15825,1109
5147.753928,2683614787,2683615896,15910,1109
5147.765952,2683623657,2683624772,15985,1115
5147.777968,2683632539,2683633653,15827,1114
5147.814036,2683659129,2683660238,15843,1109
5147.826066,2683668007,2683669111,15903,1104
5147.844100,2683681298,2683682407,15909,1109
5147.856124,2683690154,2683691263,15903,1109
5147.868139,2683699016,2683700125,15833,1109
5147.880168,2683707890,2683708999,15910,1109
5147.910225,2683730039,2683731152,15943,1113
5147.922242,2683738908,2683740012,15799,1104
5147.937278,2683749984,2683751088,15991,1104
5147.949293,2683758849,2683759958,15746,1109
5147.961322,2683767718,2683768821,15903,1103
5147.976348,2683778803,2683779911,15816,1108
5147.988375,2683787657,2683788767,15907,1110
5148.000396,2683796535,2683797648,15969,1113
5148.012413,2683805396,2683806495,15847,1099
5148.024443,2683814269,2683815375,15818,1106
5148.040480,2683827550,2683828661,15907,1111
5148.057502,2683838620,2683839729,15859,1109
5148.069528,2683847504,2683848608,15912,1104
5148.081551,2683856358,2683857467,15913,1109
5148.093567,2683865210,2683866315,15841,1105
5148.105597,2683874078,2683875192,15906,1114
5148.117619,2683882939,2683884044,15971,1105
5148.132648,2683894022,2683895130,15918,1108
5148.144672,2683902882,2683903987,15971,1105
5148.159699,2683913979,2683915088,15863,1109
5148.201773,2683945026,2683946135,15845,1109
5148.213804,2683953896,2683955003,15902,1107
5148.231837,2683967197,2683968306,15908,1109
5148.243861,2683976057,2683977166,15988,1109
5148.255876,2683984941,2683986045,15809,1104
5148.297962,2684015965,2684017071,15973,1106
5148.309979,2684024814,2684025919,15843,1105
5148.340043,2684046974,2684048088,15910,1114
5148.352067,2684055854,2684056965,15990,1111
5148.364082,2684064750,2684065855,15833,1105
5148.382116,2684078027,2684079131,15835,1104
5148.394148,2684086900,2684088009,15926,1109
5148.409167,2684097979,2684099083,15837,1104
5148.421198,2684106830,2684107940,15818,1110
5148.457266,2684133423,2684134532,15905,1109
5148.469290,2684142302,2684143408,15872,1106
5148.481305,2684151162,2684152265,15843,1103
5148.493335,2684160011,2684161117,15907,1106
5148.529403,2684186585,2684187694,15918,1109
5148.541427,2684195458,2684196567,15990,1109
5148.556454,2684206555,2684207664,15907,1109
5148.568478,2684215451,2684216554,15905,1103
5148.596537,2684237610,2684238718,15842,1108
5148.637608,2684266413,2684267519,15909,1106
5148.649633,2684275284,2684276390,15993,1106
5148.661648,2684284136,2684285247,15830,1111
5148.673677,2684292996,2684294105,15901,1109
5148.709747,2684319578,2684320691,15907,1113
5148.721768,2684328443,2684329557,15969,1114
5148.745814,2684346179,2684347285,15910,1106
5148.757838,2684355059,2684356163,15988,1104
5148.775871,2684368330,2684369435,15996,1105
5148.787888,2684377201,2684378315,15842,1114
5148.799917,2684386114,2684387228,15864,1114
5148.811941,2684395016,2684396130,15904,1114
5148.823963,2684403910,2684405020,15817,1110
5148.835987,2684413234,2684414345,15913,1111
5148.848008,2684422145,2684423255,15929,1110
5148.860025,2684431031,2684432140,15760,1109
5148.872055,2684439905,2684441014,15906,1109
5148.884080,2684448790,2684449895,16072,1105
5148.896094,2684457646,2684458751,15829,1105
5148.908123,2684466508,2684467607,15860,1099
5148.953210,2684499702,2684500812,15905,1110
5148.965231,2684508589,2684509694,15973,1105
5148.977248,2684517449,2684518556,15829,1107
5148.989279,2684526326,2684527436,15907,1110
5149.064420,2684581640,2684582748,15975,1108
5149.079448,2684592717,2684593826,15901,1109
5149.091473,2684601576,2684602691,15989,1115
5149.103488,2684610441,2684611550,15831,1109
5149.115517,2684619281,2684620389,15816,1108
5149.127540,2684628133,2684629246,15892,1113
5149.139557,2684636998,2684638097,15757,1099
5149.151587,2684645850,2684646952,15907,1102
5149.172626,2684661352,2684662466,15909,1114
5149.184642,2684670224,2684671328,15844,1104
5149.196670,2684679084,2684680190,15817,1106
5149.208694,2684687960,2684689065,15977,1105
5149.223723,2684699031,2684700137,15908,1106
5149.235744,2684707897,2684709008,15967,1111
5149.247762,2684716753,2684717857,15856,1104
5149.259791,2684725622,2684726728,15908,1106
5149.301865,2684756650,2684757757,15822,1107
5149.313893,2684765511,2684766620,15907,1109
5149.364985,2684803156,2684804260,15857,1104
5149.377014,2684812024,2684813138,15901,1114
5149.404066,2684831971,2684833085,15907,1114
5149.416090,2684840843,2684841954,15985,1111
5149.428105,2684849697,2684850801,15760,1104
5149.440136,2684858556,2684859660,15820,1104
5149.452157,2684867428,2684868533,15890,1105
5149.464174,2684876300,2684877404,15846,1104
5149.482208,2684889606,2684890710,15822,1104
5149.494237,2684898455,2684899564,15902,1109
5149.515279,2684913973,2684915082,15991,1109
5149.527294,2684922832,2684923937,15843,1105
5149.539324,2684931680,2684932789,15817,1109
5149.551346,2684940524,2684941623,15975,1099
5149.569381,2684953803,2684954910,15907,1107
5149.581397,2684962682,2684963786,15827,1104
5149.623483,2684993699,2684994803,15978,1104
5149.635500,2685002555,2685003659,15759,1104
5149.647531,2685011409,2685012513,15829,1104
5149.665565,2685024684,2685025790,15904,1106
5149.677587,2685033553,2685034667,15942,1114
5149.719668,2685064567,2685065676,15909,1109
5149.731689,2685073419,2685074527,15884,1108
5149.743705,2685082275,2685083379,15764,1104
5149.755736,2685091137,2685092241,15906,1104
5149.767759,2685100003,2685101107,15912,1104
5149.779776,2685108879,2685109993,15825,1114
5149.791803,2685117747,2685118852,15904,1105
5149.803827,2685126603,2685127711,15986,1108
5149.815850,2685135474,2685136578,15907,1104
5149.827873,2685144332,2685145441,15866,1109
5149.839895,2685153186,2685154285,15975,1099
5149.851914,2685162045,2685163158,15784,1113
5149.863942,2685170911,2685172025,15911,1114
5149.875965,2685179774,2685180883,15871,1109
5149.896997,2685195289,2685196398,15826,1109
5149.909026,2685204163,2685205272,15906,1109
5149.936079,2685224127,2685225232,15949,1105
5149.948101,2685232987,2685234092,15977,1105
5149.960117,2685241843,2685242949,15849,1106
5149.972146,2685250701,2685251806,15858,1105
5149.984171,2685259568,2685260668,15977,1100
5149.996186,2685268430,2685269539,15845,1109
5150.008213,2685277287,2685278401,15908,1114
5150.020236,2685286174,2685287283,16049,1109
5150.032254,2685295031,2685296139,15943,1108
5150.044283,2685303891,2685304997,15951,1106
5150.056305,2685312759,2685313869,15968,1110
5150.077340,2685328281,2685329386,15836,1105
5150.089367,2685337140,2685338250,15902,1110
5150.101392,2685346000,2685347107,15933,1107
5150.113415,2685354866,2685355970,15912,1104
5150.149477,2685381456,2685382556,15858,1100
5150.161506,2685390307,2685391416,15865,1109
5150.185546,2685408010,2685409117,15839,1107
5150.197575,2685416893,2685417999,15905,1106
5150.209599,2685425742,2685426848,15902,1106
5150.227632,2685439053,2685440162,15971,1109
5150.239649,2685447906,2685449011,15846,1105
5150.251680,2685456744,2685457850,15911,1106
5150.329821,2685514329,2685515438,15850,1109
5150.340348,2685522284,2685523391,15986,1107
5150.352363,2685531176,2685532288,15878,1112
5150.364394,2685540052,2685541161,15823,1109
5150.391445,2685560008,2685561114,15821,1106
5150.403466,2685568871,2685569981,15976,1110
5150.415483,2685577724,2685578833,15740,1109
5150.436529,2685593218,2685594323,15905,1105
5150.448554,2685602068,2685603173,15988,1105
5150.556759,2685681881,2685682985,15989,1104
5150.568774,2685690736,2685691844,15760,1108
5150.592827,2685708449,2685709555,15977,1106
5150.604843,2685717335,2685718440,15755,1105
5150.628897,2685735044,2685736148,15990,1104
5150.640912,2685743897,2685745001,15744,1104
5150.661960,2685759406,2685760515,15910,1109
5150.673981,2685768262,2685769362,15976,1100
5150.698028,2685785981,2685787085,15906,1104
5150.710051,2685794841,2685795949,15915,1108
5150.746119,2685821452,2685822557,15990,1105
5150.758142,2685830302,2685831407,15910,1105
5150.777183,2685845792,2685846898,15907,1106
5150.794203,2685856865,2685857976,15847,1111
5150.806235,2685865741,2685866847,15906,1106
5150.869354,2685912242,2685913357,15911,1115
5150.881375,2685921113,2685922227,15947,1114
5150.908428,2685941063,2685942169,15911,1106
5150.920444,2685949933,2685951033,15831,1100
5150.956520,2685976495,2685977608,15905,1113
5150.968543,2685985358,2685986466,15911,1108
5150.984577,2685998659,2685999772,15906,1113
5150.996594,2686007543,2686008652,15971,1109
5151.020646,2686025273,2686026378,15905,1105
5151.037666,2686036347,2686037461,15759,1114
5151.049694,2686045207,2686046307,15861,1100
5151.061716,2686054084,2686055189,15949,1105
5151.079747,2686067301,2686068412,15962,1111
5151.091766,2686076106,2686077209,15643,1103
5151.103795,2686084923,2686086027,15935,1104
5151.115817,2686093756,2686094856,15934,1100
5151.127835,2686102551,2686103657,15644,1106
5151.139863,2686111360,2686112466,15897,1106
5151.151884,2686120171,2686121280,15919,1109
5151.163903,2686128944,2686130047,15642,1103
5151.188962,2686148777,2686149880,15640,1103
5151.208992,2686162026,2686163126,15842,1100
5151.221018,2686170852,2686171957,15934,1105
5151.233039,2686179685,2686180788,15965,1103
5151.293159,2686223792,2686224901,15956,1109
5151.305176,2686232622,2686233732,15866,1110
5151.395348,2686298709,2686299819,15965,1110
5151.407369,2686307531,2686308637,15821,1106
5151.419396,2686316369,2686317480,16040,1111
5151.431416,2686325204,2686326309,16050,1105
5151.449451,2686338443,2686339538,15967,1095
5151.461469,2686347271,2686348368,15605,1097
5151.503553,2686378087,2686379196,15870,1109
5151.515573,2686386927,2686388024,15610,1097
5151.527600,2686395728,2686396837,15848,1109
5151.539622,2686404557,2686405662,15969,1105
5151.560658,2686419952,2686421058,15634,1106
5151.572686,2686428773,2686429880,15935,1107
5151.608759,2686455216,2686456322,15930,1106
5151.620776,2686464054,2686465157,15962,1103
5151.644823,2686481672,2686482777,16017,1105
5151.656847,2686490491,2686491605,15946,1114
5151.689909,2686514693,2686515802,16018,1109
5151.701930,2686523518,2686524632,15869,1114
5151.713950,2686532352,2686533455,15616,1103
5151.725977,2686541174,2686542278,16020,1104
5151.786087,2686585254,2686586351,15642,1097
5151.798115,2686594060,2686595165,15937,1105
5151.810137,2686602898,2686604007,15939,1109
5151.822155,2686611684,2686612786,15637,1102
5151.837189,2686622769,2686623874,15974,1105
5151.848334,2686631984,2686633088,15897,1104
5151.909324,2686676142,2686677248,15962,1106
5151.921346,2686684946,2686686052,15705,1106
5151.945394,2686702637,2686703742,16046,1105
5151.957413,2686711439,2686712542,15707,1103
5152.020535,2686757763,2686758868,15902,1105
5152.032566,2686766604,2686767703,16049,1099
5152.065618,2686790822,2686791928,15623,1106
5152.077648,2686799638,2686800744,15952,1106
5152.120733,2686832772,2686833881,15959,1109
5152.161807,2686861481,2686862593,16015,1112
5152.173825,2686870290,2686871395,15667,1105
5152.188857,2686881338,2686882453,15965,1115
5152.224926,2686907798,2686908903,16047,1105
5152.236944,2686916612,2686917719,15670,1107
5152.252989,2686929866,2686930971,15829,1105
5152.270011,2686940903,2686942008,15970,1105
5152.325124,2686982792,2686983903,15703,1111
5152.360184,2687007106,2687008205,15939,1099
5152.372202,2687015923,2687017026,15671,1103
5152.384233,2687024739,2687025818,15808,1079
5152.396251,2687033530,2687034634,15860,1104
5152.408270,2687042364,2687043470,15591,1106
5152.420304,2687051201,2687052306,15972,1105
5152.432320,2687060025,2687061127,16041,1102
5152.444349,2687068812,2687069918,15709,1106
5152.543535,2687141588,2687142689,15788,1101
5152.555557,2687150406,2687151516,15954,1110
5152.567577,2687159234,2687160345,15882,1111
5152.585611,2687172468,2687173577,16043,1109
5152.597633,2687181300,2687182413,15831,1113
5152.648735,2687218816,2687219924,15958,1108
5152.662257,2687228925,2687230024,15969,1099
5152.743411,2687288353,2687289462,15855,1109
5152.755430,2687297180,2687298283,15593,1103
5152.767462,2687305998,2687307077,15808,1079
5152.779480,2687314793,2687315898,15969,1105
5152.791507,2687323595,2687324702,15717,1107
5152.803528,2687332412,2687333522,15952,1110
5152.815548,2687341247,2687342359,16007,1112
5152.827567,2687350051,2687351153,15705,1102
5152.839597,2687358878,2687359983,16035,1105
5152.851619,2687367716,2687368821,15934,1105
5152.869651,2687380948,2687382054,15962,1106
5152.881672,2687389750,2687390850,15627,1100
5152.905720,2687407384,2687408494,15967,1110
5152.917739,2687416164,2687417276,15705,1112
5152.935773,2687429438,2687430546,15589,1108
5152.947807,2687438294,2687439399,16043,1105
5152.959823,2687447116,2687448225,16047,1109
5152.971842,2687455911,2687457014,15629,1103
5152.983873,2687464776,2687465851,15776,1075
5152.995895,2687473564,2687474672,16034,1108
5153.007915,2687482344,2687483455,15645,1111
5153.025945,2687495544,2687496654,15631,1110
5153.037974,2687504350,2687505459,15866,1109
5153.062013,2687521999,2687523096,15625,1097
5153.074042,2687530819,2687531933,15908,1114
5153.089068,2687541843,2687542949,15664,1106
5153.101094,2687550661,2687551767,15951,1106
5153.116117,2687561661,2687562771,15628,1110
5153.158201,2687592620,2687593728,15935,1108
5153.170219,2687601425,2687602528,15623,1103
5153.191269,2687616850,2687617964,15994,1114
5153.203286,2687625701,2687626806,15923,1105
5153.215305,2687634486,2687635595,15629,1109
5153.233342,2687647725,2687648834,15902,1109
5153.245373,2687656568,2687657678,16029,1110
5153.257389,2687665377,2687666476,16046,1099
5153.269410,2687674200,2687675304,15906,1104
5153.281439,2687683036,2687684108,15801,1072
5153.299472,2687696194,2687697302,15954,1108
5153.311492,2687705032,2687706137,15921,1105
5153.323510,2687713825,2687714927,15626,1102
5153.335540,2687722643,2687723757,15943,1114
5153.347561,2687731516,2687732614,15932,1098
5153.359579,2687740308,2687741411,15623,1103
5153.371613,2687749575,2687750688,15961,1113
5153.383629,2687758382,2687759488,15961,1106
5153.395648,2687767173,2687768279,15544,1106
5153.407677,2687775989,2687777098,15948,1109
5153.419699,2687784832,2687785937,15875,1105
5153.431717,2687793628,2687794738,15629,1110
5153.443750,2687802490,2687803604,15963,1114
5153.455766,2687811323,2687812423,15962,1100
5153.473800,2687824534,2687825643,15957,1109
5153.485827,2687833327,2687834434,15713,1107
5153.497849,2687842160,2687843263,15907,1103
5153.509869,2687850983,2687852092,15922,1109
5153.521888,2687859799,2687860907,15625,1108
5153.533917,2687868631,2687869745,15947,1114
5153.624088,2687934794,2687935903,15943,1109
5153.636109,2687943626,2687944735,15851,1109
5153.654144,2687956891,2687957996,16043,1105
5153.666162,2687965688,2687966794,15629,1106
5153.693214,2687985518,2687986621,15701,1103
5153.705243,2687994346,2687995456,15864,1110
5153.726281,2688009779,2688010888,15967,1109
5153.768364,2688040676,2688041781,15958,1105
5153.780383,2688049498,2688050612,15959,1114
5153.792402,2688058291,2688059394,15625,1103
5153.828471,2688084667,2688085778,15622,1111
5153.840504,2688093550,2688094655,15959,1105
5153.897605,2688135372,2688136468,15941,1096
5153.909625,2688144203,2688145310,15631,1107
5153.928670,2688159714,2688160825,16028,1111
5153.993791,2688206136,2688207246,15947,1110
5154.005812,2688214962,2688216071,15918,1109
5154.032864,2688234836,2688235951,15852,1115
5154.044883,2688243678,2688244790,15595,1112
5154.105001,2688287760,2688288870,15967,1110
5154.117024,2688296590,2688297704,15825,1114
5154.133062,2688309850,2688310959,15936,1109
5154.237259,2688384750,2688385864,15957,1114
5154.249275,2688393588,2688394696,15962,1108
5154.261294,2688402410,2688403511,15588,1101
5154.292361,2688426687,2688427789,15936,1102
5154.312395,2688439894,2688440999,15963,1105
5154.324414,2688448696,2688449797,15625,1101
5154.345460,2688464178,2688465287,15953,1109
5154.357484,2688473045,2688474144,15936,1099
5154.372512,2688484038,2688485143,15943,1105
5154.408581,2688510521,2688511626,15952,1105
5154.420601,2688519345,2688520453,15964,1108
5154.432622,2688528159,2688529274,15830,1115
5154.444649,2688536991,2688538096,15950,1105
5154.459671,2688547970,2688549081,15623,1111
5154.471701,2688556794,2688557908,15955,1114
5154.483724,2688565617,2688566726,15951,1109
5154.501755,2688578871,2688579975,15959,1104
5154.513774,2688587665,2688588765,15624,1100
5154.532820,2688603164,2688604273,15940,1109
5154.564876,2688625221,2688626330,15974,1109
5154.576904,2688634078,2688635182,15908,1104
5154.665074,2688700222,2688701332,15623,1110
5154.724181,2688742135,2688743240,15954,1105
5154.742215,2688755382,2688756491,16030,1109
5154.760249,2688768630,2688769730,15944,1100
5154.772270,2688777454,2688778554,15876,1100
5154.784289,2688786221,2688787327,15702,1106
5154.796318,2688795027,2688796137,15952,1110
5154.823369,2688814865,2688815970,16029,1105
5154.835391,2688823727,2688824836,16015,1109
5154.847409,2688832509,2688833608,15623,1099
5154.859438,2688841309,2688842419,15950,1110
5154.869954,2688849429,2688850545,15914,1116
5154.881987,2688858299,2688859408,16026,1109
5154.894002,2688867140,2688868245,16052,1105
5154.909032,2688878179,2688879292,15949,1113
5154.921053,2688887001,2688888111,15966,1110
5154.933072,2688895786,2688896891,15628,1105
5154.949114,2688908998,2688910109,15627,1111
5154.990186,2688937697,2688938802,15946,1105
5155.002207,2688946512,2688947620,15963,1108
5155.017238,2688957529,2688958633,15971,1104
5155.029261,2688966341,2688967450,15950,1109
5155.080362,2689003776,2689004883,15964,1107
5155.092379,2689012605,2689013710,15960,1105
5155.104398,2689021419,2689022525,15548,1106
5155.140466,2689047826,2689048932,15630,1106
5155.152495,2689056653,2689057755,15951,1102
5155.192577,2689087465,2689088573,15701,1108
5155.257689,2689133723,2689134824,15706,1101
5155.269718,2689142523,2689143628,16031,1105
5155.281740,2689151371,2689152477,15938,1106
5155.299773,2689164591,2689165696,16043,1105
5155.311792,2689173394,2689174501,15629,1107
5155.323824,2689182217,2689183317,15996,1100
5155.335842,2689191048,2689192157,15975,1109
5155.347861,2689199873,2689200973,15594,1100
5155.359892,2689208710,2689209788,15807,1078
5155.371910,2689217542,2689218651,15844,1109
5155.383929,2689226377,2689227480,15594,1103
5155.395958,2689235199,2689236301,15952,1102
5155.407978,2689243997,2689245103,15963,1106
5155.420005,2689252783,2689253886,15709,1103
5155.432027,2689261578,2689262687,15949,1109
5155.444047,2689270410,2689271509,16050,1099
5155.465086,2689285816,2689286931,15903,1115
5155.477118,2689294684,2689295758,15877,1074
5155.498150,2689310059,2689311175,16045,1116
5155.510169,2689318864,2689319967,15702,1103
5155.522201,2689327689,2689328788,16074,1099
5155.534219,2689336511,2689337620,15964,1109
5155.546238,2689345308,2689346399,15699,1091
5155.573292,2689365201,2689366310,15827,1109
5155.585318,2689374018,2689375126,15950,1108
5155.624393,2689402655,2689403763,15961,1108
5155.639424,2689413681,2689414758,15885,1077
5155.724592,2689477560,2689478663,15589,1103
5155.756644,2689499589,2689500694,15946,1105
5155.768665,2689508457,2689509562,15923,1105
5155.780684,2689517276,2689518378,15596,1102
5155.828781,2689552562,2689553671,16027,1109
5155.840802,2689561402,2689562507,16041,1105
5155.852821,2689570179,2689571284,15628,1105
5155.909936,2689612055,2689613160,16034,1105
5155.921959,2689620864,2689621969,16033,1105
5155.964043,2689651808,2689652921,15964,1113
5155.976060,2689660680,2689661789,15846,1109
5155.988078,2689669477,2689670583,15551,1106
5156.000107,2689678304,2689679417,15954,1113
5156.021147,2689693735,2689694839,15951,1104
5156.033164,2689702519,2689703620,15628,1101
5156.060215,2689722353,2689723459,15624,1106
5156.080332,2689731685,2689732305,12018,620
5156.148894,2689778633,2689779792,16310,1159
5156.160917,2689788072,2689789255,16402,1183
5156.172934,2689797580,2689798739,16234,1159
5156.184962,2689807010,2689808193,16268,1183
5156.212013,2689828298,2689829456,16317,1158
5156.224036,2689837750,2689838939,16341,1189
5156.236052,2689847237,2689848426,16206,1189
5156.248083,2689856736,2689857927,16323,1191
5156.260106,2689866187,2689867371,16409,1184
5156.272121,2689875681,2689876870,16238,1189
5156.284150,2689885144,2689886333,16318,1189
5156.296174,2689894637,2689895797,16404,1160
5156.308190,2689904105,2689905298,16234,1193
5156.320220,2689913612,2689914796,16308,1184
5156.332244,2689923142,2689924330,16312,1188
5156.344258,2689932648,2689933832,16256,1184
5156.356288,2689942086,2689943249,16318,1163
5156.368312,2689951532,2689952721,16314,1189
5156.384836,2689965323,2689966506,16249,1183
5156.443447,2690012193,2690013384,16239,1191
5156.455476,2690021699,2690022888,16311,1189
5156.467499,2690031203,2690032397,16360,1194
5156.479516,2690040672,2690041862,16166,1190
5156.491546,2690050149,2690051333,16317,1184
5156.512586,2690066752,2690067948,16320,1196
5156.524601,2690076303,2690077496,16234,1193
5156.536630,2690085765,2690086954,16311,1189
5156.548654,2690095217,2690096406,16396,1189
5156.560678,2690104754,2690105942,16305,1188
5156.575704,2690116617,2690117780,16380,1163
5156.589232,2690125261,2690126370,15966,1109
5156.601247,2690134124,2690135235,15817,1111
5156.613278,2690142989,2690144098,15913,1109
5156.643333,2690165144,2690166250,15969,1106
5156.655350,2690174020,2690175125,15844,1105
5156.667378,2690182878,2690183982,15857,1104
5156.679403,2690191725,2690192828,15960,1103
5156.697437,2690205007,2690206114,15943,1107
5156.709460,2690213887,2690214995,15903,1108
5156.721483,2690222743,2690223852,15908,1109
5156.733505,2690231598,2690232707,15972,1109
5156.745525,2690240471,2690241579,15796,1108
5156.757552,2690249345,2690250451,15906,1106
5156.769575,2690258215,2690259320,15981,1105
5156.781593,2690267082,2690268190,15853,1108
5156.793621,2690275970,2690277079,15992,1109
5156.817659,2690293702,2690294811,15840,1109
5156.829689,2690302572,2690303676,15886,1104
5156.841711,2690311421,2690312532,15976,1111
5156.853727,2690320286,2690321391,15845,1105
5156.871761,2690333574,2690334678,15834,1104
5156.883790,2690342440,2690343545,15912,1105
5156.895815,2690351285,2690352388,15993,1103
5156.907837,2690360144,2690361253,15899,1109
5156.919860,2690369007,2690370117,15907,1110
5156.931882,2690377866,2690378972,15980,1106
5156.943898,2690386725,2690387831,15849,1106
5156.955929,2690395576,2690396681,15907,1105
5156.967952,2690404426,2690405530,15988,1104
5156.979967,2690413275,2690414380,15745,1105
5156.991996,2690422134,2690423243,15908,1109
5157.016036,2690439863,2690440972,15849,1109
5157.028066,2690448735,2690449840,15910,1105
5157.040088,2690457607,2690458712,15973,1105
5157.052105,2690466463,2690467572,15847,1109
5157.064133,2690475314,2690476420,15906,1106
5157.076157,2690484184,2690485293,15993,1109
5157.094192,2690497477,2690498581,15985,1104
5157.112225,2690510754,2690511856,15978,1102
5157.124242,2690519618,2690520724,15850,1106
5157.136272,2690528483,2690529589,15906,1106
5157.148293,2690537362,2690538471,15973,1109
5157.160310,2690546223,2690547337,15828,1114
5157.172339,2690555100,2690556205,15905,1105
5157.184364,2690563960,2690565074,15993,1114
5157.196379,2690572808,2690573914,15825,1106
5157.208408,2690581700,2690582806,15915,1106
5157.220429,2690590550,2690591656,15963,1106
5157.232447,2690599415,2690600530,15861,1115
5157.244476,2690608283,2690609386,15906,1103
5157.256499,2690617132,2690618237,15995,1105
5157.271526,2690628192,2690629298,15988,1106
5157.283551,2690637066,2690638179,15981,1113
5157.295567,2690645918,2690647022,15842,1104
5157.307596,2690654785,2690655889,15908,1104
5157.319618,2690663642,2690664754,15916,1112
5157.331636,2690672525,2690673634,15860,1109
5157.343665,2690681401,2690682517,15886,1116
5157.361698,2690694704,2690695816,15906,1112
5157.373722,2690703585,2690704691,15977,1106
5157.385739,2690712453,2690713557,15844,1104
5157.397767,2690721300,2690722404,15909,1104
5157.415804,2690734614,2690735728,15910,1114
5157.427825,2690743485,2690744584,15975,1099
5157.439842,2690752343,2690753448,15843,1105
5157.451872,2690761213,2690762323,15905,1110
5157.463895,2690770090,2690771195,15988,1105
5157.475910,2690778964,2690780075,15830,1111
5157.487939,2690787833,2690788942,15907,1109
5157.499964,2690796681,2690797786,15987,1105
5157.511979,2690805545,2690806652,15856,1107
5157.524009,2690814412,2690815520,15907,1108
5157.536031,2690823306,2690824410,16054,1104
5157.548047,2690832164,2690833269,15928,1105
5157.560076,2690841010,2690842115,15911,1105
5157.572101,2690849895,2690851002,16047,1107
5157.584116,2690858774,2690859878,15909,1104
5157.596145,2690867631,2690868737,15913,1106
5157.614181,2690880883,2690881994,15909,1111
5157.632215,2690894201,2690895310,15903,1109
5157.644237,2690903072,2690904175,15930,1103
5157.656253,2690911948,2690913048,15901,1100
5157.668282,2690920795,2690921897,15993,1102
5157.680307,2690929649,2690930764,15999,1115
5157.692322,2690938511,2690939616,15906,1105
5157.704352,2690947369,2690948478,15824,1109
5157.716373,2690956240,2690957349,15972,1109
5157.728392,2690965118,2690966229,15845,1111
5157.749438,2690980638,2690981744,15908,1106
5157.761461,2690989529,2690990640,15986,1111
5157.773476,2690998390,2690999498,15825,1108
5157.785505,2691007248,2691008353,15907,1105
5157.797529,2691016124,2691017228,15987,1104
5157.809545,2691024992,2691026097,15847,1105
5157.821575,2691033856,2691034967,15905,1111
5157.857642,2691060484,2691061593,15905,1109
5157.869667,2691069355,2691070454,15991,1099
5157.893711,2691087061,2691088160,15987,1099
5157.905736,2691096333,2691097440,16078,1107
5157.929781,2691114073,2691115185,15903,1112
5157.941802,2691122948,2691124057,15972,1109
5157.953819,2691131820,2691132929,15735,1109
5157.965848,2691140696,2691141805,15867,1109
5157.977874,2691149554,2691150657,16008,1103
5157.989888,2691158427,2691159536,15828,1109
5158.028970,2691187232,2691188346,15909,1114
5158.040991,2691196114,2691197218,15970,1104
5158.062025,2691211628,2691212741,15829,1113
5158.077061,2691222719,2691223817,15986,1098
5158.089076,2691231558,2691232667,15830,1109
5158.137176,2691267006,2691268115,15988,1109
5158.149199,2691275872,2691276975,15920,1103
5158.161213,2691284723,2691285830,15825,1107
5158.203300,2691315758,2691316864,15976,1106
5158.215316,2691324612,2691325716,15801,1104
5158.233350,2691337917,2691339026,15844,1109
5158.245380,2691346782,2691347890,15907,1108
5158.257402,2691355663,2691356781,15862,1118
5158.269419,2691364541,2691365650,15838,1109
5158.281447,2691373409,2691374519,15863,1110
5158.317517,2691400016,2691401125,15906,1109
5158.329539,2691408880,2691409984,16045,1104
5158.341556,2691417734,2691418838,15941,1104
5158.356593,2691428808,2691429917,15999,1109
5158.368608,2691437665,2691438774,15926,1109
5158.407688,2691466483,2691467592,15905,1109
5158.419710,2691475342,2691476447,15919,1105
5158.431728,2691484210,2691485318,15859,1108
5158.443760,2691493080,2691494178,15904,1098
5158.455781,2691501956,2691503065,15988,1109
5158.473815,2691515256,2691516365,15984,1109
5158.485831,2691524107,2691525211,15829,1104
5158.545953,2691568350,2691569459,15909,1109
5158.557968,2691577218,2691578322,15828,1104
5158.645141,2691641464,2691642578,15911,1114
5158.657157,2691650361,2691651466,15825,1105
5158.753347,2691721202,2691722311,15985,1109
5158.765365,2691730064,2691731182,15860,1118
5158.777391,2691738941,2691740047,15988,1106
5158.789416,2691747823,2691748928,16069,1105
5158.852536,2691794378,2691795483,16070,1105
5158.864551,2691803240,2691804354,15783,1114
5158.885597,2691818737,2691819846,15906,1109
5158.897620,2691827584,2691828688,15977,1104
5158.909637,2691836442,2691837549,15844,1107
5158.921668,2691845318,2691846427,15908,1109
5158.951725,2691867466,2691868570,15989,1104
5158.963740,2691876328,2691877437,15783,1109
5158.975768,2691885197,2691886306,15905,1109
5158.987792,2691894086,2691895197,15974,1111
5158.999808,2691902977,2691904086,15754,1109
5159.011837,2691911871,2691912984,15817,1113
5159.023862,2691920768,2691921879,15995,1111
5159.035877,2691929663,2691930777,15836,1114
5159.047907,2691938567,2691939681,15905,1114
5159.059929,2691947453,2691948556,15976,1103
5159.080962,2691962972,2691964081,15841,1109
5159.092992,2691971846,2691972945,15909,1099
5159.114033,2691987321,2691988435,15989,1114
5159.126049,2691996194,2691997298,15918,1104
5159.156113,2692018327,2692019441,15913,1114
5159.168135,2692027189,2692028299,16057,1110
5159.180151,2692036048,2692037148,15927,1100
5159.192181,2692044911,2692046024,15915,1113
5159.204205,2692053801,2692054901,15988,1100
5159.216220,2692062663,2692063774,15836,1111
5159.228249,2692071528,2692072641,15909,1113
5159.240272,2692080385,2692081498,15923,1113
5159.252288,2692089251,2692090359,15851,1108
5159.264319,2692098112,2692099216,15911,1104
5159.291369,2692118059,2692119164,15906,1105
5159.303394,2692126927,2692128031,15992,1104
5159.315409,2692135769,2692136874,15829,1105
5159.333443,2692149059,2692150172,15830,1113
5159.345473,2692157934,2692159042,15906,1108
5159.396563,2692195592,2692196697,15829,1105
5159.408592,2692204449,2692205554,15862,1105
5159.432632,2692222594,2692223703,15911,1109
5159.444662,2692231443,2692232549,15908,1106
5159.459683,2692242516,2692243627,15921,1111
5159.471713,2692251380,2692252485,15907,1105
5159.483735,2692260248,2692261361,15888,1113
5159.495752,2692269109,2692270209,15746,1100
5159.507780,2692277949,2692279053,15866,1104
5159.519805,2692286809,2692287923,15948,1114
5159.531820,2692295692,2692296800,15745,1108
5159.543850,2692304555,2692305662,15909,1107
5159.555872,2692313413,2692314519,15970,1106
5159.567888,2692322273,2692323382,15843,1109
5159.588935,2692337777,2692338888,15907,1111
5159.600959,2692346633,2692347742,15992,1109
5159.612975,2692355484,2692356588,15834,1104
5159.625003,2692364336,2692365445,15907,1109
5159.676094,2692401981,2692403083,15841,1102
5159.688122,2692410852,2692411965,15982,1113
5159.700147,2692419714,2692420823,15984,1109
5159.712163,2692428565,2692429679,15889,1114
5159.733208,2692444063,2692445172,15900,1109
5159.745230,2692452929,2692454043,15959,1114
5159.760261,2692464012,2692465118,15902,1106
5159.772282,2692472857,2692473962,15920,1105
5159.784305,2692481711,2692482814,15860,1103
5159.796328,2692490567,2692491676,15863,1109
5159.812366,2692503846,2692504956,15898,1110
5159.859450,2692537076,2692538178,15908,1102
5159.871471,2692545925,2692547034,15920,1109
5159.883495,2692554804,2692555913,15901,1109
5159.895516,2692563667,2692564771,15905,1104
5159.907541,2692572519,2692573633,15977,1114
5159.919558,2692581374,2692582483,15847,1109
5159.931585,2692590250,2692591350,15906,1100
5159.943608,2692599088,2692600194,15960,1106
5159.955626,2692607954,2692609067,15859,1113
5159.967655,2692616819,2692617933,15903,1114
5159.979677,2692625690,2692626799,15959,1109
5159.991694,2692634546,2692635646,15848,1100
5160.003722,2692643398,2692644503,15907,1105
5160.015747,2692652255,2692653369,15979,1114
5160.027763,2692661131,2692662240,15840,1109
5160.084877,2692703250,2692704360,15910,1110
5160.096901,2692712130,2692713234,15971,1104
5160.108917,2692721011,2692722111,15843,1100
5160.120945,2692729844,2692730948,15816,1104
5160.135969,2692740896,2692742007,15851,1111
5160.147998,2692749769,2692750879,15904,1110
5160.160019,2692758635,2692759742,15888,1107
5160.172037,2692767446,2692768547,15835,1101
5160.184066,2692776247,2692777361,15985,1114
5160.196084,2692785096,2692786202,15965,1106
5160.208106,2692793903,2692794974,15875,1071
5160.220131,2692802689,2692803798,15981,1109
5160.232153,2692811532,2692812636,15861,1104
5160.244172,2692820353,2692821460,15611,1107
5160.256200,2692829178,2692830287,16021,1109
5160.268223,2692838047,2692839155,15933,1108
5160.280249,2692846879,2692847983,15940,1104
5160.292269,2692855693,2692856800,15939,1107
5160.304291,2692864579,2692865679,15848,1100
5160.316308,2692873356,2692874468,15639,1112
5160.328337,2692882176,2692883288,15932,1112
5160.352378,2692899841,2692900942,15641,1101
5160.364406,2692908654,2692909763,15896,1109
5160.452578,2692974747,2692975861,16018,1114
5160.496652,2693005601,2693006704,15644,1103
5160.508680,2693014436,2693015539,15933,1103
5160.520702,2693023259,2693024369,16046,1110
5160.556770,2693049749,2693050858,15967,1109
5160.568789,2693058548,2693059654,15639,1106
5160.656968,2693124620,2693125727,15834,1107
5160.704046,2693157706,2693158808,15609,1102
5160.716079,2693166558,2693167667,15977,1109
5160.728096,2693175420,2693176531,15859,1111
5160.740118,2693184273,2693185382,15843,1109
5160.752143,2693193096,2693194200,15939,1104
5160.764164,2693201913,2693203013,15956,1100
5160.872371,2693281231,2693282340,16045,1109
5160.884389,2693290031,2693291137,15646,1106
5160.905435,2693305436,2693306541,15938,1105
5160.917457,2693314312,2693315425,15937,1113
5160.927982,2693322425,2693323541,16045,1116
5160.939999,2693331277,2693332381,16047,1104
5160.952018,2693340064,2693341169,15644,1105
5160.964046,2693348869,2693349978,15935,1109
5160.976068,2693357726,2693358827,15858,1101
5160.988092,2693366549,2693367624,15867,1075
5161.000119,2693375378,2693376488,15909,1110
5161.012138,2693384223,2693385328,15933,1105
5161.030174,2693397439,2693398543,15945,1104
5161.042190,2693406226,2693407329,15646,1103
5161.096292,2693445928,2693447036,15640,1108
5161.108321,2693454753,2693455860,15854,1107
5161.123350,2693465827,2693466929,15597,1102
5161.135372,2693474674,2693475779,15846,1105
5161.147393,2693483491,2693484600,15959,1109
5161.159412,2693492290,2693493395,15639,1105
5161.171443,2693501120,2693502198,15709,1078
5161.183463,2693509949,2693511058,15933,1109
5161.195480,2693518740,2693519843,15638,1103
5161.207509,2693527553,2693528658,15935,1105
5161.219531,2693536398,2693537507,15920,1109
5161.231549,2693545175,2693546277,15677,1102
5161.243580,2693553996,2693555075,15791,1079
5161.255599,2693562792,2693563896,16045,1104
5161.267618,2693571559,2693572660,15718,1101
5161.279651,2693580404,2693581507,15989,1103
5161.291668,2693589202,2693590305,15975,1103
5161.303686,2693597984,2693599087,15641,1103
5161.315719,2693606823,2693607927,15951,1104
5161.327741,2693615694,2693616794,15949,1100
5161.339755,2693624499,2693625602,15640,1103
5161.351783,2693633326,2693634435,15940,1109
5161.363805,2693642137,2693643241,15972,1104
5161.375826,2693650962,2693652066,15923,1104
5161.387856,2693659807,2693660912,15954,1105
5161.408891,2693675269,2693676372,16046,1103
5161.420918,2693684138,2693685238,15984,1100
5161.481029,2693728188,2693729288,16014,1100
5161.493046,2693736962,2693738067,15643,1105
5161.520105,2693756765,2693757871,15786,1106
5161.532126,2693765615,2693766720,16020,1105
5161.544144,2693774457,2693775565,15891,1108
5161.562183,2693787669,2693788783,15963,1114
5161.574204,2693796539,2693797644,15839,1105
5161.637321,2693842782,2693843893,15625,1111
5161.649352,2693851614,2693852717,15967,1103
5161.692437,2693884700,2693885803,15945,1103
5161.724490,2693906670,2693907779,15904,1109
5161.736510,2693915500,2693916610,15623,1110
5161.769577,2693939772,2693940877,15862,1105
5161.781596,2693948603,2693949709,15592,1106
5161.793625,2693957428,2693958537,15986,1109
5161.841714,2693992675,2693993779,15970,1104
5161.853733,2694001478,2694002584,15706,1106
5161.895817,2694032384,2694033484,16051,1100
5161.907842,2694041204,2694042277,15855,1073
5161.919868,2694049986,2694051089,15999,1103
5161.931885,2694058807,2694059912,15972,1105
5161.943907,2694067636,2694068737,15821,1101
5161.955934,2694076461,2694077566,15949,1105
5161.967954,2694085271,2694086380,15857,1109
5161.979979,2694094094,2694095169,15848,1075
5161.992002,2694102889,2694104002,15949,1113
5162.004023,2694111705,2694112814,15968,1109
5162.016049,2694120489,2694121592,15709,1103
5162.028072,2694129302,2694130415,15716,1113
5162.046110,2694142596,2694143705,15955,1109
5162.058125,2694151448,2694152561,15968,1113
5162.073161,2694162540,2694163623,15797,1083
5162.085178,2694171373,2694172483,15932,1110
5162.097195,2694180210,2694181315,15708,1105
5162.112228,2694191277,2694192387,15955,1110
5162.124248,2694200117,2694201223,15637,1106
5162.142285,2694213380,2694214457,15856,1077
5162.155807,2694223335,2694224445,15634,1110
5162.167840,2694232204,2694233318,16077,1114
5162.181363,2694242264,2694243379,16040,1115
5162.203905,2694259057,2694260171,15939,1114
5162.215926,2694267937,2694269048,15843,1111
5162.227944,2694276807,2694277918,15592,1111
5162.245978,2694290080,2694291192,15619,1112
5162.258008,2694298935,2694300047,15946,1112
5162.276042,2694312164,2694313271,15942,1107
5162.288063,2694320992,2694322098,15961,1106
5162.300081,2694329784,2694330885,15627,1101
5162.318119,2694343032,2694344141,15823,1109
5162.330145,2694351846,2694352955,15944,1109
5162.348180,2694365067,2694366180,15949,1113
5162.360201,2694373944,2694375049,15933,1105
5162.372219,2694382743,2694383843,15628,1100
5162.384250,2694391568,2694392677,15860,1109
5162.396268,2694400387,2694401496,15962,1109
5162.408287,2694409188,2694410290,15626,1102
5162.423321,2694420237,2694421337,15929,1100
5162.435344,2694429437,2694430545,15820,1108
5162.483437,2694464768,2694465871,16023,1103
5162.495457,2694473568,2694474677,15969,1109
5162.507479,2694482368,2694483437,15851,1069
5162.519511,2694491180,2694492254,15732,1074
5162.531526,2694499969,2694501081,15966,1112
5162.543544,2694508765,2694509871,15621,1106
5162.555578,2694517571,2694518675,16011,1104
5162.567598,2694526397,2694527502,15952,1105
5162.579613,2694535218,2694536318,15590,1100
5162.591642,2694544032,2694545139,15945,1107
5162.603663,2694552861,2694553969,15962,1108
5162.615685,2694561692,2694562796,15829,1104
5162.627711,2694570504,2694571609,15949,1105
5162.648749,2694585937,2694587042,15966,1105
5162.660775,2694594728,2694595836,15706,1108
5162.696836,2694621167,2694622268,15700,1101
5162.708865,2694629985,2694631091,15949,1106
5162.756956,2694665290,2694666393,15935,1103
5162.768973,2694674247,2694675349,15629,1102
5162.797037,2694696308,2694697408,16028,1100
5162.889208,2694762425,2694763534,15952,1109
5162.901229,2694771244,2694772348,15970,1104
5162.913251,2694780069,2694781178,15830,1109
5162.964352,2694817571,2694818679,15951,1108
5162.976368,2694826378,2694827488,15697,1110
5163.004431,2694848410,2694849513,16027,1103
5163.081572,2694903533,2694904638,15960,1105
5163.093594,2694912349,2694913452,15779,1103
5163.108623,2694923365,2694924473,15850,1108
5163.120642,2694932188,2694933289,15585,1101
5163.171743,2694969621,2694970726,15964,1105
5163.183762,2694978424,2694979530,15618,1106
5163.195791,2694987260,2694988365,15901,1105
5163.207812,2694996096,2694997203,15843,1107
5163.225849,2695009318,2695010422,15946,1104
5163.237865,2695018121,2695019228,15623,1107
5163.261918,2695035752,2695036861,15950,1109
5163.273933,2695044529,2695045634,15587,1105
5163.285965,2695053354,2695054432,15795,1078
5163.297972,2695062116,2695063212,15682,1096
5163.310005,2695070920,2695072019,15782,1099
5163.325035,2695081930,2695083042,15959,1112
5163.337053,2695090729,2695091832,15625,1103
5163.361107,2695108387,2695109490,15959,1103
5163.376134,2695119397,2695120511,16022,1114
5163.388156,2695128293,2695129397,15932,1104
5163.400174,2695137084,2695138192,15626,1108
5163.412207,2695145941,2695147050,15871,1109
5163.424224,2695154747,2695155850,15964,1103
5163.442258,2695167952,2695169052,15957,1100
5163.454284,2695176749,2695177856,15709,1107
5163.529426,2695231840,2695232946,15946,1106
5163.541446,2695240652,2695241763,15963,1111
5163.580516,2695269244,2695270350,15623,1106
5163.592546,2695278069,2695279174,15945,1105
5163.604567,2695286885,2695287984,15931,1099
5163.640636,2695313320,2695314427,15978,1107
5163.652665,2695322115,2695323218,15789,1103
5163.740836,2695388132,2695389236,15827,1104
5163.787911,2695421132,2695422233,15627,1101
5163.799940,2695429970,2695431076,15945,1106
5163.811962,2695438812,2695439915,15938,1103
5163.823983,2695447592,2695448662,15911,1070
5163.836012,2695456337,2695457446,15985,1109
5163.848018,2695465107,2695466215,15676,1108
5163.860051,2695473908,2695475017,15833,1109
5163.908151,2695509062,2695510176,15999,1114
5163.944218,2695535415,2695536524,15974,1109
5163.956238,2695544645,2695545752,15933,1107
5163.968257,2695553426,2695554523,15567,1097
5163.980285,2695562208,2695563318,15874,1110
5163.992293,2695570974,2695572082,15598,1108
5164.004321,2695579856,2695580966,15835,1110
5164.016353,2695588709,2695589822,15959,1113
5164.040394,2695606292,2695607399,15649,1107
5164.052421,2695615124,2695616238,15851,1114
5164.067446,2695626148,2695627256,15651,1108
5164.079475,2695634981,2695636095,15986,1114
5164.091481,2695643789,2695644897,15682,1108
5164.103510,2695652610,2695653724,15830,1114
5164.115542,2695661446,2695662556,15916,1110
5164.127550,2695670234,2695671342,15677,1108
5164.160628,2695694388,2695695492,15961,1104
5164.172635,2695703114,2695704217,15683,1103
5164.196698,2695720695,2695721799,15983,1104
5164.208716,2695729548,2695730652,15943,1104
5164.232766,2695747088,2695748187,15981,1099
5164.244773,2695755838,2695756945,15641,1107
5164.259818,2695766806,2695767909,15974,1103
5164.277852,2695779984,2695781094,15977,1110
5164.289858,2695788760,2695789861,15597,1101
5164.301887,2695797557,2695798666,15811,1109
5164.313921,2695806343,2695807452,15979,1109
5164.381055,2695856740,2695857843,15623,1103
5164.410098,2695876533,2695877644,15631,1111
5164.422130,2695885380,2695886487,16050,1107
5164.458195,2695911657,2695912766,16054,1109
5164.470201,2695920413,2695921525,15681,1112
5164.482235,2695929204,2695930304,15634,1100
5164.494264,2695938002,2695939107,16055,1105
5164.551357,2695979701,2695980804,15756,1103
5164.563385,2695988491,2695989593,15718,1102
5164.575417,2695997265,2695998379,16040,1114
5164.588447,2696008209,2696009315,15650,1106
5164.620502,2696030185,2696031294,16003,1109
5164.632512,2696038998,2696040100,15757,1102
5164.692641,2696082852,2696083962,15980,1110
5164.704660,2696091714,2696092816,15936,1102
5164.792831,2696157444,2696158549,15636,1105
5164.827898,2696181572,2696182678,15984,1106
5164.839906,2696190379,2696191487,15638,1108
5164.851938,2696199138,2696200244,15634,1106
5164.863967,2696207930,2696209038,15973,1108
5164.875973,2696216678,2696217781,15681,1103
5164.888007,2696225433,2696226525,15636,1092
5164.906040,2696238635,2696239748,15814,1113
5164.918066,2696247472,2696248581,15940,1109
5164.966145,2696282511,2696283611,15678,1100
5164.981193,2696294579,2696295692,15964,1113
5164.993203,2696303390,2696304491,15632,1101
5165.005229,2696312191,2696313294,15731,1103
5165.017258,2696320990,2696322094,15970,1104
5165.032281,2696331994,2696333092,15634,1098
5165.044309,2696340819,2696341928,15984,1109
5165.056316,2696349590,2696350692,15681,1102
5165.077364,2696364949,2696366055,15626,1106
5165.095400,2696378150,2696379259,15828,1109
5165.107427,2696386964,2696388073,15944,1109
5165.119440,2696395723,2696396827,15757,1104
5165.131469,2696404481,2696405584,15634,1103
5165.149504,2696417608,2696418709,15630,1101
5165.161534,2696426418,2696427528,15965,1110
5165.175062,2696433260,2696433911,13617,651
5165.188327,2696439077,2696439702,12067,625
5165.205106,2696448100,2696449249,16004,1149
5165.217139,2696457314,2696458498,16350,1184
5165.229162,2696466644,2696467832,16403,1188
5165.241178,2696476009,2696477198,16236,1189
5165.253207,2696485422,2696486585,16336,1163
5165.268224,2696497173,2696498335,15965,1162
5165.307312,2696527784,2696528953,16430,1169
5165.319334,2696537217,2696538403,16307,1186
5165.331346,2696546599,2696547786,16081,1187
5165.343380,2696555982,2696557171,16347,1189
5165.355402,2696565408,2696566597,16402,1189
5165.367417,2696574815,2696575975,16000,1160
5165.379449,2696584205,2696585365,16350,1160
5165.391470,2696593588,2696594777,16394,1189
5165.403484,2696602929,2696604119,16010,1190
5165.415519,2696612370,2696613559,16372,1189
5165.427538,2696621801,2696622992,16349,1191
5165.439553,2696631199,2696632391,16006,1192
5165.451585,2696640704,2696641896,16384,1192
5165.463606,2696650868,2696652032,16423,1164
5165.475621,2696660322,2696661507,16100,1185
5165.487653,2696669832,2696671028,16427,1196
5165.499674,2696679345,2696680543,16454,1198
5165.511690,2696688756,2696689938,16105,1182
5165.523719,2696698171,2696699338,16157,1167
5165.541755,2696712358,2696713522,16318,1164
5165.553777,2696721763,2696722943,16409,1180
5165.565792,2696731113,2696732301,16015,1188
5165.577825,2696740571,2696741759,16438,1188
5165.589845,2696750066,2696751265,16441,1199
5165.604876,2696761894,2696763090,16349,1196
5165.643948,2696792692,2696793881,16451,1189
5165.655964,2696802355,2696803544,16019,1189
5165.667994,2696811758,2696812955,16303,1197
5165.681522,2696820543,2696821653,15907,1110
5165.708573,2696840411,2696841520,16018,1109
5165.720594,2696849250,2696850350,16036,1100
5165.744640,2696866825,2696867900,15752,1075
5165.756662,2696875609,2696876723,15959,1114
5165.768678,2696884415,2696885526,15655,1111
5165.780710,2696893239,2696894348,16016,1109
5165.816779,2696919712,2696920790,15830,1078
5165.828800,2696928515,2696929614,15952,1099
5165.849833,2696943917,2696945022,15619,1105
5165.861866,2696952772,2696953877,15908,1105
5165.885902,2696970399,2696971502,15602,1103
5165.897934,2696979240,2696980349,15906,1109
5165.909955,2696988071,2696989176,16013,1105
5165.921970,2696996858,2696997960,15640,1102
5165.934003,2697005690,2697006799,15946,1109
5165.952038,2697018894,2697020000,15940,1106
5165.964058,2697027722,2697028828,15971,1106
5165.982093,2697040951,2697042059,15970,1108
5166.021158,2697069584,2697070684,15603,1100
5166.033192,2697078454,2697079536,15753,1082
5166.054230,2697093867,2697094979,15968,1112
5166.066244,2697102712,2697103815,15604,1103
5166.076327,2697111532,2697112632,15932,1100
5166.090298,2697120361,2697121470,15973,1109
5166.120347,2697142393,2697143490,15604,1097
5166.132377,2697151210,2697152285,15703,1075
5166.156419,2697168811,2697169920,15848,1109
5166.168449,2697177634,2697178743,15898,1109
5166.192484,2697195289,2697196392,15602,1103
5166.204518,2697204107,2697205209,15854,1102
5166.228553,2697221750,2697222852,15603,1102
5166.240586,2697230559,2697231667,15936,1108
5166.252607,2697239387,2697240487,15975,1100
5166.273639,2697254885,2697255991,15603,1106
5166.285672,2697263728,2697264834,15939,1106
5166.297693,2697272554,2697273659,15972,1105
5166.309707,2697281387,2697282493,15603,1106
5166.327742,2697294607,2697295720,15599,1113
5166.339775,2697303422,2697304527,15941,1105
5166.351796,2697312248,2697313358,16055,1110
5166.363810,2697321049,2697322155,15679,1106
5166.375843,2697329906,2697331016,15989,1110
5166.387864,2697338736,2697339848,15977,1112
5166.399875,2697347569,2697348675,15487,1106
5166.411915,2697356365,2697357470,15943,1105
5166.423932,2697365197,2697366306,15967,1109
5166.435947,2697374007,2697375114,15682,1107
5166.447980,2697382824,2697383929,15940,1105
5166.466015,2697396043,2697397157,15945,1114
5166.478036,2697404933,2697406038,15970,1105
5166.509101,2697429179,2697430287,15943,1108
5166.553170,2697460057,2697461153,15603,1096
5166.565204,2697468870,2697469979,15942,1109
5166.601272,2697495347,2697496461,15946,1114
5166.613293,2697504172,2697505276,15946,1104
5166.628323,2697515175,2697516281,16019,1106
5166.667396,2697543831,2697544939,15974,1108
5166.679410,2697552647,2697553754,15613,1107
5166.691442,2697561461,2697562565,15851,1104
5166.703463,2697570315,2697571421,15871,1106
5166.715479,2697579096,2697580203,15537,1107
5166.727510,2697587956,2697589061,15907,1105
5166.739532,2697596764,2697597877,15955,1113
5166.751547,2697605557,2697606655,15625,1098
5166.772597,2697620988,2697622092,15941,1104
5166.784617,2697629814,2697630922,15957,1108
5166.811669,2697649642,2697650750,15955,1108
5166.823686,2697658439,2697659545,15615,1106
5166.835716,2697667275,2697668379,15856,1104
5166.847738,2697676094,2697677203,15950,1109
5166.859753,2697684933,2697686041,15615,1108
5166.871785,2697693792,2697694897,15825,1105
5166.883808,2697702646,2697703755,15968,1109
5166.895821,2697711446,2697712549,15517,1103
5166.907855,2697720260,2697721369,15934,1109
5166.919876,2697729098,2697730205,15970,1107
5166.931887,2697737910,2697739011,15564,1101
5166.943923,2697746775,2697747884,15912,1109
5166.955944,2697755581,2697756690,15925,1109
5166.967959,2697764380,2697765481,15604,1101
5166.979994,2697773600,2697774705,16037,1105
5166.992014,2697782438,2697783543,15972,1105
5167.004028,2697791259,2697792369,15603,1110
5167.016061,2697800086,2697801194,15941,1108
5167.028082,2697808913,2697810018,15990,1105
5167.040096,2697817700,2697818810,15600,1110
5167.052130,2697826551,2697827650,15943,1099
5167.064150,2697835369,2697836473,15970,1104
5167.076165,2697844160,2697845258,15603,1098
5167.088198,2697853027,2697854136,15822,1109
5167.100219,2697861856,2697862966,15974,1110
5167.112237,2697870686,2697871800,15853,1114
5167.124267,2697879505,2697880610,15942,1105
5167.136288,2697888338,2697889451,16057,1113
5167.148302,2697897146,2697898252,15683,1106
5167.160335,2697905968,2697907073,15945,1105
5167.205421,2697938957,2697940067,15937,1110
5167.217442,2697947781,2697948885,16050,1104
5167.253511,2697974285,2697975396,15974,1111
5167.265525,2697983088,2697984193,15677,1105
5167.283559,2697996286,2697997389,15600,1103
5167.295591,2698005119,2698006223,16022,1104
5167.307612,2698013957,2698015059,16018,1102
5167.319627,2698022758,2698023860,15448,1102
5167.331660,2698031582,2698032691,15939,1109
5167.352698,2698047064,2698048179,15952,1115
5167.364713,2698055889,2698056990,15601,1101
5167.400782,2698082346,2698083452,15599,1106
5167.412816,2698091152,2698092261,15942,1109
5167.433853,2698106581,2698107681,15967,1100
5167.445871,2698115413,2698116523,15847,1110
5167.463902,2698128660,2698129762,15604,1102
5167.475935,2698137472,2698138586,16024,1114
5167.487956,2698146309,2698147414,15881,1105
5167.505991,2698159516,2698160625,15973,1109
5167.518005,2698168338,2698169439,15604,1101
5167.554074,2698194806,2698195906,15562,1100
5167.656279,2698269702,2698270808,15940,1106
5167.668300,2698278532,2698279643,16050,1111
5167.692347,2698296175,2698297284,15941,1109
5167.704369,2698305052,2698306161,15931,1109
5167.767488,2698351416,2698352525,15969,1109
5167.779502,2698360230,2698361337,15560,1107
5167.791536,2698369056,2698370165,15948,1109
5167.809571,2698382273,2698383350,15827,1077
5167.821590,2698391067,2698392180,15986,1113
5167.872690,2698428501,2698429606,16019,1105
5167.884711,2698437327,2698438431,15975,1104
5167.896725,2698446110,2698447220,15602,1110
5167.908757,2698454961,2698456061,15950,1100
5167.944826,2698481458,2698482563,15947,1105
5167.956847,2698490291,2698491400,15961,1109
5167.980895,2698507920,2698509024,16020,1104
5167.992915,2698516756,2698517859,15962,1103
5168.013948,2698532137,2698533243,15617,1106
5168.025980,2698541000,2698542104,15908,1104
5168.081081,2698582917,2698584031,15954,1114
5168.104119,2698598331,2698599438,15692,1107
5168.116153,2698607171,2698608280,15857,1109
5168.128174,2698615981,2698617084,15884,1103
5168.158222,2698638003,2698639111,15602,1108
5168.170256,2698646833,2698647946,15938,1113
5168.188291,2698660042,2698661147,15940,1105
5168.200311,2698668877,2698669977,15972,1100
5168.212325,2698677676,2698678781,15608,1105
5168.239377,2698697476,2698698583,15677,1107
5168.251411,2698706325,2698707403,15758,1078
5168.269442,2698719499,2698720579,15816,1080
5168.281465,2698728295,2698729400,16056,1105
5168.296496,2698739288,2698740392,15943,1104
5168.308517,2698748104,2698749214,16052,1110
5168.323548,2698759140,2698760249,15941,1109
5168.335568,2698767975,2698769086,16053,1111
5168.347580,2698776772,2698777884,15647,1112
5168.359616,2698785593,2698786703,15938,1110
5168.371637,2698794422,2698795531,15973,1109
5168.383651,2698803216,2698804319,15604,1103
5168.395685,2698812073,2698813148,15716,1075
5168.407706,2698820880,2698821993,15968,1113
5168.467822,2698864935,2698866039,16026,1104
5168.479843,2698873761,2698874867,15972,1106
5168.490366,2698881681,2698882797,15869,1116
5168.505383,2698892759,2698893862,15596,1103
5168.517416,2698901586,2698902685,15942,1099
5168.536448,2698917057,2698918162,15972,1105
5168.553485,2698928107,2698929220,15942,1113
5168.565506,2698936982,2698938086,15986,1104
5168.580537,2698947988,2698949094,15938,1106
5168.592557,2698956821,2698957927,15972,1106
5168.608585,2698970033,2698971142,16054,1109
5168.679725,2699020757,2699021862,15947,1105
5168.691746,2699029587,2699030695,15976,1108
5168.703760,2699038388,2699039500,15679,1112
5168.715795,2699047215,2699048321,15937,1106
5168.727815,2699056054,2699057163,15955,1109
5168.739831,2699064904,2699066008,15857,1104
5168.751860,2699073740,2699074844,15939,1104
5168.763882,2699082559,2699083663,15978,1104
5168.775897,2699091346,2699092453,15619,1107
5168.808968,2699115648,2699116762,15955,1114
5168.820985,2699124465,2699125563,15613,1098
5168.845036,2699142121,2699143224,15956,1103
5168.857052,2699150929,2699152032,15619,1103
5168.881105,2699168585,2699169694,16018,1109
5168.893120,2699177367,2699178476,15682,1109
5168.905154,2699186186,2699187291,15981,1105
5168.917174,2699195012,2699196112,15972,1100
5168.929189,2699203808,2699204916,15682,1108
5168.941221,2699212635,2699213741,15897,1106
5168.995324,2699252279,2699253387,15939,1108
5169.007345,2699261108,2699262221,15957,1113
5169.019363,2699270007,2699271120,15862,1113
5169.031390,2699278917,2699280028,15911,1111
5169.043413,2699287779,2699288893,15912,1114
5169.055431,2699296639,2699297752,15856,1113
5169.067461,2699305509,2699306614,15951,1105
5169.079482,2699314361,2699315475,15961,1114
5169.091497,2699323180,2699324282,15621,1102
5169.103529,2699331986,2699333102,16023,1116
5169.115550,2699340828,2699341937,16042,1109
5169.127566,2699349623,2699350724,15696,1101
5169.141092,2699359539,2699360645,15646,1106
5169.156128,2699370576,2699371675,15959,1099
5169.168143,2699379408,2699380518,15615,1110
5169.180172,2699388233,2699389307,15820,1074
5169.192196,2699397034,2699398139,16038,1105
5169.204211,2699405831,2699406929,15691,1098
5169.216241,2699414645,2699415720,15748,1075
5169.228265,2699423433,2699424542,15962,1109
5169.240280,2699432260,2699433358,15618,1098
5169.252312,2699441077,2699442189,15925,1112
5169.267334,2699452128,2699453232,15859,1104
5169.285366,2699465359,2699466468,15617,1109
5169.297398,2699474196,2699475302,15939,1106
5169.309421,2699483066,2699484176,15947,1110
5169.339476,2699505020,2699506124,15954,1104
5169.351496,2699513858,2699514967,15813,1109
5169.363525,2699522684,2699523793,15987,1109
5169.375530,2699531436,2699532544,15676,1108
5169.387564,2699540187,2699541289,15636,1102
5169.399594,2699548974,2699550051,15823,1077
5169.411600,2699557726,2699558828,15598,1102
5169.429633,2699570873,2699571975,15675,1102
5169.441663,2699579637,2699580743,15592,1106
5169.453695,2699588427,2699589536,15975,1109
5169.465703,2699597221,2699598324,15678,1103
5169.543865,2699654245,2699655350,16043,1105
5169.555881,2699663049,2699664151,15606,1102
5169.567907,2699671848,2699672952,15715,1104
5169.579936,2699680647,2699681760,15976,1113
5169.597969,2699693781,2699694886,15978,1105
5169.609976,2699702593,2699703693,15681,1100
5169.661091,2699739847,2699740946,15989,1099
5169.673096,2699748587,2699749688,15682,1101
5169.706175,2699772734,2699773845,16038,1111
5169.718182,2699781493,2699782602,15682,1109
5169.730216,2699790255,2699791367,15642,1112
5169.742244,2699799013,2699800127,15980,1114
5169.754264,2699807799,2699808897,15645,1098
5169.766284,2699816586,2699817692,15555,1106
5169.871473,2699893373,2699894475,15754,1102
5169.883507,2699902131,2699903229,15716,1098
5169.895536,2699910910,2699912015,15982,1105
5169.907542,2699919698,2699920800,15638,1102
5169.919576,2699928445,2699929552,15638,1107
5169.931606,2699937235,2699938308,15822,1073
5169.952635,2699952515,2699953618,15635,1103
5169.964662,2699961342,2699962446,15820,1104
5169.985708,2699976715,2699977823,15986,1108
5169.997715,2699985530,2699986636,15681,1106
5170.008253,2699993476,2699994593,15945,1117
5170.020258,2700002351,2700003459,15639,1108
5170.032290,2700011118,2700012226,15642,1108
5170.044318,2700019920,2700021025,15935,1105
5170.056325,2700028686,2700029789,15682,1103
5170.071370,2700039656,2700040762,15968,1106
5170.096407,2700059429,2700060529,15976,1100
5170.164530,2700107621,2700108722,15677,1101
5170.176564,2700116431,2700117540,15815,1109
5170.188592,2700125218,2700126327,15973,1109
5170.200607,2700133974,2700135079,15641,1105
5170.212634,2700142756,2700143859,15638,1103
5170.224661,2700151547,2700152656,15979,1109
5170.248709,2700169061,2700170163,15785,1102
5170.260730,2700177845,2700178956,16058,1111
5170.272750,2700186611,2700187715,16038,1104
5170.284770,2700195366,2700196471,15676,1105
5170.308811,2700212891,2700213994,15665,1103
5170.320839,2700221675,2700222778,15640,1103
5170.377953,2700263366,2700264470,15978,1104
5170.389961,2700272130,2700273233,15679,1103
5170.409019,2700287485,2700288586,15645,1101
5170.444062,2700311611,2700312716,15681,1105
5170.456096,2700320360,2700321460,15641,1100
5170.468124,2700329127,2700330234,15980,1107
5170.480131,2700337897,2700339003,15682,1106
5170.501177,2700353250,2700354356,15810,1106
5170.513212,2700362035,2700363118,15787,1083
5170.588337,2700416804,2700417907,15682,1103
5170.600365,2700425624,2700426728,15892,1104
5170.621416,2700440984,2700442090,15978,1106
5170.633425,2700449804,2700450903,15685,1099
5170.696554,2700495928,2700497033,15857,1105
5170.708579,2700504741,2700505812,15861,1071
5170.720604,2700513486,2700514596,15973,1110
5170.795738,2700568269,2700569366,15638,1097
5170.807764,2700577125,2700578234,15829,1109
5170.819793,2700585912,2700587017,15974,1105
5170.831800,2700594681,2700595781,15637,1100
5170.852851,2700610004,2700611109,15633,1105
5170.864879,2700618781,2700619886,15974,1105
5170.909966,2700651725,2700652834,15961,1109
5170.921981,2700660450,2700661555,15629,1105
5170.937016,2700671401,2700672505,15969,1104
5170.952040,2700682338,2700683440,15642,1102
5170.964069,2700691110,2700692184,15832,1074
5170.976074,2700699859,2700700960,15688,1101
5170.994116,2700713000,2700714096,15711,1096
5171.006140,2700721833,2700722931,15555,1098
5171.036202,2700743803,2700744912,15944,1109
5171.048212,2700752601,2700753702,15603,1101
5171.060245,2700761390,2700762496,15642,1106
5171.078280,2700774531,2700775631,15633,1100
5171.111331,2700798652,2700799753,15682,1101
5171.123365,2700807394,2700808498,15560,1104
5171.135395,2700816179,2700817254,15823,1075
5171.147402,2700824900,2700826003,15680,1103
5171.159430,2700833687,2700834788,15714,1101
5171.180480,2700849070,2700850144,15900,1074
5171.192493,2700857788,2700858894,15643,1106
5171.204519,2700866590,2700867695,15712,1105
5171.216545,2700875419,2700876526,15860,1107
5171.240595,2700892932,2700894044,15705,1112
5171.252617,2700901754,2700902859,15995,1105
5171.285674,2700925926,2700927031,15636,1105
5171.297703,2700934756,2700935866,15997,1110
5171.316739,2700950112,2700951218,16027,1106
5171.336760,2700963271,2700964368,15758,1097
5171.348794,2700972030,2700973126,15652,1096
5171.363825,2700983032,2700984141,16032,1109
5171.399886,2701009366,2701010469,15676,1103
5171.411913,2701018128,2701019234,15650,1106
5171.423938,2701026960,2701028066,15932,1106
5171.435948,2701035714,2701036817,15679,1103
5171.447978,2701044504,2701045616,15693,1112
5171.460009,2701053299,2701054399,16045,1100
5171.472019,2701062097,2701063205,15682,1108
5171.484051,2701070853,2701071924,15835,1071
5171.502085,2701083982,2701085078,15709,1096
5171.514113,2701092743,2701093852,15984,1109
5171.526128,2701101921,2701103021,15713,1100
5171.565206,2701130453,2701131550,15640,1097
5171.577233,2701139240,2701140344,15977,1104
5171.589247,2701147999,2701149108,15711,1109
5171.616292,2701167756,2701168859,15759,1103
5171.628326,2701176557,2701177661,15835,1104
5171.667405,2701205020,2701206125,15978,1105
5171.679412,2701213800,2701214902,15680,1102
5171.691441,2701222590,2701223698,15813,1108
5171.709479,2701235781,2701236857,15940,1076
5171.721508,2701244535,2701245644,16061,1109
5171.751549,2701266444,2701267555,15684,1111
5171.763582,2701275206,2701276309,15640,1103
5171.775608,2701284016,2701285130,15945,1114
5171.787625,2701292786,2701293893,15639,1107
5171.808668,2701308150,2701309226,15826,1076
5171.820697,2701316888,2701317997,15889,1109
5171.835724,2701327868,2701328973,15632,1105
5171.847748,2701336665,2701337768,15980,1103
5171.859755,2701345420,2701346517,15686,1097
5171.871789,2701354189,2701355301,15641,1112
5171.883817,2701362967,2701364075,15973,1108
5171.907857,2701380537,2701381648,15639,1111
5171.976978,2701431043,2701432150,15682,1107
5171.989010,2701439868,2701440975,15828,1107
5172.001039,2701448651,2701449766,15975,1115
5172.034104,2701472714,2701473817,15710,1103
5172.046126,2701481570,2701482678,15958,1108
5172.058132,2701490345,2701491445,15680,1100
5172.085191,2701510044,2701511150,15633,1106
5172.097217,2701518845,2701519948,15559,1103
5172.160338,2701564832,2701565938,15641,1106
5172.172365,2701573619,2701574723,15974,1104
5172.184379,2701582372,2701583478,15635,1106
5172.236493,2701621939,2701623040,15753,1101
5172.253520,2701632930,2701634043,15978,1113
5172.265526,2701641723,2701642828,15755,1105
5172.289590,2701659298,2701660402,16077,1104
5172.301595,2701668103,2701669209,15681,1106
5172.391779,2701733972,2701735081,15939,1109
5172.403800,2701742737,2701743839,15714,1102
5172.415829,2701751508,2701752619,15979,1111
5172.445869,2701773481,2701774582,15754,1101
5172.457903,2701782245,2701783343,15730,1098
5172.469931,2701791029,2701792129,16049,1100
5172.481945,2701799814,2701800924,15650,1110
5172.493972,2701808619,2701809725,15723,1106
5172.505996,2701817457,2701818565,16010,1108
5172.518006,2701826229,2701827339,15679,1110
5172.597173,2701885445,2701886550,15676,1105
5172.653264,2701924877,2701925987,15684,1110
5172.665298,2701933759,2701934862,15653,1103
5172.708392,2701966668,2701967766,15643,1098
5172.776514,2702015015,2702016120,16057,1105
5172.788523,2702023812,2702024914,15760,1102
5172.800555,2702032591,2702033701,15641,1110
5172.812583,2702041393,2702042493,15985,1100
5172.824591,2702050172,2702051278,15757,1106
5172.860658,2702076491,2702077594,15681,1103
5172.872692,2702085355,2702086458,15641,1103
5172.905743,2702109499,2702110600,15679,1101
5172.917778,2702118264,2702119362,15643,1098
5172.929806,2702127043,2702128152,15870,1109
5172.941812,2702135807,2702136912,15678,1105
5172.968864,2702155519,2702156620,15684,1101
5172.980893,2702164313,2702165413,15783,1100
5172.996939,2702177455,2702178560,15635,1105
5173.025990,2702197157,2702198265,15706,1108
5173.041010,2702208565,2702209671,15633,1106
5173.056046,2702219525,2702220639,15972,1114
5173.068052,2702228294,2702229400,15680,1106
5173.080081,2702237090,2702238190,15810,1100
5173.092112,2702245913,2702247022,15939,1109
5173.104121,2702254679,2702255777,15684,1098
5173.116155,2702263428,2702264504,15838,1076
5173.128183,2702272190,2702273300,15954,1110
5173.140189,2702280974,2702282076,15682,1102
5173.152220,2702289783,2702290893,15597,1110
5173.248395,2702359909,2702361018,15682,1109
5173.260429,2702368675,2702369781,15640,1106
5173.272458,2702377457,2702378570,15984,1113
5173.284466,2702386312,2702387413,15759,1101
5173.296498,2702395066,2702396162,15643,1096
5173.320533,2702412678,2702413783,15682,1105
5173.332566,2702421427,2702422529,15716,1102
5173.356602,2702439023,2702440123,15761,1100
5173.368635,2702447820,2702448932,15634,1112
5173.416731,2702482968,2702484077,15993,1109
5173.428738,2702491730,2702492827,15598,1097
5173.440772,2702500477,2702501548,15835,1071
5173.456814,2702513598,2702514704,15643,1106
5173.479854,2702529006,2702530111,15994,1105
5173.491860,2702537810,2702538910,15756,1100
5173.503891,2702546568,2702547677,15844,1109
5173.515922,2702555352,2702556428,15821,1076
5173.527927,2702564067,2702565179,15681,1112
5173.545961,2702577231,2702578332,15755,1101
5173.557995,2702585988,2702587090,15718,1102
5173.570023,2702594765,2702595865,16064,1100
5173.582032,2702603586,2702604691,15761,1105
5173.672209,2702669361,2702670468,15635,1107
5173.684236,2702678164,2702679272,15716,1108
5173.702270,2702691366,2702692468,15636,1102
5173.714299,2702700190,2702701292,15964,1102
5173.772414,2702744036,2702745141,15807,1105
5173.789436,2702755047,2702756156,15897,1109
5173.831520,2702785721,2702786825,15976,1104
5173.843528,2702794462,2702795573,15686,1111
5173.855559,2702803257,2702804332,15648,1075
5173.876608,2702818616,2702819719,15995,1103
5173.888613,2702827399,2702828501,15678,1102
5173.900646,2702836211,2702837314,15827,1103
5173.912675,2702845004,2702846108,16061,1104
5173.945733,2702869093,2702870191,15715,1098
5173.957761,2702877870,2702878979,16063,1109
5173.972779,2702888834,2702889943,15814,1109
5173.984812,2702897638,2702898738,15983,1100
5173.996819,2702906429,2702907530,15681,1101
5174.056948,2702950301,2702951409,16049,1108
5174.068965,2702959058,2702960168,15657,1110
5174.084999,2702972330,2702973438,15676,1108
5174.102038,2702983397,2702984508,16042,1111
5174.114042,2702992204,2702993312,15687,1108
5174.162144,2703027380,2703028486,15728,1106
5174.174172,2703036209,2703037314,15987,1105
5174.192205,2703049345,2703050445,16043,1100
5174.204215,2703058150,2703059253,15688,1103
5174.216254,2703066919,2703068022,15624,1103
5174.228277,2703075702,2703076780,15826,1078
5174.249299,2703091006,2703092111,15683,1105
5174.261333,2703099798,2703100901,15599,1103
5174.297402,2703126109,2703127209,15642,1100
5174.309427,2703134939,2703136044,15942,1105
5174.322956,2703141745,2703142393,13714,648
5174.336332,2703147640,2703148259,12063,619
5174.350006,2703154407,2703155561,16375,1154
5174.362023,2703163640,2703164819,16161,1179
5174.374053,2703172969,2703174127,16355,1158
5174.398089,2703191721,2703192886,16011,1165
5174.410121,2703201094,2703202282,16438,1188
5174.422142,2703210460,2703211624,16449,1164
5174.434158,2703219801,2703220987,16088,1186
5174.446190,2703229212,2703230396,16406,1184
5174.461209,2703240925,2703242091,16011,1166
5174.473241,2703250279,2703251473,16360,1194
5174.485262,2703259712,2703260900,16367,1188
5174.497280,2703269127,2703270312,16267,1185
5174.509311,2703278557,2703279746,16268,1189
5174.521332,2703287962,2703289152,16385,1190
5174.533346,2703297323,2703298509,16093,1186
5174.545378,2703307588,2703308780,16338,1192
5174.560398,2703319465,2703320650,16093,1185
5174.572429,2703328957,2703330121,16425,1164
5174.584451,2703338364,2703339553,16364,1189
5174.647572,2703387702,2703388869,16379,1167
5174.659590,2703397060,2703398256,16099,1196
5174.671619,2703406577,2703407741,16322,1164
5174.683641,2703415999,2703417188,16291,1189
5174.701677,2703430163,2703431352,16396,1189
5174.713691,2703439607,2703440771,16092,1164
5174.728727,2703451339,2703452522,16392,1183
5174.740741,2703460801,2703461991,16016,1190
5174.752774,2703470205,2703471403,16356,1198
5174.764794,2703479750,2703480945,16393,1195
5174.776809,2703489159,2703490346,16018,1187
5174.827914,2703529395,2703530559,16363,1164
5174.841439,2703538180,2703539284,15926,1104
5174.853455,2703546980,2703548091,15614,1111
5174.865487,2703555826,2703556934,15938,1108
5174.877508,2703564646,2703565760,16035,1114
5174.895543,2703577930,2703579044,15956,1114
5174.907558,2703586745,2703587846,15690,1101
5174.919590,2703595609,2703596715,15825,1106
5174.931611,2703604429,2703605538,15869,1109
5174.943626,2703613236,2703614339,15615,1103
5174.955658,2703622077,2703623186,15826,1109
5174.967681,2703630912,2703632021,15933,1109
5174.979698,2703639747,2703640854,15779,1107
5174.997729,2703652986,2703654087,15612,1101
5175.009761,2703661814,2703662924,15941,1110
5175.033801,2703679494,2703680603,15859,1109
5175.045830,2703688343,2703689443,15938,1100
5175.063864,2703701584,2703702695,15938,1111
5175.075885,2703710449,2703711559,15869,1110
5175.087901,2703719230,2703720335,15615,1105
5175.099933,2703728052,2703729161,16019,1109
5175.111954,2703736914,2703738018,15973,1104
5175.123970,2703745720,2703746832,15601,1112
5175.136003,2703754549,2703755649,16021,1100
5175.148024,2703763353,2703764464,15975,1111
5175.160038,2703772162,2703773265,15677,1103
5175.172072,2703781024,2703782130,15868,1106
5175.184092,2703789855,2703790955,15966,1100
5175.196106,2703798636,2703799742,15598,1106
5175.208140,2703807472,2703808586,15941,1114
5175.220161,2703816303,2703817417,15973,1114
5175.232178,2703825164,2703826269,15851,1105
5175.244209,2703833997,2703835106,16023,1109
5175.256229,2703842857,2703843966,16050,1109
5175.268244,2703851656,2703852757,15603,1101
5175.280278,2703860477,2703861590,16022,1113
5175.292298,2703869349,2703870454,15976,1105
5175.304313,2703878135,2703879232,15677,1097
5175.319350,2703889160,2703890269,15974,1109
5175.331364,2703897993,2703899100,15601,1107
5175.343397,2703906821,2703907926,15937,1105
5175.355418,2703915661,2703916770,15881,1109
5175.367433,2703924470,2703925572,15522,1102
5175.380463,2703935510,2703936614,15971,1104
5175.404518,2703953192,2703954281,15750,1089
5175.424552,2703966394,2703967503,16022,1109
5175.436573,2703975269,2703976378,15971,1109
5175.460621,2703992906,2703994011,15942,1105
5175.472641,2704001729,2704002838,15968,1109
5175.484659,2704010547,2704011651,15846,1104
5175.496689,2704019365,2704020474,16019,1109
5175.511707,2704030403,2704031495,15640,1092
5175.523740,2704039208,2704040312,16022,1104
5175.535761,2704048081,2704049186,15968,1105
5175.547776,2704056860,2704057968,15602,1108
5175.559809,2704065695,2704066803,15943,1108
5175.571830,2704074563,2704075668,15924,1105
5175.583847,2704083393,2704084498,15829,1105
5175.595877,2704092227,2704093331,15816,1104
5175.607898,2704101069,2704102178,15981,1109
5175.619910,2704109884,2704110996,15567,1112
5175.631948,2704118748,2704119852,15868,1104
5175.649980,2704131988,2704133088,15933,1100
5175.662001,2704140836,2704141941,15968,1105
5175.677029,2704151822,2704152900,15748,1078
5175.689054,2704160649,2704161748,15985,1099
5175.716104,2704180439,2704181548,15965,1109
5175.728118,2704189255,2704190361,15600,1106
5175.740151,2704198134,2704199234,15909,1100
5175.752173,2704206958,2704208066,16014,1108
5175.764187,2704215755,2704216864,15602,1109
5175.785238,2704231226,2704232329,16016,1103
5175.797259,2704240056,2704241170,15979,1114
5175.816328,2704255539,2704256644,15839,1105
5175.887430,2704306221,2704307326,16051,1105
5175.899447,2704315034,2704316148,15845,1114
5175.911477,2704323899,2704325008,15994,1109
5175.923498,2704332736,2704333841,15969,1105
5175.935518,2704341556,2704342670,15841,1114
5175.947546,2704350413,2704351519,15872,1106
5175.959567,2704359262,2704360372,15923,1110
5175.971582,2704368063,2704369166,15520,1103
5175.983614,2704376910,2704378019,15869,1109
5175.995636,2704385732,2704386839,15967,1107
5176.007653,2704394566,2704395675,15846,1109
5176.019683,2704403435,2704404538,15871,1103
5176.031705,2704412294,2704413399,15971,1105
5176.043721,2704421137,2704422243,15844,1106
5176.055753,2704430391,2704431500,15907,1109
5176.097824,2704461425,2704462534,15754,1109
5176.109855,2704470295,2704471403,15821,1108
5176.121878,2704479168,2704480270,15975,1102
5176.133893,2704488022,2704489131,15844,1109
5176.145922,2704496888,2704497996,15905,1108
5176.157944,2704505715,2704506824,15967,1109
5176.169962,2704514576,2704515681,15863,1105
5176.218059,2704550008,2704551113,15988,1105
5176.230081,2704558871,2704559977,16042,1106
5176.260133,2704581001,2704582105,15857,1104
5176.272162,2704589854,2704590964,15906,1110
5176.284183,2704598728,2704599838,15963,1110
5176.296201,2704607597,2704608701,15774,1104
5176.308230,2704616452,2704617557,15911,1105
5176.320252,2704625313,2704626426,15958,1113
5176.332270,2704634187,2704635293,15857,1106
5176.344302,2704643059,2704644173,15989,1114
5176.356322,2704651929,2704653040,16059,1111
5176.392391,2704678524,2704679633,15979,1109
5176.404408,2704687365,2704688474,15851,1109
5176.416438,2704696225,2704697334,15912,1109
5176.428459,2704705081,2704706193,15972,1112
5176.521631,2704773785,2704774890,15843,1105
5176.533661,2704782635,2704783739,15908,1104
5176.545682,2704791498,2704792605,15932,1107
5176.557701,2704800358,2704801467,15857,1109
5176.636861,2704860190,2704861295,15857,1105
5176.741054,2704935448,2704936557,15988,1109
5176.753075,2704944316,2704945420,15999,1104
5176.765094,2704953188,2704954293,15847,1105
5176.777124,2704962045,2704963149,15817,1104
5176.846249,2705012958,2705014070,15862,1112
5176.858280,2705021825,2705022930,15864,1105
5176.873299,2705032900,2705034008,15802,1108
5176.885329,2705041746,2705042855,15906,1109
5176.897351,2705050611,2705051724,15943,1113
5176.951454,2705090493,2705091598,15969,1105
5176.963472,2705099374,2705100483,15925,1109
5176.975501,2705108251,2705109356,15907,1105
5176.993535,2705121527,2705122636,15902,1109
5177.005557,2705130390,2705131494,15973,1104
5177.068677,2705176916,2705178025,15966,1109
5177.080694,2705185786,2705186889,15758,1103
5177.113763,2705210131,2705211234,15973,1103
5177.125779,2705219000,2705220104,15851,1104
5177.140814,2705230087,2705231196,16055,1109
5177.161848,2705245602,2705246704,15926,1102
5177.173879,2705254670,2705255775,15904,1105
5177.227980,2705294531,2705295640,15991,1109
5177.240001,2705303387,2705304492,15875,1105
5177.252019,2705312237,2705313344,15681,1107
5177.265050,2705323313,2705324422,15956,1109
5177.297105,2705345467,2705346571,15857,1104
5177.309134,2705354313,2705355417,15908,1104
5177.321156,2705363164,2705364277,15960,1113
5177.342189,2705378666,2705379775,15851,1109
5177.354220,2705387519,2705388624,15905,1105
5177.366241,2705396373,2705397483,15957,1110
5177.381274,2705407465,2705408569,15863,1104
5177.417341,2705434047,2705435152,15914,1105
5177.429363,2705442886,2705443995,16056,1109
5177.456415,2705462795,2705463899,15980,1104
5177.468431,2705471653,2705472756,15848,1103
5177.543581,2705527018,2705528122,15909,1104
5177.555603,2705535860,2705536969,15976,1109
5177.567620,2705545112,2705546222,15848,1110
5177.579650,2705554004,2705555111,15885,1107
5177.591671,2705562875,2705563975,15895,1100
5177.603688,2705571731,2705572835,15759,1104
5177.615718,2705580572,2705581676,15819,1104
5177.627740,2705589427,2705590534,15937,1107
5177.639755,2705598292,2705599392,15761,1100
5177.651787,2705607145,2705608249,15859,1104
5177.663809,2705616016,2705617130,15882,1114
5177.675825,2705624897,2705626006,15760,1109
5177.687856,2705633762,2705634867,15865,1105
5177.699879,2705642628,2705643733,15885,1105
5177.711894,2705651489,2705652592,15927,1103
5177.723924,2705660347,2705661451,15907,1104
5177.744963,2705675825,2705676931,16053,1106
5177.756980,2705684685,2705685789,15926,1104
5177.778027,2705700174,2705701277,15986,1103
5177.790049,2705709052,2705710157,15987,1105
5177.802066,2705717910,2705719016,15845,1106
5177.814096,2705726781,2705727885,15908,1104
5177.898255,2705788792,2705789901,15973,1109
5177.928305,2705810970,2705812078,15845,1108
5177.940336,2705819824,2705820928,15905,1104
5177.952357,2705828699,2705829807,15976,1108
5177.985421,2705853058,2705854168,15905,1110
5177.997443,2705861927,2705863031,15975,1104
5178.021490,2705879636,2705880745,15908,1109
5178.033511,2705888502,2705889606,15972,1104
5178.045529,2705897337,2705898448,15841,1111
5178.060563,2705908408,2705909520,15929,1112
5178.072580,2705917270,2705918374,15799,1104
5178.099631,2705937212,2705938325,15847,1113
5178.111662,2705946063,2705947176,15864,1113
5178.123684,2705954919,2705956033,15974,1114
5178.144717,2705970445,2705971548,15926,1103
5178.156749,2705979301,2705980410,15928,1109
5178.192816,2706005870,2706006968,15913,1098
5178.204837,2706014721,2706015826,16053,1105
5178.216855,2706023589,2706024698,15843,1109
5178.228885,2706032450,2706033559,15906,1109
5178.243906,2706043523,2706044630,15844,1107
5178.255936,2706052393,2706053501,15822,1108
5178.273970,2706065669,2706066769,15864,1100
5178.285992,2706074511,2706075620,15989,1109
5178.298008,2706083372,2706084482,15845,1110
5178.322060,2706101106,2706102210,15973,1104
5178.334076,2706109983,2706111091,15786,1108
5178.388180,2706149859,2706150972,15840,1113
5178.400211,2706158722,2706159831,15823,1109
5178.413241,2706169817,2706170926,15884,1109
5178.472348,2706211904,2706213013,15909,1109
5178.484369,2706220763,2706221867,15993,1104
5178.505403,2706236248,2706237353,15844,1105
5178.517433,2706245107,2706246221,15913,1114
5178.529459,2706254330,2706255443,15890,1113
5178.568515,2706282953,2706284054,15761,1101
5178.580552,2706291773,2706292878,15961,1105
5178.592575,2706300621,2706301721,15949,1100
5178.604583,2706309394,2706310497,15689,1103
5178.616616,2706318206,2706319310,15734,1104
5178.628645,2706327015,2706328124,15976,1109
5178.640652,2706335845,2706336952,15647,1107
5178.728833,2706402039,2706403149,15602,1110
5178.793944,2706448296,2706449406,15731,1110
5178.805975,2706457136,2706458210,15652,1074
5178.818005,2706465922,2706467031,15978,1109
5178.830018,2706474723,2706475834,15602,1111
5178.842045,2706483587,2706484691,15828,1104
5178.914180,2706536507,2706537610,15818,1103
5178.926211,2706545322,2706546426,15980,1104
5178.938218,2706554097,2706555195,15603,1098
5178.950249,2706562932,2706564040,15824,1108
5178.977304,2706582799,2706583880,15756,1081
5178.989329,2706591627,2706592731,16031,1104
5179.001338,2706600412,2706601515,15720,1103
5179.013369,2706609232,2706610331,15894,1099
5179.025399,2706618073,2706619173,15966,1100
5179.037407,2706626880,2706627987,15647,1107
5179.052451,2706637897,2706639015,15979,1118
5179.064458,2706646738,2706647841,15684,1103
5179.080997,2706659073,2706660177,15813,1104
5179.145613,2706706648,2706707751,15682,1103
5179.157646,2706715545,2706716655,15744,1110
5179.175683,2706728850,2706729960,15886,1110
5179.187706,2706737752,2706738866,15927,1114
5179.199715,2706746578,2706747684,15684,1106
5179.211746,2706755428,2706756542,15822,1114
5179.223776,2706764288,2706765398,15975,1110
5179.235794,2706773151,2706774256,15951,1105
5179.247815,2706782013,2706783118,15824,1105
5179.259845,2706790831,2706791939,15977,1108
5179.271864,2706799651,2706800760,15942,1109
5179.283883,2706808516,2706809620,15825,1104
5179.295913,2706817332,2706818437,15974,1105
5179.307923,2706826144,2706827252,15710,1108
5179.319952,2706835008,2706836113,15829,1105
5179.331983,2706843846,2706844957,15992,1111
5179.343994,2706852640,2706853746,15726,1106
5179.374061,2706874705,2706875814,15878,1109
5179.386084,2706883551,2706884655,15861,1104
5179.437174,2706920976,2706922081,15818,1105
5179.449206,2706929808,2706930908,15939,1100
5179.464226,2706940785,2706941890,15897,1105
5179.476254,2706949610,2706950721,15953,1111
5179.488264,2706958429,2706959535,15763,1106
5179.500291,2706967277,2706968354,15662,1077
5179.512325,2706976067,2706977171,15962,1104
5179.581450,2707026758,2707027864,15850,1106
5179.599479,2707040038,2707041121,15691,1083
5179.611514,2707048834,2707049943,15913,1109
5179.623530,2707057645,2707058754,15842,1109
5179.641555,2707070880,2707071976,15683,1096
5179.653588,2707079736,2707080841,15825,1105
5179.684651,2707104007,2707105109,15763,1102
5179.701686,2707115032,2707116135,15982,1103
5179.713693,2707123869,2707124977,15757,1108
5179.788842,2707178968,2707180077,15801,1109
5179.800874,2707187841,2707188951,15912,1110
5179.851964,2707225307,2707226421,15901,1114
5179.863994,2707234173,2707235283,15954,1110
5179.876013,2707242994,2707244100,15910,1106
5179.888028,2707251832,2707252909,15552,1077
5179.906067,2707265030,2707266139,15814,1109
5179.918097,2707273885,2707274990,15956,1105
5179.996238,2707331216,2707332321,15819,1105
5180.008268,2707340038,2707341148,15976,1110
5180.020281,2707348822,2707349928,15598,1106
5180.041324,2707364240,2707365349,15822,1109
5180.053354,2707373097,2707374202,15962,1105
5180.101430,2707408371,2707409474,15685,1103
5180.113461,2707417196,2707418310,15811,1114
5180.125491,2707426068,2707427178,15939,1110
5180.161560,2707452472,2707453577,16057,1105
5180.173580,2707461293,2707462393,15955,1100
5180.204632,2707485565,2707486670,15980,1105
5180.239701,2707509842,2707510946,15816,1104
5180.251731,2707518675,2707519774,15916,1099
5180.263750,2707527483,2707528588,15851,1105
5180.275769,2707536346,2707537448,15842,1102
5180.287798,2707545203,2707546307,15946,1104
5180.299807,2707553980,2707555081,15687,1101
5180.311838,2707562807,2707563911,15825,1104
5180.323869,2707571643,2707572747,15989,1104
5180.335876,2707580427,2707581533,15682,1106
5180.347902,2707589271,2707590345,15614,1074
5180.365947,2707602429,2707603538,15878,1109
5180.377970,2707611268,2707612373,15943,1105
5180.420040,2707642088,2707643197,15812,1109
5180.432074,2707650933,2707652043,15979,1110
5180.444082,2707659719,2707660822,15680,1103
5180.462116,2707672962,2707674060,15759,1098
5180.474147,2707681830,2707682928,15839,1098
5180.522246,2707717067,2707718176,15993,1109
5180.534253,2707725865,2707726972,15682,1107
5180.552288,2707739071,2707740176,15640,1105
5180.564326,2707747910,2707748988,15749,1078
5180.579339,2707758916,2707760012,15677,1096
5180.589878,2707767042,2707768156,16004,1114
5180.601887,2707775898,2707777005,15719,1107
5180.613920,2707784748,2707785848,15818,1100
5180.631947,2707797981,2707799087,15901,1106
5180.643977,2707806785,2707807890,15981,1105
5180.655985,2707815566,2707816667,15683,1101
5180.668016,2707824413,2707825522,15845,1109
5180.680049,2707833282,2707834393,15871,1111
5180.692053,2707842098,2707843206,15605,1108
5180.704084,2707850957,2707852061,15744,1104
5180.716112,2707859751,2707860860,15911,1109
5180.737139,2707875201,2707876299,15682,1098
5180.749170,2707884065,2707885173,15833,1108
5180.761200,2707892922,2707894031,16040,1109
5180.839341,2707950198,2707951302,15901,1104
5180.851372,2707959015,2707960124,15983,1109
5180.863385,2707967801,2707968909,15599,1108
5180.876424,2707978879,2707979979,15872,1100
5180.905475,2707998708,2707999812,16062,1104
5180.917494,2708007537,2708008646,15961,1109
5180.947548,2708029575,2708030684,15827,1109
5180.959577,2708038436,2708039544,15962,1108
5180.971596,2708047253,2708048358,15942,1105
5180.983616,2708056118,2708057223,15830,1105
5180.995646,2708064937,2708066047,15981,1110
5181.007653,2708073730,2708074841,15765,1111
5181.019685,2708082592,2708083698,15849,1106
5181.031715,2708091403,2708092512,16055,1109
5181.043722,2708100199,2708101290,15722,1091
5181.055753,2708109027,2708110132,15830,1105
5181.067784,2708117852,2708118956,15989,1104
5181.079803,2708126685,2708127789,15850,1104
5181.091821,2708135523,2708136629,15827,1106
5181.103852,2708144379,2708145482,15964,1103
5181.115872,2708153220,2708154320,15958,1100
5181.127891,2708162036,2708163141,15829,1105
5181.139921,2708170856,2708171957,15983,1101
5181.151928,2708179638,2708180739,15686,1101
5181.163959,2708188494,2708189599,15932,1105
5181.175989,2708197292,2708198400,15989,1108
5181.194023,2708210575,2708211680,16056,1105
5181.206031,2708219366,2708220464,15687,1098
5181.257143,2708256864,2708257974,15958,1110
5181.269151,2708265652,2708266750,15643,1098
5181.281181,2708274457,2708275562,15824,1105
5181.293212,2708283499,2708284608,15959,1109
5181.305220,2708292291,2708293394,15605,1103
5181.384383,2708351832,2708352929,15682,1097
5181.449494,2708398135,2708399242,15682,1107
5181.461521,2708406977,2708408085,15809,1108
5181.473555,2708415825,2708416934,15962,1109
5181.488576,2708426854,2708427963,15818,1109
5181.500607,2708435844,2708436948,15957,1104
5181.545692,2708468892,2708469997,15977,1105
5181.557705,2708477696,2708478806,15686,1110
5181.593768,2708504103,2708505208,15760,1105
5181.605807,2708512960,2708514069,15994,1109
5181.617829,2708521810,2708522919,15949,1109
5181.641867,2708539404,2708540512,15820,1108
5181.653898,2708548258,2708549371,15912,1113
5181.695970,2708579131,2708580242,15823,1111
5181.708000,2708588187,2708589295,15919,1108
5181.720019,2708597066,2708598171,15855,1105
5181.741056,2708612512,2708613620,15821,1108
5181.753086,2708621346,2708622445,15957,1099
5181.801167,2708656568,2708657670,15814,1102
5181.813193,2708665436,2708666550,15885,1114
5181.897361,2708727171,2708728275,15982,1104
5181.909381,2708736136,2708737240,15958,1104
5182.005564,2708806572,2708807680,15947,1108
5182.017574,2708815395,2708816498,15604,1103
5182.032618,2708826422,2708827531,15974,1109
5182.056652,2708844030,2708845134,15891,1104
5182.068687,2708852887,2708853997,16041,1110
5182.096738,2708874928,2708876025,15759,1097
5182.108334,2708884096,2708885206,15841,1110
5182.124284,2708894245,2708895359,15886,1114
5182.136315,2708903113,2708904221,15956,1108
5182.148334,2708911929,2708913034,15939,1105
5182.224473,2708969229,2708970336,15978,1107
5182.247522,2708984692,2708985797,15937,1105
5182.259542,2708993557,2708994662,15824,1105
5182.283580,2709011171,2709012274,15758,1103
5182.295606,2709020015,2709021092,15615,1077
5182.307640,2709028789,2709029898,15985,1109
5182.319659,2709037638,2709038744,15940,1106
5182.331680,2709046491,2709047600,15829,1109
5182.343710,2709055317,2709056421,15929,1104
5182.355729,2709064132,2709065236,15954,1104
5182.367748,2709072986,2709074086,15796,1100
5182.379778,2709081797,2709082902,15971,1105
5182.391797,2709090610,2709091715,15944,1105
5182.409820,2709103845,2709104942,15680,1097
5182.421851,2709112656,2709113759,15818,1103
5182.448910,2709132512,2709133616,15904,1104
5182.463934,2709143584,2709144693,15940,1109
5182.509009,2709176670,2709177772,15683,1102
5182.521041,2709185496,2709186596,15825,1100
5182.533070,2709194376,2709195480,15964,1104
5182.549099,2709207623,2709208732,16045,1109
5182.569138,2709220914,2709222019,15961,1105
5182.581157,2709229731,2709230840,15938,1109
5182.602190,2709245194,2709246303,15814,1109
5182.614224,2709254050,2709255159,15969,1109
5182.629245,2709265069,2709266169,15906,1100
5182.656297,2709284927,2709286032,15927,1105
5182.668326,2709293780,2709294884,16023,1104
5182.719417,2709331277,2709332380,15820,1103
5182.731447,2709340135,2709341243,15958,1108
5182.743465,2709348951,2709350065,15939,1114
5182.755486,2709357815,2709358915,15827,1100
5182.767516,2709366665,2709367778,15961,1113
5182.785550,2709379946,2709381050,15953,1104
5182.797567,2709388798,2709389907,15841,1109
5182.857686,2709432961,2709434066,15946,1105
5182.869694,2709441760,2709442867,15683,1107
5182.908777,2709470485,2709471589,15816,1104
5182.920807,2709479315,2709480425,15956,1110
5182.932826,2709488172,2709489277,15853,1105
5182.960888,2709510210,2709511317,15798,1107
5183.050050,2709574216,2709575325,15953,1109
5183.062068,2709583074,2709584179,15844,1105
5183.080103,2709596342,2709597453,15844,1111
5183.092132,2709605206,2709606309,15951,1103
5183.104151,2709614034,2709615139,16019,1105
5183.128202,2709631715,2709632824,16061,1109
5183.140220,2709640559,2709641663,15940,1104
5183.152240,2709649402,2709650508,15744,1106
5183.164270,2709658226,2709659331,15958,1105
5183.176289,2709667029,2709668135,15941,1106
5183.188309,2709675890,2709676985,15744,1095
5183.200339,2709684743,2709685847,15942,1104
5183.239403,2709713399,2709714509,15718,1110
5183.251428,2709722232,2709723337,15833,1105
5183.263459,2709731067,2709732172,15960,1105
5183.275477,2709739885,2709740990,15940,1105
5183.287498,2709748746,2709749855,15914,1109
5183.299528,2709757620,2709758725,15948,1105
5183.311546,2709766445,2709767549,15946,1104
5183.323561,2709775297,2709776373,15611,1076
5183.335597,2709784140,2709785245,16005,1105
5183.347614,2709792964,2709794068,16020,1104
5183.359634,2709801800,2709802909,15929,1109
5183.380680,2709817301,2709818411,16025,1110
5183.392699,2709826115,2709827221,15929,1106
5183.464837,2709879170,2709880279,15942,1109
5183.476856,2709887984,2709889084,15806,1100
5183.500906,2709905711,2709906817,16025,1106
5183.515939,2709916785,2709917889,15959,1104
5183.527957,2709925601,2709926706,16019,1105
5183.538485,2709931305,2709932142,14551,837
5183.552009,2709937686,2709938305,12054,619
5183.565535,2709943452,2709944602,15990,1150
5183.577552,2709952692,2709953850,16304,1158
5183.589579,2709962028,2709963188,16319,1160
5183.601601,2709971447,2709972634,16321,1187
5183.616623,2709983178,2709984367,16321,1189
5183.628334,2709993382,2709994579,16365,1197
5183.640671,2710002900,2710004089,16163,1189
5183.652694,2710012383,2710013547,16244,1164
5183.679746,2710033619,2710034807,16269,1188
5183.691773,2710043109,2710044298,16334,1189
5183.703792,2710052610,2710053804,16347,1194
5183.715812,2710062088,2710063277,16241,1189
5183.727842,2710071578,2710072767,16318,1189
5183.739859,2710080977,2710082139,16330,1162
5183.751880,2710090445,2710091609,16243,1164
5183.763910,2710099873,2710101038,16363,1165
5183.775929,2710109211,2710110380,16356,1169
5183.787957,2710118662,2710119824,16207,1162
5183.799979,2710128134,2710129332,16449,1198
5183.811998,2710137625,2710138818,16348,1193
5183.824018,2710147139,2710148309,16247,1170
5183.836047,2710156595,2710157784,16360,1189
5183.848067,2710166072,2710167261,16361,1189
5183.860086,2710175542,2710176702,16248,1160
5183.872116,2710185000,2710186193,16372,1193
5183.884132,2710194456,2710195645,16328,1189
5183.896155,2710203924,2710205088,16244,1164
5183.908185,2710213358,2710214547,16373,1189
5183.920202,2710222813,2710224007,16337,1194
5183.932224,2710232268,2710233454,16244,1186
5183.944253,2710241711,2710242895,16354,1184
5183.956274,2710251194,2710252385,16278,1191
5183.968293,2710260660,2710261851,16158,1191
5183.980322,2710270144,2710271337,16274,1193
5184.043442,2710319858,2710321017,16395,1159
5184.056967,2710328630,2710329739,16026,1109
5184.068984,2710337511,2710338620,15895,1109
5184.084018,2710348589,2710349700,15944,1111
5184.096038,2710357403,2710358511,15951,1108
5184.108058,2710366249,2710367358,15838,1109
5184.120088,2710375114,2710376223,15958,1109
5184.132107,2710383924,2710385030,15858,1106
5184.144122,2710392772,2710393847,15539,1075
5184.157159,2710403796,2710404905,16024,1109
5184.169187,2710412675,2710413780,15829,1105
5184.186208,2710423725,2710424829,15865,1104
5184.198225,2710432617,2710433697,15635,1080
5184.210262,2710441482,2710442596,16011,1114
5184.220328,2710450347,2710451454,15922,1107
5184.240310,2710463608,2710464723,15961,1115
5184.252328,2710472517,2710473595,15615,1078
5184.264363,2710481348,2710482456,16084,1108
5184.276381,2710490196,2710491305,16028,1109
5184.288401,2710499036,2710500144,15853,1108
5184.303431,2710510067,2710511181,15927,1114
5184.315448,2710518932,2710520006,15661,1074
5184.327482,2710527760,2710528864,15975,1104
5184.339498,2710536597,2710537703,16037,1106
5184.351516,2710545426,2710546504,15614,1078
5184.363551,2710554276,2710555386,15874,1110
5184.375568,2710563127,2710564235,15841,1108
5184.387590,2710571982,2710573086,15850,1104
5184.399620,2710580840,2710581945,15964,1105
5184.411636,2710589659,2710590765,15933,1106
5184.423653,2710598520,2710599599,15623,1079
5184.435686,2710607301,2710608404,15990,1103
5184.447705,2710616121,2710617232,15841,1111
5184.459722,2710624957,2710626036,15619,1079
5184.471758,2710633745,2710634848,16087,1103
5184.483773,2710642563,2710643671,15861,1108
5184.495790,2710651417,2710652495,15635,1078
5184.507827,2710660224,2710661328,16090,1104
5184.519842,2710669036,2710670139,15931,1103
5184.531872,2710677871,2710678949,15834,1078
5184.543894,2710686671,2710687776,16082,1105
5184.555910,2710695464,2710696573,16005,1109
5184.567928,2710704314,2710705392,15660,1078
5184.579963,2710713106,2710714207,16169,1101
5184.591981,2710721978,2710723084,15944,1106
5184.603997,2710730798,2710731873,15537,1075
5184.616032,2710739590,2710740698,16090,1108
5184.628048,2710748426,2710749532,15839,1106
5184.640065,2710757225,2710758305,15613,1080
5184.652100,2710766003,2710767111,16083,1108
5184.664117,2710774826,2710775934,16008,1108
5184.676138,2710783661,2710784770,15840,1109
5184.688168,2710792518,2710793631,15944,1113
5184.700188,2710801363,2710802468,16083,1105
5184.712202,2710810192,2710811267,15615,1075
5184.724238,2710818976,2710820080,16025,1104
5184.736256,2710827814,2710828923,15950,1109
5184.748270,2710836676,2710837754,15615,1078
5184.760306,2710845462,2710846568,15995,1106
5184.772322,2710854313,2710855417,15929,1104
5184.787356,2710865340,2710866456,15935,1116
5184.799374,2710874183,2710875292,15942,1109
5184.811391,2710882978,2710884058,15624,1080
5184.823426,2710891779,2710892889,16086,1110
5184.835441,2710900611,2710901716,15870,1105
5184.847459,2710909418,2710910496,15619,1078
5184.865494,2710922608,2710923683,15619,1075
5184.877528,2710931431,2710932541,15959,1110
5184.889547,2710940300,2710941411,16022,1111
5184.901563,2710949128,2710950205,15621,1077
5184.932637,2710973295,2710974408,15950,1113
5184.967701,2710997566,2710998669,16085,1103
5184.979717,2711006404,2711007513,15779,1109
5184.991734,2711015255,2711016333,15635,1078
5185.036820,2711048307,2711049385,15684,1078
5185.048855,2711057087,2711058191,16088,1104
5185.060871,2711065914,2711067023,15968,1109
5185.072888,2711074734,2711075817,15617,1083
5185.096940,2711092409,2711093519,15945,1110
5185.108957,2711101293,2711102371,15624,1078
5185.130006,2711116687,2711117796,15996,1109
5185.142025,2711125517,2711126622,15927,1105
5185.154045,2711134749,2711135822,15596,1073
5185.169077,2711145763,2711146866,15929,1103
5185.181099,2711154631,2711155737,15836,1106
5185.193129,2711163459,2711164563,16169,1104
5185.205145,2711172287,2711173390,16009,1103
5185.217169,2711181133,2711182242,15916,1109
5185.229195,2711189966,2711191069,15997,1103
5185.241214,2711198789,2711199893,15983,1104
5185.253231,2711207622,2711208699,15613,1077
5185.265266,2711216473,2711217582,15969,1109
5185.289300,2711234148,2711235226,15703,1078
5185.301335,2711242939,2711244046,16092,1107
5185.313353,2711251782,2711252889,15942,1107
5185.325381,2711260612,2711261686,15832,1074
5185.337403,2711269424,2711270532,15965,1108
5185.349421,2711278278,2711279388,15943,1110
5185.361437,2711287097,2711288170,15624,1073
5185.373473,2711295883,2711296991,16131,1108
5185.388488,2711306987,2711308064,15659,1077
5185.415540,2711326822,2711327902,15621,1080
5185.427574,2711335644,2711336749,16051,1105
5185.439593,2711344498,2711345612,15901,1114
5185.451608,2711353352,2711354426,15623,1074
5185.463644,2711362134,2711363236,16087,1102
5185.475660,2711370950,2711372064,15860,1114
5185.488692,2711382037,2711383151,15943,1114
5185.517748,2711401915,2711403025,16170,1110
5185.529762,2711410755,2711411869,15961,1114
5185.544798,2711421770,2711422874,16168,1104
5185.556814,2711430587,2711431698,16007,1111
5185.580864,2711448241,2711449346,15936,1105
5185.592883,2711457096,2711458205,15899,1109
5185.619934,2711476941,2711478047,15924,1106
5185.631956,2711485796,2711486900,15814,1104
5185.643987,2711494625,2711495728,16088,1103
5185.656002,2711503436,2711504545,15923,1109
5185.668020,2711512260,2711513338,15621,1078
5185.689073,2711527675,2711528785,16082,1110
5185.701089,2711536467,2711537570,15930,1103
5185.722135,2711551907,2711553022,15913,1115
5185.734157,2711560763,2711561867,15963,1104
5185.749174,2711571804,2711572882,15619,1078
5185.761210,2711580578,2711581686,16083,1108
5185.788262,2711600434,2711601542,16094,1108
5185.800277,2711609273,2711610382,15931,1109
5185.812297,2711618116,2711619190,15640,1074
5185.824327,2711626918,2711628023,15998,1105
5185.836346,2711635743,2711636845,15902,1102
5185.863397,2711655603,2711656712,15943,1109
5185.875419,2711664423,2711665528,15866,1105
5185.887450,2711673241,2711674342,16085,1101
5185.899466,2711682017,2711683131,15880,1114
5185.911485,2711690857,2711691931,15561,1074
5185.923516,2711699635,2711700739,15998,1104
5185.935534,2711708461,2711709560,15895,1099
5185.947552,2711717270,2711718343,15620,1073
5185.965586,2711730485,2711731559,15612,1074
5185.977619,2711739308,2711740417,15929,1109
5185.992638,2711750323,2711751401,15621,1078
5186.004673,2711759126,2711760228,16086,1102
5186.031725,2711778948,2711780051,16086,1103
5186.043740,2711787783,2711788894,15932,1111
5186.055758,2711796609,2711797688,15615,1079
5186.088826,2711820871,2711821982,15941,1111
5186.100843,2711829696,2711830774,15625,1078
5186.112879,2711838488,2711839597,16087,1109
5186.127899,2711849518,2711850627,15829,1109
5186.151946,2711867162,2711868271,15930,1109
5186.163963,2711876028,2711877103,15619,1075
5186.175996,2711884853,2711885958,15924,1105
5186.188016,2711893680,2711894793,15943,1113
5186.200037,2711902505,2711903614,15838,1109
5186.212067,2711911357,2711912461,16087,1104
5186.224082,2711920186,2711921296,15959,1110
5186.236100,2711929023,2711930106,15534,1083
5186.248135,2711937823,2711938931,15999,1108
5186.260152,2711946636,2711947745,15931,1109
5186.317268,2711988536,2711989614,15835,1078
5186.329290,2711997322,2711998426,16080,1104
5186.341306,2712006122,2712007227,15924,1105
5186.353323,2712014949,2712016021,15635,1072
5186.365358,2712023725,2712024829,16036,1104
5186.380375,2712034751,2712035829,15631,1078
5186.404426,2712052348,2712053461,15928,1113
5186.416456,2712061215,2712062293,15756,1078
5186.431478,2712072218,2712073323,15929,1105
5186.443499,2712081051,2712082156,15835,1105
5186.455530,2712089912,2712091026,15961,1114
5186.467546,2712098757,2712099860,15847,1103
5186.485580,2712112010,2712113114,16003,1104
5186.497598,2712120821,2712121899,15655,1078
5186.545702,2712156091,2712157195,16095,1104
5186.557718,2712164917,2712166026,15926,1109
5186.611821,2712204666,2712205775,15927,1109
5186.623838,2712213504,2712214578,15591,1074
5186.635874,2712222301,2712223413,16048,1112
5186.647889,2712231140,2712232248,15921,1108
5186.659906,2712239974,2712241052,15619,1078
5186.671940,2712249203,2712250310,15849,1107
5186.683958,2712258045,2712259157,16023,1112
5186.695975,2712266876,2712267950,15699,1074
5186.708011,2712275675,2712276779,16173,1104
5186.720025,2712284511,2712285623,15963,1112
5186.732044,2712293351,2712294428,15623,1077
5186.744079,2712302127,2712303229,16088,1102
5186.762113,2712315294,2712316391,16167,1097
5186.774133,2712324138,2712325242,15951,1104
5186.786146,2712332966,2712334044,15622,1078
5186.798182,2712341741,2712342848,16079,1107
5186.816213,2712354974,2712356085,15993,1111
5186.828232,2712363825,2712364934,15884,1109
5186.840249,2712372654,2712373729,15539,1075
5186.852285,2712381440,2712382547,16085,1107
5186.868327,2712394685,2712395800,15931,1115
5186.888353,2712407920,2712409030,16088,1110
5186.900369,2712416760,2712417863,15928,1103
5186.912399,2712425568,2712426641,15756,1073
5186.972508,2712469642,2712470750,15916,1108
5186.984524,2712478472,2712479550,15632,1078
5186.996559,2712487271,2712488373,16171,1102
5187.020592,2712504919,2712505996,15615,1077
5187.035627,2712515920,2712517030,15923,1110
5187.047644,2712524744,2712525827,15696,1083
5187.059679,2712533555,2712534658,16172,1103
5187.071697,2712542422,2712543531,15944,1109
5187.083715,2712551256,2712552334,15623,1078
5187.095748,2712560040,2712561143,16087,1103
5187.107764,2712568854,2712569963,15931,1109
5187.125798,2712582077,2712583182,15928,1105
5187.137815,2712590931,2712592015,15698,1084
5187.176902,2712619638,2712620745,16091,1107
5187.188918,2712628478,2712629583,16010,1105
5187.209965,2712643890,2712644973,15757,1083
5187.221988,2712652680,2712653787,16087,1107
5187.234004,2712661520,2712662615,15927,1095
5187.246022,2712670354,2712671432,15621,1078
5187.258055,2712679181,2712680295,15955,1114
5187.273073,2712690259,2712691334,15624,1075
5187.285108,2712699057,2712700165,16093,1108
5187.369263,2712760764,2712761875,15945,1111
5187.381278,2712769606,2712770684,15537,1078
5187.393313,2712778431,2712779539,15960,1108
5187.405330,2712787240,2712788344,15930,1104
5187.436394,2712811485,2712812589,16164,1104
5187.456434,2712824713,2712825820,16087,1107
5187.468451,2712833560,2712834668,15943,1108
5187.495501,2712853446,2712854554,16007,1108
5187.507531,2712862314,2712863392,15762,1078
5187.519554,2712871092,2712872195,16167,1103
5187.531569,2712879922,2712881036,16008,1114
5187.543587,2712888754,2712889832,15695,1078
5187.555622,2712897563,2712898666,16146,1103
5187.567639,2712906429,2712907528,15941,1099
5187.585675,2712919661,2712920767,16024,1106
5187.597690,2712928477,2712929555,15699,1078
5187.609722,2712937278,2712938386,16074,1108
5187.621741,2712946103,2712947208,15932,1105
5187.648793,2712965931,2712967036,15927,1105
5187.660814,2712974763,2712975872,15851,1109
5187.672846,2712983590,2712984703,16092,1113
5187.687861,2712994637,2712995715,15620,1078
5187.699897,2713003431,2713004540,16083,1109
5187.711911,2713012468,2713013573,15963,1105
5187.756999,2713045510,2713046619,15866,1109
5187.769015,2713054358,2713055434,15633,1076
5187.781051,2713063140,2713064239,16003,1099
5187.820119,2713091806,2713092916,15928,1110
5187.832135,2713100636,2713101711,15616,1075
5187.844172,2713109427,2713110531,16092,1104
5187.856187,2713118245,2713119354,15866,1109
5187.869219,2713129298,2713130409,16090,1111
5187.907289,2713155743,2713156851,15997,1108
5187.920328,2713166782,2713167864,15616,1082
5187.973410,2713204307,2713205411,15934,1104
5187.985427,2713213124,2713214196,15695,1072
5188.024515,2713241722,2713242829,16095,1107
5188.036530,2713250546,2713251656,15929,1110
5188.060581,2713268153,2713269257,15936,1104
5188.072598,2713277000,2713278109,15943,1109
5188.105666,2713301276,2713302385,16001,1109
5188.117684,2713310095,2713311204,16008,1109
5188.129706,2713318929,2713320040,15893,1111
5188.141737,2713327804,2713328909,16048,1105
5188.153753,2713336659,2713337769,15932,1110
5188.168788,2713347712,2713348818,15968,1106
5188.180333,2713356965,2713358079,15935,1114
5188.201851,2713372444,2713373554,15910,1110
5188.213874,2713381294,2713382399,15882,1105
5188.225892,2713390147,2713391247,15860,1100
5188.240925,2713401211,2713402316,15970,1105
5188.261961,2713416696,2713417799,15948,1103
5188.273982,2713425541,2713426646,15828,1105
5188.349129,2713480813,2713481890,15790,1077
5188.361146,2713489598,2713490697,15934,1099
5188.373165,2713498408,2713499512,15829,1104
5188.451319,2713555733,2713556844,15851,1111
5188.463337,2713564575,2713565676,15591,1101
5188.475368,2713573407,2713574511,15965,1104
5188.487387,2713582229,2713583328,15966,1099
5188.508424,2713597605,2713598711,15623,1106
5188.520453,2713606438,2713607544,15956,1106
5188.559527,2713635133,2713636238,15945,1105
5188.571543,2713643953,2713645061,15671,1108
5188.583573,2713652783,2713653881,15954,1098
5188.595594,2713661639,2713662744,15939,1105
5188.616632,2713677068,2713678172,15824,1104
5188.628660,2713685896,2713686969,15806,1073
5188.664731,2713712330,2713713439,16047,1109
5188.676749,2713721195,2713722300,16013,1105
5188.688769,2713730030,2713731134,15821,1104
5188.700798,2713738891,2713739997,16044,1106
5188.712816,2713747707,2713748816,16050,1109
5188.724835,2713756538,2713757634,15665,1096
5188.736864,2713765358,2713766463,16029,1105
5188.772933,2713791805,2713792914,15956,1109
5188.784953,2713800622,2713801727,16004,1105
5188.809001,2713818230,2713819329,15952,1099
5188.821021,2713827043,2713828152,15963,1109
5188.873123,2713866687,2713867792,15963,1105
5188.893159,2713879952,2713881056,15957,1104
5188.905178,2713888746,2713889844,15586,1098
5188.977315,2713941652,2713942750,15627,1098
5188.989344,2713950467,2713951572,15945,1105
5189.001367,2713959292,2713960398,16030,1106
5189.013384,2713968076,2713969179,15708,1103
5189.025413,2713976892,2713978005,16032,1113
5189.037433,2713985718,2713986827,16038,1109
5189.080517,2714018834,2714019937,15970,1103
5189.097553,2714029915,2714031020,15967,1105
5189.109570,2714038730,2714039844,15961,1114
5189.157658,2714074010,2714075116,15592,1106
5189.169687,2714082834,2714083939,15947,1105
5189.181708,2714091659,2714092768,15966,1109
5189.193735,2714100438,2714101546,15707,1108
5189.223793,2714122459,2714123536,15858,1077
5189.235811,2714131246,2714132351,15969,1105
5189.247832,2714140079,2714141184,15832,1105
5189.265863,2714153305,2714154405,15669,1100
5189.277897,2714162192,2714163310,15912,1118
5189.292924,2714173319,2714174432,15904,1113
5189.304945,2714182263,2714183374,15904,1111
5189.316970,2714191153,2714192262,15979,1109
5189.398122,2714250782,2714251887,15946,1105
5189.410138,2714259570,2714260676,15636,1106
5189.422170,2714268414,2714269524,15958,1110
5189.437199,2714279527,2714280638,15905,1111
5189.500309,2714326099,2714327206,15637,1107
5189.512338,2714335097,2714336201,15849,1104
5189.524359,2714343916,2714345029,15964,1113
5189.536381,2714352758,2714353872,15835,1114
5189.605513,2714403489,2714404593,15961,1104
5189.617533,2714412278,2714413383,15628,1105
5189.692685,2714467401,2714468510,16002,1109
5189.704704,2714476661,2714477775,16020,1114
5189.719733,2714487726,2714488840,15859,1114
5189.731754,2714496552,2714497652,15917,1100
5189.743775,2714505359,2714506468,15826,1109
5189.755802,2714514197,2714515297,15947,1100
5189.767822,2714522993,2714524101,15964,1108
5189.815909,2714558260,2714559359,15624,1099
5189.827942,2714567086,2714568163,15811,1077
5189.839959,2714575851,2714576956,15857,1105
5189.851978,2714584673,2714585774,15515,1101
5189.864007,2714593508,2714594612,15951,1104
5189.876030,2714602357,2714603467,15943,1110
5189.894065,2714615608,2714616713,15944,1105
5189.906081,2714624378,2714625480,15628,1102
5189.921114,2714635402,2714636511,16043,1109
5189.933132,2714644206,2714645316,15627,1110
5189.945166,2714653048,2714654157,15961,1109
5190.032321,2714716913,2714718002,15623,1089
5190.044356,2714725742,2714726820,15808,1078
5190.056371,2714734536,2714735641,15921,1105
5190.116488,2714778551,2714779659,16029,1108
5190.128508,2714787381,2714788490,16045,1109
5190.161574,2714811627,2714812736,15948,1109
5190.173594,2714820442,2714821556,15961,1114
5190.236714,2714866757,2714867861,15852,1104
5190.248736,2714875620,2714876722,15826,1102
5190.263766,2714886647,2714887756,16046,1109
5190.287817,2714904256,2714905365,16075,1109
5190.299834,2714913096,2714914201,15968,1105
5190.311853,2714921887,2714922999,15627,1112
5190.323882,2714930689,2714931789,15955,1100
5190.335903,2714939517,2714940621,15851,1104
5190.347922,2714948365,2714949471,15591,1106
5190.359955,2714957219,2714958328,15967,1109
5190.371972,2714966052,2714967154,15877,1102
5190.383998,2714974832,2714975935,15631,1103
5190.396019,2714983649,2714984758,15864,1109
5190.408040,2714992444,2714993549,15967,1105
5190.426074,2715005640,2715006749,15959,1109
5190.438096,2715014451,2715015560,15828,1109
5190.462143,2715032115,2715033222,15921,1107
5190.474162,2715040908,2715042015,15631,1107
5190.528264,2715080528,2715081630,15703,1102
5190.540298,2715089386,2715090495,15875,1109
5190.552314,2715098209,2715099313,16046,1104
5190.567345,2715109212,2715110319,16027,1107
5190.664533,2715181932,2715183037,15950,1105
5190.732657,2715230424,2715231528,15931,1104
5190.744676,2715239268,2715240374,15512,1106
5190.756705,2715248085,2715249190,15862,1105
5190.768726,2715256922,2715258022,15962,1100
5190.780752,2715265755,2715266861,15674,1106
5190.792774,2715274583,2715275692,16034,1109
5190.804794,2715283424,2715284529,16045,1105
5190.816813,2715292236,2715293340,15698,1104
5190.855894,2715320912,2715322019,15956,1107
5190.867914,2715329729,2715330838,15958,1109
5190.879941,2715338526,2715339626,15715,1100
5190.897968,2715351744,2715352840,15701,1096
5190.909997,2715360575,2715361684,16035,1109
5190.925019,2715371599,2715372700,15593,1101
5190.937052,2715380450,2715381555,15960,1105
5190.952070,2715391474,2715392576,15664,1102
5190.964104,2715400323,2715401423,15967,1100
5190.982137,2715413544,2715414651,16071,1107
5191.048257,2715462060,2715463157,16043,1097
5191.060279,2715470858,2715471967,15906,1109
5191.072307,2715479676,2715480759,15811,1083
5191.084329,2715488466,2715489571,15955,1105
5191.096345,2715497262,2715498365,15626,1103
5191.111378,2715508298,2715509403,15967,1105
5191.123396,2715517078,2715518186,15627,1108
5191.135430,2715525922,2715527033,15967,1111
5191.147449,2715534799,2715535903,15932,1104
5191.168482,2715550204,2715551310,15625,1106
5191.180515,2715559021,2715560126,15993,1105
5191.195533,2715570031,2715571132,15623,1101
5191.206059,2715577970,2715579076,15890,1106
5191.218083,2715586814,2715587921,15856,1107
5191.230108,2715595639,2715596748,15994,1109
5191.242126,2715604450,2715605559,15968,1109
5191.254145,2715613226,2715614333,15629,1107
5191.266174,2715622043,2715623154,15953,1111
5191.278195,2715630856,2715631965,15853,1109
5191.305246,2715650697,2715651806,15966,1109
5191.317267,2715659507,2715660618,15629,1111
5191.347328,2715681534,2715682627,16033,1093
5191.359349,2715690348,2715691458,16049,1110
5191.371368,2715699133,2715700234,15707,1101
5191.383401,2715707971,2715709080,15968,1109
5191.395417,2715716796,2715717896,15965,1100
5191.416454,2715732204,2715733315,15626,1111
5191.428486,2715741042,2715742147,16082,1105
5191.521658,2715809340,2715810449,15963,1109
5191.533677,2715818130,2715819235,15631,1105
5191.551711,2715831345,2715832456,15706,1111
5191.563740,2715840183,2715841287,15947,1104
5191.575761,2715849003,2715850107,15770,1104
5191.593795,2715862251,2715863360,15967,1109
5191.605814,2715871084,2715872185,15597,1101
5191.629866,2715888757,2715889857,15950,1100
5191.641882,2715897551,2715898654,15627,1103
5191.709018,2715948262,2715949367,15939,1105
5191.733068,2715965866,2715966971,15948,1105
5191.756103,2715981280,2715982385,15962,1105
5191.768123,2715990165,2715991262,15628,1097
5191.780156,2715998993,2716000101,16050,1108
5191.792172,2716007818,2716008918,15980,1100
5191.804191,2716016607,2716017709,15710,1102
5191.816220,2716025426,2716026535,15954,1109
5191.828244,2716034251,2716035353,15956,1102
5191.840260,2716043034,2716044134,15634,1100
5191.852289,2716051853,2716052956,15955,1103
5191.879345,2716071739,2716072848,15967,1109
5191.891362,2716080597,2716081699,15892,1102
5191.903380,2716089374,2716090476,15629,1102
5191.951477,2716124645,2716125750,15944,1105
5191.963498,2716133497,2716134601,15965,1104
5191.975520,2716142326,2716143435,15827,1109
5191.987552,2716151176,2716152249,15814,1073
5191.999566,2716159949,2716161058,16006,1109
5192.011585,2716168749,2716169851,15704,1102
5192.023618,2716177562,2716178670,16078,1108
5192.035635,2716186384,2716187488,15975,1104
5192.047654,2716195171,2716196285,15637,1114
5192.059683,2716203999,2716205104,15959,1105
5192.071706,2716212810,2716213915,15857,1105
5192.083722,2716221634,2716222731,15589,1097
5192.095752,2716230459,2716231572,15953,1113
5192.107773,2716239285,2716240388,15966,1103
5192.119799,2716248099,2716249202,15674,1103
5192.137826,2716261322,2716262425,15631,1103
5192.149855,2716270114,2716271227,15951,1113
5192.164880,2716281174,2716282282,15826,1108
5192.176913,2716290041,2716291146,16010,1105
5192.240027,2716336296,2716337405,15958,1109
5192.252047,2716345122,2716346231,15970,1109
5192.264066,2716353905,2716355010,15532,1105
5192.282100,2716367170,2716368273,15596,1103
5192.294129,2716375972,2716377075,16037,1103
5192.306150,2716384779,2716385884,16050,1105
5192.330198,2716402401,2716403500,15953,1099
5192.342220,2716411245,2716412354,15945,1109
5192.354237,2716420050,2716421157,15623,1107
5192.366266,2716428871,2716429980,16027,1109
5192.378288,2716437744,2716438844,16016,1100
5192.388327,2716446554,2716447661,15707,1107
5192.489494,2716519235,2716520337,15627,1102
5192.501524,2716528055,2716529169,15949,1114
5192.585681,2716589751,2716590856,15970,1105
5192.597701,2716598611,2716599721,15628,1110
5192.693888,2716669195,2716670306,15938,1111
5192.705906,2716678007,2716679118,15668,1111
5192.728332,2716689563,2716690170,12021,607
5192.740334,2716694185,2716694806,12269,621
5192.754008,2716702552,2716703711,16394,1159
5192.766024,2716711813,2716713007,16262,1194
5192.778053,2716721242,2716722405,16314,1163
5192.790076,2716730673,2716731861,16391,1188
5192.802093,2716740080,2716741269,16246,1189
5192.841172,2716770693,2716771858,16314,1165
5192.853193,2716780122,2716781307,16370,1185
5192.904292,2716820198,2716821387,16311,1189
5192.916314,2716829667,2716830856,16379,1189
5192.928331,2716839119,2716840308,16268,1189
5192.944373,2716853353,2716854529,16258,1176
5192.976429,2716877015,2716878208,16312,1193
5192.988452,2716886474,2716887663,16341,1189
5193.000469,2716895960,2716897149,16252,1189
5193.012498,2716905404,2716906596,16316,1192
5193.027526,2716917245,2716918438,16308,1193
5193.045561,2716931675,2716932864,16290,1189
5193.060589,2716943610,2716944808,16315,1198
5193.072612,2716953173,2716954371,16317,1198
5193.087641,2716965094,2716966291,16298,1197
5193.099663,2716974577,2716975745,16308,1168
5193.117699,2716988731,2716989928,16324,1197
5193.129722,2716998292,2716999484,16316,1192
5193.144753,2717010183,2717011377,16339,1194
5193.156774,2717019625,2717020794,16336,1169
5193.168799,2717029088,2717030282,16322,1194
5193.180818,2717038602,2717039800,16318,1198
5193.192842,2717048087,2717049256,16316,1169
5193.207871,2717059972,2717061138,16315,1166
5193.219892,2717069466,2717070638,16317,1172
5193.233416,2717080306,2717081500,16316,1194
5193.255961,2717095634,2717096745,15905,1111
5193.267983,2717104548,2717105662,15906,1114
5193.280006,2717113473,2717114585,15905,1112
5193.292029,2717122358,2717123473,15861,1115
5193.304050,2717131246,2717132359,15958,1113
5193.316069,2717140121,2717141230,15863,1109
5193.328098,2717149003,2717150106,15992,1103
5193.340119,2717157861,2717158970,15966,1109
5193.352137,2717166747,2717167852,15861,1105
5193.364167,2717175615,2717176723,15989,1108
5193.376188,2717184474,2717185578,16043,1104
5193.397223,2717199977,2717201087,15855,1110
5193.409252,2717208875,2717209984,15888,1109
5193.424275,2717219967,2717221071,15858,1104
5193.436305,2717228823,2717229927,15902,1104
5193.448327,2717237685,2717238791,16056,1106
5193.460342,2717246563,2717247667,15914,1104
5193.472373,2717255423,2717256532,15909,1109
5193.484395,2717264286,2717265395,15970,1109
5193.496412,2717273153,2717274266,15842,1113
5193.532480,2717299724,2717300827,15842,1103
5193.544511,2717308585,2717309685,15909,1100
5193.556532,2717317443,2717318546,15977,1103
5193.580579,2717335142,2717336252,15909,1110
5193.592602,2717344012,2717345117,15973,1105
5193.604618,2717352866,2717353971,15843,1105
5193.616648,2717361742,2717362852,15908,1110
5193.628670,2717370599,2717371693,15971,1094
5193.643700,2717381693,2717382799,15904,1106
5193.655721,2717390562,2717391671,15973,1109
5193.667738,2717399425,2717400534,15842,1109
5193.679768,2717408277,2717409390,15905,1113
5193.691790,2717417140,2717418253,15974,1113
5193.703807,2717426030,2717427135,15848,1105
5193.715837,2717434891,2717435991,15824,1100
5193.727858,2717443754,2717444858,15889,1104
5193.760923,2717468095,2717469200,15912,1105
5193.772944,2717476944,2717478058,16060,1114
5193.796992,2717494654,2717495759,15907,1105
5193.809013,2717503528,2717504633,16068,1105
5193.836064,2717523472,2717524577,15971,1105
5193.848081,2717532346,2717533451,15847,1105
5193.860111,2717541216,2717542325,15818,1109
5193.872132,2717550078,2717551183,15885,1105
5193.884149,2717558934,2717560038,15847,1104
5193.896180,2717567780,2717568889,15989,1109
5193.908201,2717576655,2717577764,15991,1109
5193.920218,2717585510,2717586612,15843,1102
5193.932248,2717594376,2717595486,15908,1110
5193.944270,2717603237,2717604342,16019,1105
5193.956285,2717612098,2717613207,15835,1109
5193.968317,2717620943,2717622052,15910,1109
5193.983338,2717632007,2717633113,15926,1106
5193.995368,2717640873,2717641971,15823,1098
5194.007390,2717649750,2717650858,15994,1108
5194.019407,2717658611,2717659716,15850,1105
5194.032933,2717668796,2717669901,15831,1105
5194.048974,2717682079,2717683178,15822,1099
5194.109082,2717726327,2717727433,15990,1106
5194.153167,2717757341,2717758445,15909,1104
5194.165191,2717766191,2717767302,15994,1111
5194.180218,2717777274,2717778385,15870,1111
5194.213275,2717801631,2717802740,15824,1109
5194.225304,2717810484,2717811593,15909,1109
5194.243339,2717823788,2717824892,15906,1104
5194.256866,2717834476,2717835586,15901,1110
5194.307955,2717872115,2717873219,15848,1104
5194.319986,2717880976,2717882089,15889,1113
5194.332007,2717889845,2717890949,15974,1104
5194.344024,2717898703,2717899812,15842,1109
5194.356054,2717907575,2717908683,15907,1108
5194.368075,2717916427,2717917526,15971,1099
5194.380093,2717925279,2717926389,15845,1110
5194.392123,2717934132,2717935237,15866,1105
5194.404144,2717942974,2717944088,15984,1114
5194.416161,2717951852,2717952966,15847,1114
5194.428192,2717960745,2717961854,15917,1109
5194.440213,2717969642,2717970751,15988,1109
5194.452238,2717978543,2717979654,15916,1111
5194.464259,2717987439,2717988552,15912,1113
5194.500327,2718014115,2718015223,15904,1108
5194.512349,2718022977,2718024085,15874,1108
5194.533385,2718038494,2718039598,15862,1104
5194.545413,2718047348,2718048459,15820,1111
5194.569452,2718065081,2718066186,15856,1105
5194.581482,2718073926,2718075036,15906,1110
5194.605521,2718091622,2718092731,15862,1109
5194.617551,2718100488,2718101597,15955,1109
5194.635585,2718113779,2718114893,15987,1114
5194.647606,2718122650,2718123757,16039,1107
5194.659624,2718131531,2718132635,15802,1104
5194.677658,2718144808,2718145902,15837,1094
5194.689689,2718153652,2718154761,15904,1109
5194.707723,2718166949,2718168058,15903,1109
5194.719745,2718175797,2718176901,15932,1104
5194.731762,2718184664,2718185768,15846,1104
5194.743792,2718193513,2718194619,15912,1106
5194.755813,2718202389,2718203498,15972,1109
5194.767830,2718211247,2718212355,15757,1108
5194.779860,2718220101,2718221210,15951,1109
5194.791882,2718228966,2718230074,15971,1108
5194.809916,2718242247,2718243356,15974,1109
5194.821933,2718251088,2718252193,15802,1105
5194.848983,2718271030,2718272134,15831,1104
5194.861017,2718279895,2718281003,15913,1108
5194.888066,2718299828,2718300939,15905,1111
5194.900090,2718308710,2718309810,16008,1100
5194.912104,2718317547,2718318653,15847,1106
5194.924135,2718326425,2718327534,15910,1109
5194.936156,2718335292,2718336401,15974,1109
5194.948171,2718344147,2718345251,15831,1104
5194.960204,2718353014,2718354127,15907,1113
5194.972225,2718361909,2718363014,15978,1105
5194.984241,2718370757,2718371856,15845,1099
5194.996272,2718379594,2718380702,15822,1108
5195.008293,2718388453,2718389558,15973,1105
5195.020310,2718397310,2718398419,15845,1109
5195.035345,2718408369,2718409478,15971,1109
5195.056379,2718423875,2718424975,15839,1100
5195.068408,2718432753,2718433867,15819,1114
5195.113494,2718465971,2718467080,15910,1109
5195.125515,2718474832,2718475931,15915,1099
5195.143549,2718488130,2718489238,15959,1108
5195.155567,2718496986,2718498095,15863,1109
5195.167596,2718505858,2718506967,15908,1109
5195.179618,2718514724,2718515830,15872,1106
5195.257768,2718572228,2718573337,15906,1109
5195.272792,2718583354,2718584454,15798,1100
5195.284821,2718592211,2718593317,15906,1106
5195.299841,2718603281,2718604390,15800,1109
5195.311872,2718612131,2718613235,15909,1104
5195.323894,2718620990,2718622093,15979,1103
5195.341928,2718634278,2718635377,15977,1099
5195.353944,2718643109,2718644218,15840,1109
5195.368979,2718654204,2718655309,15968,1105
5195.380996,2718663059,2718664172,15835,1113
5195.393027,2718671937,2718673046,15862,1109
5195.414065,2718687428,2718688533,15977,1105
5195.426082,2718696286,2718697395,15849,1109
5195.468168,2718727285,2718728392,15978,1107
5195.480185,2718736179,2718737288,15844,1109
5195.492215,2718745047,2718746156,15903,1109
5195.504236,2718753908,2718755011,15972,1103
5195.516253,2718762748,2718763852,15800,1104
5195.528284,2718771612,2718772716,15908,1104
5195.540305,2718780483,2718781594,15947,1111
5195.561339,2718795987,2718797091,15840,1104
5195.573369,2718804859,2718805964,15907,1105
5195.591404,2718818145,2718819254,15905,1109
5195.603425,2718826999,2718828104,15978,1105
5195.615442,2718835858,2718836963,15845,1105
5195.627472,2718844724,2718845822,15913,1098
5195.648511,2718860239,2718861343,15965,1104
5195.660528,2718869076,2718870181,15929,1105
5195.672558,2718877930,2718879043,15993,1113
5195.684580,2718886794,2718887900,15971,1106
5195.753712,2718937743,2718938852,15908,1109
5195.765735,2718946993,2718948102,15946,1109
5195.789781,2718964753,2718965857,15902,1104
5195.801802,2718973619,2718974723,15971,1104
5195.879953,2719031227,2719032335,15906,1108
5195.891974,2719040106,2719041215,15989,1109
5195.910008,2719053404,2719054517,15971,1113
5195.922025,2719062275,2719063380,15843,1105
5195.976128,2719102109,2719103223,15846,1114
5195.988158,2719110993,2719112102,15912,1109
5196.000182,2719119862,2719120976,15975,1114
5196.012196,2719128727,2719129837,15926,1110
5196.024227,2719137585,2719138689,15995,1104
5196.036248,2719146444,2719147553,16052,1109
5196.072317,2719173025,2719174130,15977,1105
5196.084334,2719181882,2719182986,15851,1104
5196.096363,2719190753,2719191862,15909,1109
5196.168500,2719243932,2719245041,15908,1109
5196.180521,2719252784,2719253888,15958,1104
5196.192539,2719261646,2719262755,15859,1109
5196.207572,2719272741,2719273850,15957,1109
5196.219591,2719281587,2719282692,15864,1105
5196.237624,2719294877,2719295991,15840,1114
5196.249654,2719303741,2719304850,15903,1109
5196.261676,2719312599,2719313710,15963,1111
5196.291728,2719334747,2719335856,15857,1109
5196.303759,2719343611,2719344711,15907,1100
5196.315780,2719352476,2719353581,15978,1105
5196.327797,2719361329,2719362437,15843,1108
5196.339827,2719370177,2719371291,15906,1114
5196.351849,2719379053,2719380153,15975,1100
5196.363865,2719387903,2719389008,15842,1105
5196.375895,2719396774,2719397888,15843,1114
5196.387917,2719405639,2719406743,15905,1104
5196.399934,2719414487,2719415596,15845,1109
5196.417968,2719427789,2719428898,15843,1109
5196.429999,2719436649,2719437754,15905,1105
5196.442020,2719445516,2719446621,15970,1105
5196.454036,2719454363,2719455471,15844,1108
5196.481088,2719474289,2719475389,15844,1100
5196.493118,2719483142,2719484250,15911,1108
5196.514157,2719498671,2719499784,15973,1113
5196.526174,2719507539,2719508641,15825,1102
5196.604329,2719565131,2719566236,15973,1105
5196.616346,2719574004,2719575108,15806,1104
5196.631380,2719585060,2719586164,15975,1104
5196.643399,2719593920,2719595021,15828,1101
5196.655427,2719602788,2719603892,15907,1104
5196.667449,2719611649,2719612754,15972,1105
5196.679465,2719620489,2719621594,15844,1105
5196.691496,2719629348,2719630454,15910,1106
5196.703518,2719638215,2719639329,15965,1114
5196.715534,2719647102,2719648207,15862,1105
5196.727563,2719655957,2719657070,15905,1113
5196.739584,2719664816,2719665925,15956,1109
5196.751602,2719673669,2719674778,15856,1109
5196.763631,2719682547,2719683657,15818,1110
5196.775653,2719691420,2719692520,15958,1100
5196.808717,2719715772,2719716876,15907,1104
5196.820739,2719724623,2719725728,15961,1105
5196.841774,2719740134,2719741243,15858,1109
5196.853803,2719748998,2719750104,15907,1106
5196.904894,2719786654,2719787759,15858,1105
5196.916924,2719795525,2719796630,15904,1105
5196.928946,2719804376,2719805486,15975,1110
5196.940969,2719813259,2719814373,15864,1114
5196.956996,2719826490,2719827590,16046,1100
5197.001080,2719857329,2719858433,15949,1104
5197.013101,2719866144,2719867249,15876,1105
5197.061188,2719901432,2719902541,15625,1109
5197.073218,2719910265,2719911374,15867,1109
5197.112288,2719938899,2719940011,16014,1112
5197.124313,2719947751,2719948851,15776,1100
5197.136342,2719956588,2719957692,15947,1104
5197.151360,2719967601,2719968707,15633,1106
5197.164390,2719978664,2719979764,15964,1100
5197.193444,2719998532,2719999645,16045,1113
5197.205463,2720007343,2720008444,15702,1101
5197.217492,2720016159,2720017263,16033,1104
5197.259566,2720047027,2720048131,15626,1104
5197.271595,2720055851,2720056956,15949,1105
5197.283619,2720065103,2720066211,15955,1108
5197.295634,2720073929,2720075035,15591,1106
5197.307663,2720082758,2720083871,15951,1113
5197.319685,2720091635,2720092738,15938,1103
5197.331706,2720100510,2720101624,15825,1114
5197.343732,2720109341,2720110451,15955,1110
5197.355753,2720118163,2720119263,15960,1100
5197.367772,2720126934,2720128042,15628,1108
5197.379804,2720135788,2720136888,15961,1100
5197.448926,2720186462,2720187564,15629,1102
5197.460955,2720195276,2720196387,15947,1111
5197.472975,2720204097,2720205211,15968,1114
5197.488006,2720215092,2720216197,15947,1105
5197.524075,2720241521,2720242621,16031,1100
5197.536097,2720250387,2720251487,16014,1100
5197.548114,2720259189,2720260295,15702,1106
5197.560143,2720268007,2720269111,15957,1104
5197.572164,2720276836,2720277940,15969,1104
5197.584183,2720285629,2720286731,15629,1102
5197.596212,2720294450,2720295559,15948,1109
5197.608233,2720303292,2720304395,15966,1103
5197.620252,2720312112,2720313223,15595,1111
5197.632285,2720320969,2720322082,15964,1113
5197.644301,2720329771,2720330878,15962,1107
5197.656320,2720338565,2720339675,15627,1110
5197.695401,2720367188,2720368297,15943,1109
5197.707421,2720376016,2720377119,15965,1103
5197.719440,2720384814,2720385920,15629,1106
5197.731474,2720393661,2720394770,15962,1109
5197.743492,2720402512,2720403617,15935,1105
5197.755509,2720411355,2720412461,15593,1106
5197.767538,2720420177,2720421281,15950,1104
5197.800594,2720444395,2720445501,15624,1106
5197.812624,2720453219,2720454324,15947,1105
5197.863715,2720490762,2720491859,15625,1097
5197.875747,2720499565,2720500657,15993,1092
5197.887764,2720508360,2720509460,15878,1100
5197.899783,2720517139,2720518245,15627,1106
5197.911816,2720525992,2720527097,15964,1105
5197.923833,2720534802,2720535911,15851,1109
5197.935853,2720543655,2720544753,15595,1098
5197.947881,2720552462,2720553570,15948,1108
5197.959902,2720561273,2720562377,15964,1104
5198.004988,2720594325,2720595429,15968,1104
5198.017006,2720603143,2720604244,15511,1101
5198.105186,2720669233,2720670334,15623,1101
5198.122210,2720680267,2720681377,15856,1110
5198.134229,2720689107,2720690208,15591,1101
5198.146262,2720697980,2720699093,15961,1113
5198.158279,2720706810,2720707912,16008,1102
5198.185330,2720726640,2720727749,15970,1109
5198.197349,2720735449,2720736550,15626,1101
5198.215383,2720748661,2720749762,15629,1101
5198.227417,2720757515,2720758624,15968,1109
5198.239433,2720766347,2720767456,15963,1109
5198.251452,2720775141,2720776247,15625,1106
5198.296538,2720808207,2720809313,15625,1106
5198.308567,2720817018,2720818116,15948,1098
5198.320587,2720825820,2720826928,15848,1108
5198.332606,2720834651,2720835752,15550,1101
5198.347639,2720845705,2720846807,15917,1102
5198.359658,2720854487,2720855593,15628,1106
5198.371690,2720863332,2720864437,15997,1105
5198.383707,2720872141,2720873246,15964,1105
5198.395726,2720880928,2720882038,15627,1110
5198.413760,2720894127,2720895229,15617,1102
5198.425794,2720902978,2720904087,15966,1109
5198.473882,2720938199,2720939304,15956,1105
5198.485898,2720946995,2720948092,15627,1097
5198.533996,2720982263,2720983368,16027,1105
5198.546016,2720991073,2720992172,15965,1099
5198.564050,2721004320,2721005428,15970,1108
5198.576069,2721013107,2721014212,15703,1105
5198.588098,2721021905,2721023010,15948,1105
5198.600119,2721030726,2721031834,16049,1108
5198.612138,2721039517,2721040623,15700,1106
5198.642202,2721061630,2721062734,16027,1104
5198.654222,2721070449,2721071557,15962,1108
5198.744394,2721136491,2721137596,16045,1105
5198.756417,2721145355,2721146464,15827,1109
5198.783463,2721165171,2721166282,15625,1111
5198.793493,2721173140,2721174245,15938,1105
5198.845090,2721210611,2721211719,15971,1108
5198.857108,2721219428,2721220537,15963,1109
5198.869130,2721228253,2721229361,15828,1108
5198.908212,2721256956,2721258069,15964,1113
5198.920231,2721265787,2721266891,15954,1104
5198.932247,2721274586,2721275689,15513,1103
5198.944276,2721283394,2721284507,15950,1113
5198.956299,2721292233,2721293338,15877,1105
5198.968318,2721301067,2721302172,15827,1105
5198.983348,2721312079,2721313188,15962,1109
5198.995367,2721320882,2721321990,15629,1108
5199.013409,2721334084,2721335186,15708,1102
5199.025431,2721342880,2721343984,15909,1104
5199.049470,2721360492,2721361592,15627,1100
5199.061499,2721369310,2721370410,15951,1100
5199.157676,2721439774,2721440873,15630,1099
5199.172710,2721450827,2721451931,16013,1104
5199.184727,2721459623,2721460730,15628,1107
5199.196756,2721468464,2721469569,15953,1105
5199.208777,2721477281,2721478389,16044,1108
5199.220795,2721486082,2721487192,15706,1110
5199.232825,2721494893,2721496002,16036,1109
5199.272911,2721525754,2721526861,15671,1107
5199.304962,2721547775,2721548881,15948,1106
5199.316985,2721556610,2721557714,15953,1104
5199.329004,2721565425,2721566528,15818,1103
5199.377099,2721600677,2721601791,15949,1114
5199.389121,2721609565,2721610669,15933,1104
5199.479291,2721675656,2721676765,15966,1109
5199.491313,2721684559,2721685668,15844,1109
5199.503342,2721693449,2721694560,15907,1111
5199.515365,2721702342,2721703456,15976,1114
5199.527382,2721711245,2721712353,15844,1108
5199.539412,2721720137,2721721250,15910,1113
5199.551433,2721729030,2721730143,15974,1113
5199.563450,2721737914,2721739023,15829,1109
5199.575476,2721746725,2721747835,15952,1110
5199.587497,2721755553,2721756657,15964,1104
5199.599516,2721764357,2721765463,15703,1106
5199.611548,2721773182,2721774282,15995,1100
5199.623565,2721781984,2721783087,15964,1103
5199.635584,2721790770,2721791873,15628,1103
5199.647614,2721799566,2721800675,15947,1109
5199.659639,2721808400,2721809510,15739,1110
5199.671656,2721817293,2721818401,15843,1108
5199.707730,2721843958,2721845068,15904,1110
5199.719754,2721852842,2721853953,15908,1111
5199.731771,2721861671,2721862785,15965,1114
5199.743790,2721870460,2721871561,15707,1101
5199.755821,2721879262,2721880336,15808,1074
5199.767841,2721888080,2721889184,15941,1104
5199.779859,2721896857,2721897962,15631,1105
5199.791890,2721905692,2721906801,16049,1109
5199.803908,2721914521,2721915626,16045,1105
5199.815927,2721923320,2721924427,15702,1107
5199.861016,2721956409,2721957508,15825,1099
5199.873042,2721965222,2721966331,15914,1109
5199.909114,2721991627,2721992741,15994,1114
5199.921131,2722000461,2722001566,15923,1105
5199.993268,2722053341,2722054446,15963,1105
5200.005295,2722062139,2722063245,15789,1106
5200.024335,2722077584,2722078693,16036,1109
5200.065407,2722106260,2722107365,15940,1105
5200.077425,2722115080,2722116186,15593,1106
5200.128526,2722152645,2722153747,15965,1102
5200.143557,2722163681,2722164781,15940,1100
5200.200663,2722205557,2722206661,15966,1104
5200.212682,2722214366,2722215472,15628,1106
5200.224711,2722223198,2722224303,15951,1105
5200.236732,2722232004,2722233110,15965,1106
5200.248750,2722240808,2722241916,15625,1108
5200.263784,2722251871,2722252971,15933,1100
5200.281817,2722265090,2722266199,15959,1109
5200.293836,2722273865,2722274966,15549,1101
5200.304333,2722283067,2722284176,15992,1109
5200.344938,2722311711,2722312810,15968,1099
5200.356959,2722320547,2722321658,15922,1111
5200.408060,2722358005,2722359107,15947,1102
5200.420076,2722366797,2722367898,15627,1101
5200.432106,2722375617,2722376721,15950,1104
5200.444126,2722384443,2722385546,15966,1103
5200.456148,2722393247,2722394350,15828,1103
5200.468174,2722402071,2722403180,15956,1109
5200.480196,2722410939,2722412043,15941,1104
5200.501238,2722426377,2722427480,15672,1103
5200.513265,2722435249,2722436327,15815,1078
5200.552332,2722463856,2722464965,15859,1109
5200.564351,2722472692,2722473794,15670,1102
5200.612449,2722507913,2722509020,15955,1107
5200.624470,2722516770,2722517877,16016,1107
5200.652530,2722538849,2722539963,15834,1114
5200.693607,2722567516,2722568623,15963,1107
5200.705626,2722576356,2722577460,15957,1104
5200.756727,2722613859,2722614964,15960,1105
5200.768744,2722622708,2722623820,15893,1112
5200.807813,2722651305,2722652408,15628,1103
5200.819843,2722660127,2722661237,15957,1110
5200.856915,2722688846,2722689950,16017,1104
5200.904003,2722721915,2722723015,15949,1100
5200.916019,2722730708,2722731804,15636,1096
5200.928049,2722739523,2722740632,15861,1109
5200.940068,2722748345,2722749453,15961,1108
5200.961105,2722763798,2722764904,15590,1106
5200.973135,2722772617,2722773726,15954,1109
5201.033242,2722816722,2722817824,15626,1102
5201.045271,2722825551,2722826660,15951,1109
5201.069311,2722843189,2722844286,15708,1097
5201.081340,2722852002,2722853106,15954,1104
5201.096370,2722862997,2722864098,15788,1101
5201.108391,2722871812,2722872917,15951,1105
5201.120412,2722880641,2722881745,15968,1104
5201.147463,2722900453,2722901558,15934,1105
5201.177517,2722922463,2722923563,15631,1100
5201.189550,2722931318,2722932426,15969,1108
5201.204568,2722942340,2722943445,15698,1105
5201.216598,2722951145,2722952248,16040,1103
5201.240640,2722968753,2722969857,15829,1104
5201.252670,2722977639,2722978745,15943,1106
5201.267688,2722988638,2722989741,15668,1103
5201.285722,2723001851,2723002956,15593,1105
5201.297755,2723010686,2723011795,16041,1109
5201.309772,2723019478,2723020583,15963,1105
5201.321791,2723028268,2723029374,15626,1106
5201.387924,2723076718,2723077831,15947,1113
5201.399947,2723085570,2723086678,15909,1108
5201.411962,2723094350,2723095456,15629,1106
5201.423991,2723103158,2723104269,15994,1111
5201.442026,2723116368,2723117482,15947,1114
5201.454051,2723125233,2723126337,15951,1104
5201.493125,2723153842,2723154953,15712,1111
5201.505146,2723162676,2723163776,15952,1100
5201.544218,2723191307,2723192421,15856,1114
5201.556237,2723200140,2723201242,15597,1102
5201.568268,2723208961,2723210039,15809,1078
5201.589304,2723224337,2723225445,15960,1108
5201.601322,2723233131,2723234229,15627,1098
5201.640403,2723261749,2723262863,15954,1114
5201.652425,2723270605,2723271712,15939,1107
5201.673460,2723285994,2723287096,15626,1102
5201.685489,2723294794,2723295901,15948,1107
5201.700512,2723305793,2723306895,15625,1102
5201.757626,2723347679,2723348784,15953,1105
5201.769647,2723356506,2723357605,16046,1099
5201.788691,2723371914,2723373024,15980,1110
5201.805715,2723382960,2723384071,15968,1111
5201.820746,2723393985,2723395098,16032,1113
5201.832768,2723403251,2723404351,15849,1100
5201.859820,2723423104,2723424218,15937,1114
5201.871837,2723431938,2723433038,15551,1100
5201.895890,2723449546,2723450655,15950,1109
5201.907909,2723458356,2723459465,15829,1109
5201.925940,2723471579,2723472684,15621,1105
5201.937969,2723480397,2723481501,15951,1104
5201.951500,2723487218,2723487872,13717,654
5201.964334,2723493229,2723493853,12026,624
5202.023634,2723535028,2723536217,16381,1189
5202.035651,2723544479,2723545636,16244,1157
5202.059703,2723563383,2723564541,16381,1158
5202.071719,2723572882,2723574059,16239,1177
5202.083747,2723582312,2723583501,16318,1189
5202.119818,2723610627,2723611821,16315,1194
5202.131839,2723620091,2723621280,16317,1189
5202.143857,2723629480,2723630664,16243,1184
5202.155886,2723638975,2723640168,16321,1193
5202.167909,2723648432,2723649620,16385,1188
5202.179925,2723657833,2723658996,16203,1163
5202.191955,2723667314,2723668502,16296,1188
5202.203978,2723676775,2723677968,16387,1193
5202.215994,2723686228,2723687417,16243,1189
5202.228022,2723695694,2723696887,16322,1193
5202.240047,2723705182,2723706348,16407,1166
5202.252063,2723714593,2723715752,16267,1159
5202.264092,2723724048,2723725217,16317,1169
5202.276116,2723733559,2723734723,16395,1164
5202.288130,2723742975,2723744153,16220,1178
5202.300160,2723752434,2723753623,16312,1189
5202.312187,2723761928,2723763116,16424,1188
5202.324200,2723771390,2723772584,16231,1194
5202.336229,2723780843,2723782031,16315,1188
5202.348254,2723790332,2723791496,16371,1164
5202.360269,2723799741,2723800926,16234,1185
5202.372298,2723809236,2723810427,16315,1191
5202.384322,2723818765,2723819958,16397,1193
5202.396337,2723828290,2723829479,16141,1189
5202.447442,2723868612,2723869806,16395,1194
5202.460968,2723877393,2723878503,15958,1110
5202.472983,2723886277,2723887383,15827,1106
5202.485011,2723895145,2723896254,15901,1109
5202.497035,2723904026,2723905134,15976,1108
5202.509052,2723912902,2723914007,15841,1105
5202.521079,2723921777,2723922886,15911,1109
5202.557148,2723948380,2723949488,15908,1108
5202.569172,2723957248,2723958357,15976,1109
5202.590206,2723972748,2723973857,15838,1109
5202.602234,2723981613,2723982724,15914,1111
5202.614258,2723990474,2723991584,15982,1110
5202.626275,2723999339,2724000448,15918,1109
5202.636326,2724008201,2724009315,15986,1114
5202.659344,2724023730,2724024839,15977,1109
5202.671360,2724032595,2724033692,15845,1097
5202.683391,2724041468,2724042576,15966,1108
5202.695416,2724050330,2724051439,16020,1109
5202.707429,2724059188,2724060297,15828,1109
5202.719458,2724068046,2724069155,15914,1109
5202.737492,2724081342,2724082456,15913,1114
5202.749516,2724090223,2724091332,15995,1109
5202.768557,2724105722,2724106826,15911,1104
5202.788583,2724119026,2724120130,15827,1104
5202.800612,2724127883,2724128987,15915,1104
5202.812637,2724136754,2724137868,15993,1114
5202.827664,2724147843,2724148957,15908,1114
5202.839688,2724156713,2724157823,15989,1110
5202.851704,2724165573,2724166682,15831,1109
5202.863732,2724174418,2724175528,15865,1110
5202.875757,2724183255,2724184359,15946,1104
5202.887774,2724192134,2724193233,15827,1099
5202.899801,2724200977,2724202083,15822,1106
5202.917836,2724214282,2724215387,15909,1105
5202.929859,2724223141,2724224250,15945,1109
5202.956911,2724243069,2724244177,15987,1108
5202.968926,2724251927,2724253036,15827,1109
5202.980955,2724260799,2724261908,15906,1109
5202.992979,2724269644,2724270753,15982,1109
5203.029048,2724296199,2724297304,15989,1105
5203.041063,2724305055,2724306164,15741,1109
5203.056100,2724316125,2724317235,15941,1110
5203.068115,2724325003,2724326111,15743,1108
5203.080144,2724333850,2724334964,15910,1114
5203.092169,2724342747,2724343860,15947,1113
5203.104186,2724351622,2724352733,15876,1111
5203.116211,2724360488,2724361602,15907,1114
5203.128235,2724369360,2724370467,15974,1107
5203.140252,2724378211,2724379322,15847,1111
5203.152279,2724387078,2724388180,15916,1102
5203.164304,2724395948,2724397063,15981,1115
5203.176321,2724404834,2724405947,15924,1113
5203.191356,2724415928,2724417027,15977,1099
5203.203372,2724424794,2724425898,15761,1104
5203.215399,2724433660,2724434764,15909,1104
5203.236441,2724449158,2724450269,15972,1111
5203.248458,2724458042,2724459151,15840,1109
5203.260485,2724466910,2724468014,15911,1104
5203.272509,2724475776,2724476891,15975,1115
5203.284526,2724484658,2724485766,15843,1108
5203.296558,2724493529,2724494635,15911,1106
5203.308580,2724502388,2724503497,15961,1109
5203.329611,2724517890,2724518995,15813,1105
5203.341641,2724527137,2724528246,15910,1109
5203.396746,2724569254,2724570357,15987,1103
5203.425803,2724589169,2724590283,15990,1114
5203.437818,2724598018,2724599129,15827,1111
5203.449847,2724606886,2724607989,15908,1103
5203.461872,2724615748,2724616853,15989,1105
5203.497940,2724642343,2724643452,15991,1109
5203.509955,2724651318,2724652421,15827,1103
5203.540019,2724673469,2724674578,15910,1109
5203.552043,2724682338,2724683447,15945,1109
5203.564058,2724691177,2724692286,15837,1109
5203.585104,2724706677,2724707791,15908,1114
5203.597128,2724715538,2724716646,15988,1108
5203.621173,2724733264,2724734377,15909,1113
5203.633197,2724742161,2724743265,15989,1104
5203.645212,2724751023,2724752128,15830,1105
5203.657241,2724759868,2724760977,15906,1109
5203.672264,2724770943,2724772049,15830,1106
5203.684293,2724779807,2724780911,15910,1104
5203.696317,2724788667,2724789771,15993,1104
5203.708333,2724797534,2724798639,15825,1105
5203.720361,2724806408,2724807502,15911,1094
5203.732386,2724815266,2724816375,15989,1109
5203.744401,2724824112,2724825217,15827,1105
5203.756430,2724832971,2724834076,15906,1105
5203.783482,2724852918,2724854023,15914,1105
5203.795506,2724861767,2724862872,15991,1105
5203.807522,2724870618,2724871726,15833,1108
5203.819551,2724879486,2724880595,15913,1109
5203.837584,2724892775,2724893879,15910,1104
5203.849608,2724901637,2724902742,15987,1105
5203.904718,2724943665,2724944776,15829,1111
5203.924743,2724956956,2724958059,15786,1103
5203.936771,2724965823,2724966927,15906,1104
5203.948796,2724974697,2724975802,15977,1105
5203.960812,2724983537,2724984640,15839,1103
5203.972840,2724992379,2724993489,15904,1110
5203.984865,2725001241,2725002346,15978,1105
5204.017926,2725025592,2725026703,15907,1111
5204.029950,2725034453,2725035558,15974,1105
5204.041967,2725043306,2725044413,15839,1107
5204.078036,2725069865,2725070979,15844,1114
5204.090063,2725078731,2725079842,15909,1111
5204.105087,2725089808,2725090917,15841,1109
5204.117118,2725098688,2725099796,15909,1108
5204.129140,2725107548,2725108653,15901,1105
5204.144167,2725118605,2725119719,15906,1114
5204.168207,2725136324,2725137429,15827,1105
5204.180236,2725145171,2725146280,15826,1109
5204.192260,2725154035,2725155149,15986,1114
5204.204276,2725162904,2725164008,15909,1104
5204.216305,2725171766,2725172869,15992,1103
5204.228329,2725180629,2725181738,16072,1109
5204.240345,2725189476,2725190581,15835,1105
5204.252374,2725198326,2725199430,15911,1104
5204.267396,2725209380,2725210485,15818,1105
5204.279425,2725218253,2725219366,15913,1113
5204.291449,2725227111,2725228224,15900,1113
5204.303464,2725235966,2725237078,15832,1112
5204.315494,2725244828,2725245937,15994,1109
5204.327517,2725253713,2725254822,15988,1109
5204.339533,2725262591,2725263700,15826,1109
5204.351562,2725271466,2725272571,15908,1105
5204.363586,2725280311,2725281414,15987,1103
5204.375602,2725289169,2725290283,15830,1114
5204.387631,2725298030,2725299138,15915,1108
5204.405665,2725311310,2725312424,15908,1114
5204.417689,2725320171,2725321276,15987,1105
5204.436730,2725335690,2725336796,15825,1106
5204.519875,2725395461,2725396563,15816,1102
5204.531905,2725404372,2725405485,15909,1113
5204.543929,2725413278,2725414391,15973,1113
5204.555944,2725422174,2725423288,15859,1114
5204.567973,2725431080,2725432194,15889,1114
5204.579995,2725439975,2725441089,15874,1114
5204.592013,2725448870,2725449980,15859,1110
5204.613059,2725464397,2725465506,15902,1109
5204.625080,2725473247,2725474356,15958,1109
5204.646116,2725488775,2725489880,15859,1105
5204.658144,2725497637,2725498746,15988,1109
5204.724269,2725546359,2725547463,15960,1104
5204.736287,2725555217,2725556324,15843,1107
5204.751322,2725566295,2725567399,15965,1104
5204.763339,2725575161,2725576270,15844,1109
5204.775369,2725584011,2725585121,15908,1110
5204.787391,2725592877,2725593987,15971,1110
5204.799407,2725601758,2725602862,15847,1104
5204.811438,2725610618,2725611727,15906,1109
5204.847507,2725637208,2725638314,15911,1106
5204.857524,2725645166,2725646276,15857,1110
5204.870048,2725654079,2725655183,15906,1104
5204.882072,2725662925,2725664030,15983,1105
5204.906116,2725680654,2725681763,15904,1109
5204.918141,2725689515,2725690624,15921,1109
5204.930156,2725698378,2725699483,15828,1105
5204.942183,2725707266,2725708371,15904,1105
5204.963225,2725722787,2725723891,15978,1104
5204.978252,2725733859,2725734973,15908,1114
5205.032355,2725773723,2725774829,15908,1106
5205.044379,2725782568,2725783667,15976,1099
5205.065412,2725798062,2725799171,15832,1109
5205.077441,2725806929,2725808035,15906,1106
5205.095475,2725820218,2725821323,15905,1105
5205.107499,2725829070,2725830174,15975,1104
5205.119516,2725837934,2725839044,15844,1110
5205.131543,2725846806,2725847912,15913,1106
5205.143569,2725855681,2725856785,15988,1104
5205.155585,2725864525,2725865634,15829,1109
5205.167613,2725873386,2725874495,15822,1109
5205.179638,2725882242,2725883352,15982,1110
5205.191653,2725891106,2725892210,15807,1104
5205.203682,2725899962,2725901071,15823,1109
5205.215707,2725908833,2725909947,15917,1114
5205.227722,2725917692,2725918801,15828,1109
5205.239751,2725926560,2725927669,15864,1109
5205.251775,2725935414,2725936523,15987,1109
5205.281825,2725957574,2725958683,15825,1109
5205.293854,2725966439,2725967544,15906,1105
5205.305878,2725975290,2725976399,15988,1109
5205.320905,2725986368,2725987474,15906,1106
5205.332930,2725995235,2725996343,15900,1108
5205.344945,2726004124,2726005238,15742,1114
5205.356974,2726013006,2726014115,15904,1109
5205.368998,2726021863,2726022970,15988,1107
5205.385027,2726035148,2726036256,15984,1108
5205.438128,2726072804,2726073910,15906,1106
5205.450152,2726081659,2726082768,16071,1109
5205.489219,2726110456,2726111564,15836,1108
5205.501248,2726119325,2726120429,15991,1104
5205.543322,2726150340,2726151448,15833,1108
5205.555349,2726159230,2726160335,15812,1105
5205.567374,2726168087,2726169194,15974,1107
5205.579390,2726176960,2726178064,15841,1104
5205.591418,2726185793,2726186897,15859,1104
5205.603443,2726194643,2726195753,15893,1110
5205.615459,2726203515,2726204620,15842,1105
5205.639511,2726221229,2726222334,15976,1105
5205.651528,2726230087,2726231193,15850,1106
5205.663555,2726238958,2726240067,15820,1109
5205.675580,2726247818,2726248927,15976,1109
5205.687597,2726256687,2726257797,15851,1110
5205.699624,2726265543,2726266648,15907,1105
5205.711648,2726274426,2726275535,15988,1109
5205.723665,2726283281,2726284386,15844,1105
5205.735692,2726292136,2726293242,15948,1106
5205.747717,2726300992,2726302096,16059,1104
5205.771763,2726318724,2726319830,15901,1106
5205.783787,2726327577,2726328686,15991,1109
5205.795803,2726336456,2726337560,15829,1104
5205.807832,2726345314,2726346420,15908,1106
5205.819856,2726354159,2726355269,15987,1110
5205.831871,2726363019,2726364128,15830,1109
5205.843900,2726371876,2726372980,15909,1104
5205.855924,2726380750,2726381855,15986,1105
5205.867939,2726389608,2726390712,15827,1104
5205.879968,2726398481,2726399596,15907,1115
5205.891993,2726407348,2726408457,15899,1109
5205.904008,2726416223,2726417328,15832,1105
5205.916037,2726425097,2726426202,15906,1105
5205.928061,2726433952,2726435057,15988,1105
5205.940077,2726442819,2726443919,15832,1100
5205.952105,2726451667,2726452776,15907,1109
5205.973147,2726467180,2726468289,15985,1109
5205.985163,2726476032,2726477125,15832,1093
5205.997192,2726484881,2726485991,15870,1110
5206.009216,2726493748,2726494853,16001,1105
5206.021231,2726502592,2726503706,15831,1114
5206.033260,2726511465,2726512571,15907,1106
5206.120420,2726575688,2726576795,15831,1107
5206.132448,2726584550,2726585664,15818,1114
5206.144473,2726593412,2726594517,15991,1105
5206.156489,2726602436,2726603547,15845,1111
5206.171520,2726613499,2726614608,15952,1109
5206.183541,2726622341,2726623446,16052,1105
5206.195559,2726631151,2726632262,15667,1111
5206.207592,2726639964,2726641073,16079,1109
5206.228627,2726655390,2726656499,16042,1109
5206.249663,2726670824,2726671930,15633,1106
5206.261696,2726679683,2726680791,15966,1108
5206.333829,2726732547,2726733646,15951,1099
5206.345849,2726741368,2726742477,16045,1109
5206.363885,2726754618,2726755722,15934,1104
5206.377411,2726765024,2726766129,15930,1105
5206.389428,2726773823,2726774924,15625,1101
5206.401458,2726782630,2726783732,15953,1102
5206.416480,2726793684,2726794785,15590,1101
5206.440529,2726811298,2726812402,15965,1104
5206.452559,2726820120,2726821233,15900,1113
5206.551745,2726892796,2726893901,15784,1105
5206.563766,2726901616,2726902725,15956,1109
5206.575787,2726910463,2726911567,15965,1104
5206.587805,2726919257,2726920362,15627,1105
5206.599835,2726928085,2726929191,15952,1106
5206.620872,2726943541,2726944646,15956,1105
5206.632891,2726952331,2726953423,15629,1092
5206.659943,2726972133,2726973236,15626,1103
5206.671972,2726980947,2726982056,15948,1109
5206.683992,2726989771,2726990875,15963,1104
5206.696011,2726998560,2726999666,15629,1106
5206.717058,2727014032,2727015127,15942,1095
5206.729078,2727022848,2727023952,15965,1104
5206.765147,2727049247,2727050351,15962,1104
5206.777171,2727058085,2727059189,15822,1104
5206.789195,2727066915,2727068019,15905,1104
5206.801216,2727075732,2727076845,15855,1113
5206.855321,2727115418,2727116527,15948,1109
5206.867340,2727124238,2727125341,15826,1103
5206.879366,2727133054,2727134158,15946,1104
5206.891387,2727141863,2727142967,16044,1104
5206.903409,2727150683,2727151797,15835,1114
5206.921440,2727163908,2727165018,15629,1110
5206.933469,2727172737,2727173841,16035,1104
5206.972541,2727201384,2727202489,15964,1105
5206.984560,2727210179,2727211283,15625,1104
5207.072740,2727276329,2727277435,15627,1106
5207.152887,2727333587,2727334693,16031,1106
5207.164903,2727342375,2727343476,15703,1101
5207.176933,2727351178,2727352277,16035,1099
5207.188954,2727360180,2727361290,15848,1110
5207.209989,2727375630,2727376727,15513,1097
5207.222018,2727384452,2727385566,15948,1114
5207.240053,2727397653,2727398761,15953,1108
5207.252076,2727406458,2727407563,15956,1105
5207.264092,2727415274,2727416371,15595,1097
5207.276121,2727424079,2727425189,15952,1110
5207.288142,2727432906,2727434009,15963,1103
5207.300163,2727441718,2727442832,15786,1114
5207.312189,2727450546,2727451657,16033,1111
5207.330228,2727463807,2727464911,15965,1104
5207.342244,2727472609,2727473714,15972,1105
5207.369296,2727492458,2727493569,15969,1111
5207.381315,2727501245,2727502345,15632,1100
5207.399352,2727514484,2727515594,15823,1110
5207.411378,2727523308,2727524412,15952,1104
5207.423399,2727532123,2727533227,15968,1104
5207.435417,2727540901,2727542007,15625,1106
5207.447450,2727549729,2727550833,15998,1104
5207.459467,2727558536,2727559645,15965,1109
5207.477500,2727571706,2727572813,15932,1107
5207.489520,2727580484,2727581585,15585,1101
5207.508568,2727595970,2727597074,15965,1104
5207.588708,2727653229,2727654334,15828,1105
5207.600743,2727662111,2727663212,15954,1101
5207.612759,2727670913,2727672013,15972,1100
5207.627790,2727681940,2727683053,16030,1113
5207.687898,2727726065,2727727166,15586,1101
5207.699931,2727734903,2727736011,15963,1108
5207.711948,2727743729,2727744833,15967,1104
5207.723966,2727752543,2727753640,15594,1097
5207.735996,2727761344,2727762453,15957,1109
5207.748019,2727770156,2727771259,15954,1103
5207.760035,2727778938,2727780044,15630,1106
5207.772064,2727787744,2727788848,15955,1104
5207.784085,2727796564,2727797669,16050,1105
5207.796106,2727805386,2727806495,15905,1109
5207.821163,2727825230,2727826333,15629,1103
5207.850206,2727845055,2727846160,15628,1105
5207.862236,2727853876,2727854985,15948,1109
5207.881271,2727869304,2727870402,15918,1098
5207.893301,2727877212,2727878318,15970,1106
5207.905818,2727886069,2727887171,15936,1102
5207.924860,2727901470,2727902580,15702,1110
5208.002006,2727956662,2727957773,16044,1111
5208.014023,2727965541,2727966650,15936,1109
5208.026043,2727974337,2727975445,15630,1108
5208.131245,2728051492,2728052600,15961,1108
5208.146280,2728062524,2728063627,15964,1103
5208.167313,2728077950,2728079053,16044,1103
5208.179332,2728086733,2728087834,15704,1101
5208.191365,2728095525,2728096639,16080,1114
5208.203382,2728104354,2728105468,16046,1114
5208.215403,2728113196,2728114305,15817,1109
5208.233435,2728126405,2728127504,15622,1099
5208.245469,2728135244,2728136346,15965,1102
5208.257485,2728144079,2728145185,15966,1106
5208.269507,2728152911,2728154015,15828,1104
5208.281533,2728161729,2728162833,16027,1104
5208.348671,2728212396,2728213497,15594,1101
5208.413778,2728258625,2728259731,15625,1106
5208.425807,2728267448,2728268547,15951,1099
5208.452859,2728287311,2728288416,15949,1105
5208.464880,2728296162,2728297271,15931,1109
5208.553049,2728362198,2728363307,15964,1109
5208.618171,2728408463,2728409572,15966,1109
5208.630190,2728417270,2728418373,15628,1103
5208.642223,2728426115,2728427220,15963,1105
5208.657241,2728437129,2728438229,15627,1100
5208.669271,2728445950,2728447054,15953,1104
5208.693310,2728463541,2728464647,15624,1106
5208.705339,2728472350,2728473455,15946,1105
5208.759442,2728512062,2728513166,15951,1104
5208.771463,2728520880,2728521984,15922,1104
5208.783491,2728529714,2728530818,15904,1104
5208.795511,2728538526,2728539631,15952,1105
5208.807531,2728547341,2728548446,15966,1105
5208.819550,2728556121,2728557222,15627,1101
5208.837587,2728569404,2728570504,15923,1100
5208.849613,2728578229,2728579332,15948,1103
5208.873652,2728595844,2728596946,15624,1102
5208.885685,2728604651,2728605755,15991,1104
5208.897703,2728613461,2728614574,15969,1113
5208.912733,2728624450,2728625555,15949,1105
5208.924754,2728633263,2728634366,15963,1103
5208.975854,2728670724,2728671828,15948,1104
5208.987877,2728679539,2728680648,15946,1109
5208.999893,2728688339,2728689443,15707,1104
5209.017927,2728701542,2728702650,15623,1108
5209.029957,2728710344,2728711453,15950,1109
5209.078046,2728745668,2728746772,15962,1104
5209.090064,2728754499,2728755605,15545,1106
5209.150183,2728798590,2728799698,15967,1108
5209.162201,2728807421,2728808526,15591,1105
5209.174231,2728816240,2728817347,15911,1107
5209.186254,2728825068,2728826176,15944,1108
5209.225321,2728853711,2728854812,15704,1101
5209.237355,2728862563,2728863666,16040,1103
5209.252374,2728873618,2728874715,15600,1097
5209.264402,2728882432,2728883536,15956,1104
5209.280436,2728895654,2728896763,15998,1109
5209.351561,2728946295,2728947402,15629,1107
5209.363591,2728955130,2728956235,15951,1105
5209.375613,2728963964,2728965064,15939,1100
5209.396648,2728979370,2728980471,15625,1101
5209.408683,2728988628,2728989739,15967,1111
5209.444745,2729015108,2729016217,15948,1109
5209.456766,2729023957,2729025062,15929,1105
5209.484830,2729045976,2729047080,15827,1104
5209.589024,2729120898,2729122003,15968,1105
5209.601039,2729129756,2729130870,15843,1114
5209.640119,2729158658,2729159772,15907,1114
5209.652144,2729167558,2729168672,15983,1114
5209.664159,2729176480,2729177590,15827,1110
5209.676188,2729185380,2729186490,15911,1110
5209.688212,2729194277,2729195390,15994,1113
5209.700228,2729203184,2729204292,15810,1108
5209.718263,2729216426,2729217526,15962,1100
5209.730284,2729225282,2729226395,15840,1113
5209.799417,2729275996,2729277107,16046,1111
5209.811436,2729284800,2729285905,15629,1105
5209.823465,2729293616,2729294726,15951,1110
5209.841502,2729306851,2729307929,15878,1078
5209.853520,2729315652,2729316757,16046,1105
5209.868555,2729326676,2729327779,15967,1103
5209.880575,2729335512,2729336616,15953,1104
5209.895603,2729346505,2729347610,15955,1105
5209.907623,2729355341,2729356446,15972,1105
5209.919645,2729364165,2729365269,15824,1104
5210.024846,2729441344,2729442453,15924,1109
5210.036864,2729450174,2729451277,15591,1103
5210.048896,2729458991,2729460068,15884,1077
5210.060914,2729467787,2729468896,16043,1109
5210.125045,2729516253,2729517362,15905,1109
5210.148083,2729531711,2729532815,15945,1104
5210.229241,2729591123,2729592227,15956,1104
5210.241257,2729599954,2729601053,15961,1099
5210.259293,2729613223,2729614331,15932,1108
5210.280328,2729628680,2729629780,15595,1100
5210.292357,2729637487,2729638592,15949,1105
5210.304377,2729646297,2729647402,15964,1105
5210.316396,2729655094,2729656197,15627,1103
5210.343448,2729674926,2729676036,15630,1110
5210.355478,2729683745,2729684850,15954,1105
5210.367499,2729692595,2729693699,15939,1104
5210.379516,2729701385,2729702490,15627,1105
5210.391548,2729710206,2729711284,15806,1078
5210.403567,2729719030,2729720140,15927,1110
5210.451653,2729754276,2729755382,15623,1106
5210.463685,2729763104,2729764181,15724,1077
5210.475705,2729771882,2729772991,15962,1109
5210.487722,2729780687,2729781785,15630,1098
5210.499751,2729789502,2729790608,15951,1106
5210.511769,2729798329,2729799436,15890,1107
5210.523794,2729807197,2729808296,15803,1099
5210.535820,2729815999,2729817104,15951,1105
5210.556858,2729831419,2729832523,15962,1104
5210.568886,2729840230,2729841336,15673,1106
5210.641014,2729893123,2729894229,15596,1106
5210.653043,2729901946,2729903051,15970,1105
5210.665064,2729910742,2729911855,16046,1113
5210.677083,2729919544,2729920650,15631,1106
5210.761249,2729981309,2729982414,15942,1105
5210.773272,2729990121,2729991226,15947,1105
5210.872461,2730062757,2730063861,15948,1104
5210.887492,2730073748,2730074826,15809,1078
5210.900524,2730084817,2730085916,15825,1099
5210.912541,2730093644,2730094747,15953,1103
5210.928070,2730103995,2730105104,15967,1109
5210.940088,2730112877,2730113980,15977,1103
5210.952106,2730121680,2730122785,15712,1105
5210.964135,2730130485,2730131583,15946,1098
5210.976156,2730139330,2730140434,15939,1104
5210.988174,2730148110,2730149213,15635,1103
5211.000205,2730156926,2730158038,16031,1112
5211.012224,2730165756,2730166865,15965,1109
5211.024243,2730174543,2730175643,15636,1100
5211.036272,2730183350,2730184455,15949,1105
5211.048292,2730192140,2730193243,15966,1103
5211.060311,2730200926,2730202037,15626,1111
5211.093378,2730225256,2730226365,15963,1109
5211.105397,2730234058,2730235164,15708,1106
5211.117429,2730242882,2730243996,16003,1114
5211.147481,2730264965,2730266076,16044,1111
5211.171534,2730276511,2730277134,12059,623
5211.185063,2730281691,2730282473,13324,782
5211.197082,2730290546,2730291699,16374,1153
5211.209100,2730299813,2730300971,16283,1158
5211.233149,2730318595,2730319764,16389,1169
5211.245166,2730327996,2730329153,16254,1157
5211.257195,2730337420,2730338608,16316,1188
5211.272217,2730349208,2730350373,16231,1165
5211.284245,2730358652,2730359837,16316,1185
5211.296271,2730368074,2730369263,16399,1189
5211.308285,2730377546,2730378710,16227,1164
5211.320314,2730386903,2730388092,16314,1189
5211.335337,2730398640,2730399804,16253,1164
5211.356383,2730415209,2730416373,16314,1164
5211.368406,2730424646,2730425835,16385,1189
5211.380423,2730434061,2730435243,16239,1182
5211.419505,2730464779,2730465938,16311,1159
5211.431526,2730474202,2730475399,16387,1197
5211.443543,2730483685,2730484873,16233,1188
5211.479612,2730512066,2730513251,16236,1185
5211.491642,2730521543,2730522706,16294,1163
5211.503666,2730530978,2730532147,16416,1169
5211.524697,2730547565,2730548763,16226,1198
5211.536728,2730557109,2730558293,16249,1184
5211.548750,2730566578,2730567775,16395,1197
5211.560773,2730576038,2730577227,16220,1189
5211.599847,2730606867,2730608065,16312,1198
5211.611870,2730616346,2730617535,16325,1189
5211.623886,2730625859,2730627048,16175,1189
5211.641922,2730640078,2730641270,16262,1192
5211.653949,2730649522,2730650711,16313,1189
5211.664331,2730656352,2730657252,15123,900
5211.676492,2730665019,2730666130,15821,1111
5211.700531,2730682738,2730683842,15829,1104
5211.712563,2730691618,2730692726,15916,1108
5211.733599,2730707132,2730708242,15960,1110
5211.745617,2730716018,2730717122,15858,1104
5211.760652,2730727103,2730728211,15918,1108
5211.772669,2730735973,2730737078,15842,1105
5211.796721,2730753706,2730754814,15977,1108
5211.808743,2730762576,2730763685,15863,1109
5211.832788,2730780303,2730781414,15963,1111
5211.844806,2730789165,2730790275,15859,1110
5211.860848,2730802467,2730803567,15838,1100
5211.880875,2730815758,2730816866,15844,1108
5211.892902,2730824630,2730825736,15883,1106
5211.907932,2730835717,2730836831,15909,1114
5211.919955,2730844600,2730845709,15817,1109
5211.931977,2730853468,2730854577,15874,1109
5211.943994,2730862325,2730863425,15858,1100
5211.956023,2730871182,2730872292,15909,1110
5211.968046,2730880031,2730881135,15974,1104
5211.980063,2730888900,2730890015,15841,1115
5211.993093,2730899987,2730901092,15972,1105
5212.028161,2730924338,2730925441,15908,1103
5212.040182,2730933202,2730934307,15966,1105
5212.052200,2730942058,2730943167,15840,1109
5212.064228,2730950912,2730952019,15906,1107
5212.076254,2730959780,2730960885,15976,1105
5212.088269,2730968656,2730969760,15846,1104
5212.100296,2730977515,2730978625,15905,1110
5212.112320,2730986387,2730987496,15969,1109
5212.124337,2730995267,2730996370,15844,1103
5212.136368,2731004126,2731005235,15822,1109
5212.148390,2731012994,2731014103,15947,1109
5212.160406,2731021865,2731022969,15783,1104
5212.176448,2731035151,2731036263,15861,1112
5212.196475,2731048460,2731049565,15788,1105
5212.208505,2731057321,2731058430,15906,1109
5212.220527,2731066173,2731067278,15890,1105
5212.232543,2731075039,2731076153,15846,1114
5212.244573,2731083898,2731085007,15909,1109
5212.256596,2731092764,2731093869,15913,1105
5212.280641,2731110475,2731111588,15905,1113
5212.292665,2731119365,2731120473,16069,1108
5212.316711,2731137088,2731138197,15910,1109
5212.328732,2731145993,2731147098,15887,1105
5212.349766,2731161504,2731162613,15844,1109
5212.361795,2731170366,2731171472,15988,1106
5212.376818,2731181452,2731182556,15839,1104
5212.388847,2731190329,2731191438,15990,1109
5212.400871,2731199188,2731200288,15988,1100
5212.412886,2731208052,2731209151,15843,1099
5212.427922,2731219131,2731220240,15979,1109
5212.439940,2731228375,2731229489,15849,1114
5212.451969,2731237255,2731238364,15988,1109
5212.463991,2731246129,2731247242,15987,1113
5212.476007,2731254995,2731256099,15833,1104
5212.488035,2731263839,2731264943,15905,1104
5212.524105,2731290385,2731291488,15957,1103
5212.536127,2731299242,2731300345,15977,1103
5212.548143,2731308098,2731309207,15844,1109
5212.560173,2731316960,2731318064,15907,1104
5212.578207,2731330256,2731331365,15905,1109
5212.590231,2731339131,2731340241,15987,1110
5212.605262,2731350218,2731351323,15911,1105
5212.641329,2731376780,2731377889,15911,1109
5212.653351,2731385636,2731386745,15916,1109
5212.665367,2731394513,2731395623,15827,1110
5212.677395,2731403374,2731404478,15905,1104
5212.692418,2731414450,2731415557,15828,1107
5212.704450,2731423302,2731424407,15824,1105
5212.728486,2731441014,2731442113,15847,1099
5212.740519,2731449880,2731450989,15910,1109
5212.755538,2731460947,2731462050,15782,1103
5212.767567,2731469815,2731470928,15904,1113
5212.785601,2731483114,2731484224,15903,1110
5212.797626,2731491976,2731493087,15945,1111
5212.821672,2731509706,2731510820,15917,1114
5212.833693,2731518588,2731519697,15982,1109
5212.845709,2731527436,2731528538,15845,1102
5212.857738,2731536281,2731537396,15904,1115
5212.869763,2731545154,2731546259,15990,1105
5212.881779,2731554005,2731555110,15793,1105
5212.893807,2731562866,2731563971,15870,1105
5212.905830,2731571730,2731572838,15978,1108
5212.917847,2731580610,2731581719,15847,1109
5212.929877,2731589463,2731590575,15908,1112
5212.941899,2731598333,2731599442,15978,1109
5212.953917,2731607197,2731608306,15837,1109
5212.965942,2731616061,2731617174,15900,1113
5213.002013,2731642668,2731643776,15913,1108
5213.038081,2731669253,2731670367,15906,1114
5213.050104,2731678111,2731679220,15873,1109
5213.065131,2731689167,2731690271,15900,1104
5213.077156,2731698023,2731699132,15978,1109
5213.092182,2731709074,2731710183,15903,1109
5213.104206,2731717930,2731719035,15968,1105
5213.116224,2731726795,2731727904,15857,1109
5213.128253,2731735657,2731736757,15910,1100
5213.140275,2731744510,2731745618,15960,1108
5213.152292,2731753355,2731754468,15840,1113
5213.164321,2731762238,2731763344,15905,1106
5213.176346,2731771094,2731772203,15992,1109
5213.188361,2731779966,2731781079,15824,1113
5213.200392,2731788834,2731789943,15868,1109
5213.216426,2731802121,2731803220,15908,1099
5213.257500,2731830901,2731832005,15990,1104
5213.269516,2731839758,2731840867,15833,1109
5213.287550,2731853040,2731854145,15832,1105
5213.299580,2731861886,2731862991,15827,1105
5213.317614,2731875155,2731876264,15902,1109
5213.329636,2731884028,2731885134,15979,1106
5213.353681,2731901744,2731902858,15905,1114
5213.365706,2731910615,2731911719,15942,1104
5213.383741,2731923908,2731925022,15990,1114
5213.395763,2731932792,2731933903,15908,1111
5213.407786,2731941655,2731942764,15907,1109
5213.419808,2731950519,2731951624,15975,1105
5213.431824,2731959377,2731960486,15847,1109
5213.443855,2731968233,2731969343,15911,1110
5213.479922,2731994786,2731995889,15907,1103
5213.491946,2732003636,2732004743,15991,1107
5213.503962,2732012474,2732013579,15763,1105
5213.515991,2732021324,2732022433,15823,1109
5213.528013,2732030182,2732031296,15973,1114
5213.540030,2732039043,2732040147,15846,1104
5213.552059,2732047918,2732049026,15906,1108
5213.564083,2732056775,2732057883,15995,1108
5213.576099,2732065639,2732066748,15828,1109
5213.627202,2732103294,2732104399,15974,1105
5213.642232,2732114383,2732115487,15906,1104
5213.729390,2732178583,2732179695,15850,1112
5213.741420,2732187455,2732188560,15908,1105
5213.756441,2732198530,2732199635,15826,1105
5213.768470,2732207379,2732208488,15910,1109
5213.783493,2732218476,2732219576,15790,1100
5213.795524,2732227328,2732228436,15910,1108
5213.807545,2732236188,2732237293,15933,1105
5213.819561,2732245049,2732246154,15845,1105
5213.831592,2732253910,2732255010,15909,1100
5213.843615,2732262759,2732263867,15916,1108
5213.855630,2732271630,2732272734,15832,1104
5213.867659,2732280489,2732281594,15913,1105
5213.888701,2732295998,2732297107,15992,1109
5213.900716,2732304859,2732305968,15847,1109
5213.927767,2732324782,2732325886,15845,1104
5213.939798,2732333634,2732334738,15911,1104
5213.951823,2732342891,2732343994,15968,1103
5213.975865,2732360637,2732361746,15904,1109
5213.987889,2732369511,2732370617,15987,1106
5213.999904,2732378368,2732379471,15846,1103
5214.011935,2732387212,2732388315,15825,1103
5214.023956,2732396089,2732397197,15889,1108
5214.035973,2732404949,2732406058,15805,1109
5214.048002,2732413818,2732414926,15864,1108
5214.060028,2732422651,2732423764,15990,1113
5214.072042,2732431517,2732432622,15832,1105
5214.084071,2732440385,2732441489,15908,1104
5214.096094,2732449243,2732450350,15978,1107
5214.159215,2732495737,2732496851,15989,1114
5214.174242,2732506821,2732507926,15868,1105
5214.198282,2732524522,2732525626,15858,1104
5214.213315,2732535592,2732536698,15965,1106
5214.225333,2732544431,2732545536,15866,1105
5214.237362,2732553295,2732554400,15907,1105
5214.261402,2732571024,2732572135,15925,1111
5214.276437,2732582119,2732583224,16058,1105
5214.288459,2732590976,2732592080,15903,1104
5214.312504,2732608680,2732609789,15918,1109
5214.324522,2732617531,2732618640,15776,1109
5214.364604,2732648505,2732649609,15975,1104
5214.384643,2732661817,2732662922,15892,1105
5214.396659,2732670692,2732671799,15848,1107
5214.408689,2732679552,2732680661,15822,1109
5214.420711,2732688423,2732689532,15933,1109
5214.432728,2732697290,2732698399,15762,1109
5214.444757,2732706147,2732707250,15825,1103
5214.471808,2732726056,2732727165,15907,1109
5214.483832,2732734914,2732736022,15904,1108
5214.501865,2732748203,2732749312,15974,1109
5214.513882,2732757064,2732758169,15846,1105
5214.549951,2732783623,2732784732,15831,1109
5214.561980,2732792491,2732793603,15906,1112
5214.574004,2732801352,2732802459,15991,1107
5214.589032,2732812424,2732813538,15908,1114
5214.601054,2732821315,2732822423,15975,1108
5214.613070,2732830167,2732831277,15800,1110
5214.625101,2732839022,2732840131,15901,1109
5214.664175,2732867811,2732868924,15818,1113
5214.676191,2732876672,2732877777,15838,1105
5214.688221,2732885528,2732886637,15914,1109
5214.700242,2732894388,2732895494,15975,1106
5214.721276,2732909896,2732911001,15841,1105
5214.733305,2732918793,2732919906,15912,1113
5214.760358,2732938818,2732939932,15910,1114
5214.772380,2732947717,2732948831,15889,1114
5214.784404,2732956606,2732957716,15907,1110
5214.796425,2732965499,2732966612,15911,1113
5214.808450,2732974379,2732975486,15993,1107
5214.883591,2733029772,2733030881,15908,1109
5214.895614,2733038644,2733039758,15902,1114
5214.919654,2733056365,2733057474,15830,1109
5214.931683,2733065212,2733066321,15910,1109
5214.943705,2733074072,2733075171,15976,1099
5214.955722,2733082920,2733084034,15846,1114
5214.967753,2733091791,2733092900,15908,1109
5214.979774,2733100648,2733101759,16060,1111
5214.991791,2733109523,2733110632,15917,1109
5215.003820,2733118390,2733119499,15914,1109
5215.015844,2733127265,2733128374,15990,1109
5215.027859,2733136134,2733137245,15829,1111
5215.039889,2733144989,2733146092,15908,1103
5215.060929,2733160482,2733161590,15975,1108
5215.072945,2733169356,2733170468,15764,1112
5215.087982,2733180424,2733181538,15993,1114
5215.099997,2733189300,2733190405,15829,1105
5215.112026,2733198175,2733199282,15911,1107
5215.124050,2733207038,2733208143,15991,1105
5215.136065,2733215889,2733216994,15843,1105
5215.148096,2733224737,2733225842,15908,1105
5215.160117,2733233595,2733234694,15976,1099
5215.208202,2733269008,2733270108,15829,1100
5215.220232,2733277885,2733278989,15911,1104
5215.232254,2733286754,2733287864,15919,1110
5215.244271,2733295625,2733296740,15846,1115
5215.256301,2733304501,2733305605,15906,1104
5215.268323,2733313378,2733314489,15975,1111
5215.304393,2733339953,2733341062,15991,1109
5215.316409,2733348846,2733349954,15831,1108
5215.361494,2733382013,2733383117,15851,1104
5215.373524,2733390871,2733391977,15906,1106
5215.385544,2733399727,2733400832,15936,1105
5215.397559,2733408533,2733409635,15707,1102
5215.415597,2733421776,2733422881,15903,1105
5215.427627,2733430649,2733431755,15964,1106
5215.439645,2733439516,2733440625,15935,1109
5215.457678,2733452754,2733453859,15970,1105
5215.468205,2733460659,2733461768,16061,1109
5215.480221,2733469508,2733470618,15850,1110
5215.492244,2733478332,2733479442,15614,1110
5215.504269,2733487164,2733488264,15948,1100
5215.516289,2733495977,2733497081,15967,1104
5215.528316,2733504764,2733505870,15707,1106
5215.624495,2733575310,2733576413,15966,1103
5215.636516,2733584252,2733585363,15627,1111
5215.693629,2733626154,2733627261,16027,1107
5215.705650,2733634998,2733636104,16050,1106
5215.735705,2733657053,2733658162,15906,1109
5215.747736,2733665900,2733667008,15967,1108
5215.759752,2733674719,2733675812,15968,1093
5215.777786,2733687917,2733689024,15850,1107
5215.789805,2733696751,2733697848,15599,1097
5215.831893,2733727579,2733728681,15951,1102
5215.843908,2733736427,2733737529,15592,1102
5215.855937,2733745280,2733746389,15967,1109
5215.867958,2733754113,2733755218,15966,1105
5215.879980,2733762923,2733764037,15829,1114
5215.892006,2733771733,2733772833,16035,1100
5215.913044,2733787184,2733788293,15966,1109
5215.925071,2733795973,2733797079,15794,1106
5215.946114,2733811447,2733812556,15967,1109
5215.958131,2733820276,2733821385,15967,1109
5215.976164,2733833507,2733834616,15863,1109
5215.988182,2733842345,2733843446,15597,1101
5216.000216,2733851193,2733852297,15968,1104
5216.012232,2733860006,2733861111,16045,1105
5216.024262,2733868807,2733869888,16022,1081
5216.036281,2733877582,2733878687,16033,1105
5216.048303,2733886439,2733887551,15863,1112
5216.060323,2733895274,2733896385,15781,1111
5216.159509,2733968040,2733969135,15629,1095
5216.240663,2734027548,2734028654,15625,1106
5216.252692,2734036382,2734037491,15955,1109
5216.264713,2734045217,2734046316,15979,1099
5216.297778,2734069458,2734070563,15946,1105
5216.309798,2734078280,2734079392,15961,1112
5216.327836,2734091497,2734092602,15949,1105
5216.339851,2734100304,2734101379,15811,1075
5216.351883,2734109081,2734110164,15801,1083
5216.363901,2734117838,2734118938,15966,1100
5216.375923,2734126656,2734127755,15787,1099
5216.387949,2734135483,2734136592,15950,1109
5216.399970,2734144304,2734145403,16043,1099
5216.457074,2734186070,2734187178,15629,1108
5216.469104,2734194890,2734196000,15949,1110
5216.481126,2734203764,2734204868,15936,1104
5216.493143,2734212586,2734213687,15597,1101
5216.520202,2734232399,2734233501,15710,1102
5216.532224,2734241227,2734242327,15953,1100
5216.544244,2734250048,2734251152,15921,1104
5216.556269,2734258869,2734259944,15809,1075
5216.568294,2734267646,2734268720,15760,1074
5216.580315,2734276418,2734277532,15942,1114
5216.601348,2734291828,2734292930,15622,1102
5216.613382,2734300661,2734301766,15958,1105
5216.625401,2734309477,2734310575,15947,1098
5216.664469,2734338069,2734339170,15703,1101
5216.676502,2734346921,2734348023,15963,1102
5216.688519,2734355728,2734356841,15970,1113
5216.796725,2734435109,2734436214,16045,1105
5216.808743,2734443902,2734444997,15630,1095
5216.820776,2734452696,2734453795,15995,1099
5216.871867,2734490067,2734491171,15829,1104
5216.883897,2734498924,2734500029,15965,1105
5216.895913,2734507729,2734508834,16045,1105
5216.907932,2734516517,2734517625,15621,1108
5216.919964,2734525327,2734526438,15952,1111
5216.931981,2734534152,2734535255,15957,1103
5216.968050,2734560558,2734561668,15855,1110
5216.980072,2734569772,2734570875,15598,1103
5217.010133,2734591796,2734592904,15945,1108
5217.022156,2734600621,2734601730,15950,1109
5217.034172,2734609402,2734610507,15633,1105
5217.076258,2734640326,2734641430,15935,1104
5217.088275,2734649113,2734650223,15631,1110
5217.100308,2734657972,2734659077,15967,1105
5217.115334,2734668971,2734670074,15786,1103
5217.157410,2734699818,2734700922,15963,1104
5217.169432,2734708630,2734709739,15823,1109
5217.181462,2734717497,2734718606,15961,1109
5217.217530,2734743915,2734745019,15995,1104
5217.229547,2734752737,2734753851,15963,1114
5217.256599,2734772531,2734773640,16047,1109
5217.268620,2734781359,2734782473,15830,1114
5217.280647,2734790188,2734791297,15946,1109
5217.292669,2734799047,2734800148,15847,1101
5217.304686,2734807829,2734808934,15633,1105
5217.319722,2734818904,2734820013,15951,1109
5217.331738,2734827701,2734828809,15629,1108
5217.343772,2734836552,2734837663,15973,1111
5217.361801,2734849774,2734850878,15942,1104
5217.373823,2734858614,2734859722,16013,1108
5217.415907,2734889445,2734890554,16072,1109
5217.427925,2734898247,2734899352,15970,1105
5217.439944,2734907032,2734908138,15705,1106
5217.457978,2734920257,2734921358,15623,1101
5217.470011,2734929105,2734930210,15961,1105
5217.482027,2734937906,2734939011,15914,1105
5217.494048,2734946695,2734947805,15623,1110
5217.533127,2734975327,2734976436,15945,1109
5217.545148,2734984151,2734985251,15875,1100
5217.560179,2734995173,2734996287,15940,1114
5217.635319,2735050301,2735051410,15960,1109
5217.647338,2735059096,2735060200,15627,1104
5217.659367,2735067897,2735069004,16029,1107
5217.671389,2735076742,2735077855,15995,1113
5217.683410,2735085565,2735086674,15915,1109
5217.695438,2735094406,2735095511,15960,1105
5217.707456,2735103218,2735104322,15918,1104
5217.719478,2735112010,2735113085,15809,1075
5217.731504,2735120793,2735121902,15862,1109
5217.743524,2735129640,2735130749,15933,1109
5217.755546,2735138442,2735139549,15620,1107
5217.767577,2735147290,2735148398,15966,1108
5217.779594,2735156110,2735157219,15965,1109
5217.791612,2735164903,2735166013,15628,1110
5217.803642,2735173721,2735174825,15949,1104
5217.821681,2735186940,2735188019,15804,1079
5217.833697,2735195693,2735196803,15964,1110
5217.857745,2735213346,2735214455,15964,1109
5217.869766,2735222212,2735223322,15850,1110
5217.896816,2735242015,2735243129,16045,1114
5217.908843,2735250834,2735251938,15714,1104
5217.923868,2735261875,2735262978,15962,1103
5217.959936,2735288278,2735289384,15850,1106
5217.971955,2735297104,2735298212,15555,1108
5217.983985,2735305930,2735307035,15985,1105
5217.996005,2735314766,2735315875,16044,1109
5218.008031,2735323586,2735324698,15712,1112
5218.020057,2735332447,2735333552,15969,1105
5218.032074,2735341252,2735342355,15966,1103
5218.044092,2735350027,2735351129,15705,1102
5218.056122,2735358856,2735359965,16029,1109
5218.068144,2735367715,2735368818,15935,1103
5218.086176,2735380911,2735382010,16046,1099
5218.098195,2735389671,2735390769,15704,1098
5218.113231,2735400769,2735401883,15948,1114
5218.125246,2735409579,2735410683,15625,1104
5218.155310,2735431612,2735432717,15940,1105
5218.176348,2735447079,2735448188,15962,1109
5218.188366,2735455931,2735457045,15587,1114
5218.257503,2735506556,2735507654,15856,1098
5218.269521,2735515365,2735516462,15553,1097
5218.281550,2735524172,2735525276,15856,1104
5218.308605,2735543963,2735545067,15990,1104
5218.320621,2735552825,2735553927,15880,1102
5218.344671,2735570440,2735571549,15942,1109
5218.356691,2735579256,2735580366,15853,1110
5218.380739,2735596891,2735597991,15949,1100
5218.392760,2735605706,2735606820,15968,1114
5218.480932,2735671866,2735672975,15932,1109
5218.497962,2735683033,2735684138,15939,1105
5218.517493,2735697710,2735698816,15596,1106
5218.529522,2735706535,2735707643,15947,1108
5218.583625,2735746205,2735747310,16031,1105
5218.595645,2735755041,2735756151,15844,1110
5218.607667,2735763867,2735764969,15830,1102
5218.619694,2735772672,2735773776,15989,1104
5218.640731,2735788115,2735789217,16046,1102
5218.652758,2735796890,2735797992,15709,1102
5218.688819,2735823342,2735824448,15622,1106
5218.700848,2735832171,2735833274,15952,1103
5218.724887,2735849814,2735850924,15630,1110
5218.736920,2735858680,2735859785,15878,1105
5218.789019,2735898299,2735899401,15946,1102
5218.857145,2735946831,2735947939,15958,1108
5218.869161,2735955607,2735956702,15625,1095
5218.893212,2735973202,2735974316,16046,1114
5218.905233,2735982026,2735983135,15879,1109
5218.920263,2735993071,2735994174,16048,1103
5218.932285,2736001878,2736002982,15866,1104
5218.944311,2736010711,2736011820,15942,1109
5218.983383,2736039353,2736040455,15967,1102
5218.995402,2736048143,2736049244,15624,1101
5219.007437,2736056980,2736058083,15875,1103
5219.019452,2736065791,2736066896,15967,1105
5219.040487,2736081179,2736082288,15703,1109
5219.052519,2736089996,2736091101,16073,1105
5219.104619,2736129585,2736130685,16044,1100
5219.136674,2736151621,2736152726,15969,1105
5219.148701,2736160411,2736161517,15701,1106
5219.160722,2736169246,2736170359,15950,1113
5219.208813,2736204507,2736205621,15944,1114
5219.220830,2736213349,2736214446,15592,1097
5219.241877,2736228782,2736229887,15945,1105
5219.253900,2736237591,2736238700,15955,1109
5219.309014,2736279511,2736280617,15590,1106
5219.338053,2736299339,2736300441,15589,1102
5219.350086,2736308159,2736309263,15954,1104
5219.362105,2736316984,2736318092,15963,1108
5219.374121,2736325765,2736326870,15629,1105
5219.386151,2736334573,2736335682,15941,1109
5219.419208,2736358809,2736359911,15634,1102
5219.434240,2736369838,2736370943,15964,1105
5219.446267,2736378629,2736379734,15790,1105
5219.521409,2736433695,2736434795,15952,1100
5219.533430,2736442533,2736443632,16019,1099
5219.560480,2736462339,2736463444,15969,1105
5219.572499,2736471135,2736472228,15703,1093
5219.623601,2736508599,2736509701,16046,1102
5219.635619,2736517405,2736518511,15626,1106
5219.647652,2736526222,2736527327,15999,1105
5219.665683,2736539443,2736540552,16026,1109
5219.677703,2736548252,2736549361,16046,1109
5219.695737,2736561462,2736562573,15937,1111
5219.707756,2736570299,2736571401,15598,1102
5219.719788,2736579117,2736580195,15807,1078
5219.737820,2736592248,2736593348,16029,1100
5219.749840,2736601084,2736602199,15675,1115
5219.767874,2736614424,2736615529,15847,1105
5219.779902,2736623326,2736624436,15908,1110
5219.791924,2736632222,2736633337,15962,1115
5219.803942,2736641124,2736642228,15939,1104
5219.815971,2736649990,2736651099,15991,1109
5219.827990,2736658822,2736659930,16016,1108
5219.840012,2736667649,2736668761,15973,1112
5219.852030,2736676432,2736677538,15642,1106
5219.873076,2736691880,2736692989,15931,1109
5219.885101,2736700714,2736701825,15891,1111
5219.909147,2736718479,2736719593,15905,1114
5219.921171,2736727381,2736728499,15951,1118
5219.945217,2736745157,2736746262,15908,1105
5219.957235,2736753957,2736755060,15924,1103
5219.969253,2736762785,2736763896,15607,1111
5220.005322,2736789258,2736790359,15605,1101
5220.017356,2736798518,2736799623,15952,1105
5220.041397,2736816106,2736817212,15789,1106
5220.053418,2736824925,2736826034,16013,1109
5220.092492,2736853428,2736854539,15947,1111
5220.104510,2736862260,2736863363,15610,1103
5220.116541,2736871044,2736872153,15967,1109
5220.161628,2736903879,2736904984,15996,1105
5220.176652,2736914835,2736915941,15711,1106
5220.188677,2736923680,2736924789,15945,1109
5220.239778,2736960934,2736962039,15780,1105
5220.251797,2736969771,2736970885,16026,1114
5220.264831,2736980745,2736981845,15913,1100
5220.296887,2737002756,2737003861,15998,1105
5220.308894,2737011531,2737012632,15680,1101
5220.320928,2737020360,2737021431,15890,1071
5220.360007,2737048932,2737050042,15961,1110
5220.372012,2737057690,2737058791,15685,1101
5220.390057,2737068218,2737068872,13643,654
5220.400327,2737072345,2737072974,12107,629
5220.414109,2737077770,2737078929,15455,1159
5220.426125,2737086995,2737088155,16248,1160
5220.438154,2737096297,2737097455,16291,1158
5220.450177,2737105584,2737106746,16380,1162
5220.468211,2737119621,2737120809,16377,1188
5220.480226,2737128972,2737130153,16000,1181
5220.492259,2737138303,2737139467,16344,1164
5220.507277,2737150107,2737151297,15999,1190
5220.519310,2737159504,2737160661,16347,1157
5220.531331,2737168849,2737170038,16291,1189
5220.543348,2737178271,2737179455,16232,1184
5220.555376,2737187659,2737188792,16106,1133
5220.567401,2737197046,2737198235,16396,1189
5220.579414,2737206503,2737207686,15997,1183
5220.591448,2737215923,2737217117,16351,1194
5220.603468,2737225353,2737226542,16377,1189
5220.615483,2737235017,2737236194,16082,1177
5220.627516,2737244442,2737245632,16350,1190
5220.639539,2737253858,2737255045,16419,1187
5220.651551,2737263258,2737264449,16002,1191
5220.663583,2737272683,2737273852,16350,1169
5220.675609,2737282159,2737283318,16416,1159
5220.687620,2737291532,2737292693,16000,1161
5220.699653,2737300934,2737302122,16307,1188
5220.711674,2737310385,2737311579,16377,1194
5220.723689,2737319757,2737320942,16000,1185
5220.735721,2737329176,2737330364,16341,1188
5220.747743,2737338681,2737339874,16381,1193
5220.759757,2737348124,2737349307,15962,1183
5220.771789,2737357607,2737358790,16345,1183
5220.783813,2737367098,2737368292,16310,1194
5220.795828,2737376510,2737377700,16205,1190
5220.807859,2737385990,2737387155,16350,1165
5220.819880,2737395452,2737396641,16292,1189
5220.831898,2737404870,2737406061,16014,1191
5220.843929,2737414368,2737415532,16365,1164
5220.855949,2737423828,2737424995,16381,1167
5220.867960,2737433227,2737434414,15881,1187
5220.879996,2737442705,2737443897,16263,1192
5220.892331,2737451883,2737452790,15291,907
5220.905544,2737460545,2737461658,15980,1113
5220.924587,2737475979,2737477080,15567,1101
5220.941612,2737487013,2737488127,15969,1114
5220.953626,2737495878,2737496978,15521,1100
5220.965659,2737504702,2737505808,15934,1106
5220.992711,2737524562,2737525668,15900,1106
5221.004732,2737533408,2737534518,15969,1110
5221.020762,2737546687,2737547790,15963,1103
5221.032793,2737555534,2737556640,15681,1106
5221.061832,2737575369,2737576472,15606,1103
5221.073865,2737584209,2737585320,15895,1111
5221.100914,2737604032,2737605115,15745,1083
5221.112938,2737612825,2737613931,15972,1106
5221.124952,2737621633,2737622736,15599,1103
5221.136985,2737630475,2737631589,15909,1114
5221.152004,2737641525,2737642626,15606,1101
5221.164034,2737650337,2737651415,15748,1078
5221.176058,2737659125,2737660234,15884,1109
5221.188072,2737667924,2737669022,15606,1098
5221.206109,2737681158,2737682261,15801,1103
5221.218140,2737689995,2737691103,15936,1108
5221.242175,2737707650,2737708753,15606,1103
5221.254208,2737716510,2737717621,15903,1111
5221.266229,2737725342,2737726451,15980,1109
5221.276328,2737734169,2737735275,15611,1106
5221.290277,2737742986,2737744094,15946,1108
5221.308311,2737756212,2737757321,15938,1109
5221.320332,2737765041,2737766155,15972,1114
5221.344380,2737782676,2737783786,15942,1110
5221.356401,2737791496,2737792605,15931,1109
5221.372428,2737804721,2737805826,15969,1105
5221.413500,2737833308,2737834415,15679,1107
5221.425534,2737842134,2737843244,16019,1110
5221.437555,2737851014,2737852114,15886,1100
5221.449569,2737859801,2737860907,15602,1106
5221.476623,2737879672,2737880777,15844,1105
5221.488654,2737888498,2737889614,15942,1116
5221.512689,2737906128,2737907238,15715,1110
5221.524334,2737915365,2737916475,15940,1110
5221.545760,2737930859,2737931968,16053,1109
5221.557777,2737939659,2737940765,15601,1106
5221.575810,2737952884,2737953987,15607,1103
5221.587842,2737961707,2737962807,15940,1100
5221.599864,2737970525,2737971630,15979,1105
5221.611878,2737979306,2737980412,15678,1106
5221.623911,2737988148,2737989252,15914,1104
5221.635932,2737996988,2737998093,15870,1105
5221.647946,2738005789,2738006892,15619,1103
5221.659978,2738014616,2738015725,15937,1109
5221.681016,2738030110,2738031219,15969,1109
5221.693032,2738038940,2738040046,15617,1106
5221.705064,2738047749,2738048858,16025,1109
5221.756152,2738085261,2738086363,15695,1102
5221.768186,2738094083,2738095192,15942,1109
5221.780205,2738102913,2738104022,15972,1109
5221.837307,2738144764,2738145860,15599,1096
5221.849340,2738153621,2738154730,15916,1109
5221.867375,2738166859,2738167968,15942,1109
5221.879395,2738175692,2738176806,15983,1114
5221.891409,2738184510,2738185620,15601,1110
5221.912460,2738199978,2738201087,15990,1109
5221.924480,2738208806,2738209914,16053,1108
5221.969567,2738241846,2738242955,15976,1109
5221.981581,2738250645,2738251756,15639,1111
5221.993615,2738259458,2738260562,15895,1104
5222.005635,2738268278,2738269385,15972,1107
5222.017649,2738277086,2738278187,15603,1101
5222.029683,2738285895,2738286995,15851,1100
5222.044701,2738296901,2738298008,15601,1107
5222.056733,2738305733,2738306845,15943,1112
5222.068754,2738314564,2738315673,15958,1109
5222.080769,2738323359,2738324466,15620,1107
5222.096815,2738336578,2738337679,15689,1101
5222.108836,2738345394,2738346503,16018,1109
5222.149909,2738374093,2738375197,15965,1104
5222.161924,2738382931,2738384036,15578,1105
5222.173956,2738391759,2738392863,15896,1104
5222.185975,2738400553,2738401664,15935,1111
5222.197992,2738409349,2738410445,15617,1096
5222.216026,2738422554,2738423660,15619,1106
5222.228059,2738431378,2738432487,16024,1109
5222.240079,2738440256,2738441361,15961,1105
5222.252095,2738449045,2738450148,15616,1103
5222.264129,2738457871,2738458985,15945,1114
5222.285167,2738473330,2738474439,15964,1109
5222.297183,2738482128,2738483226,15601,1098
5222.312218,2738493153,2738494258,15968,1105
5222.324233,2738501938,2738503045,15597,1107
5222.342267,2738515174,2738516276,15674,1102
5222.357304,2738526213,2738527317,16049,1104
5222.369318,2738535030,2738536136,15604,1106
5222.393373,2738552687,2738553796,15984,1109
5222.405387,2738561522,2738562626,15606,1104
5222.420424,2738572547,2738573651,16050,1104
5222.432438,2738581335,2738582442,15680,1107
5222.456493,2738599024,2738600131,15977,1107
5222.468507,2738607870,2738608973,15599,1103
5222.480540,2738616692,2738617796,15941,1104
5222.496574,2738629912,2738631017,16023,1105
5222.567698,2738680617,2738681726,15853,1109
5222.579729,2738689456,2738690562,15942,1106
5222.591750,2738698278,2738699383,15978,1105
5222.603764,2738707081,2738708178,15679,1097
5222.615797,2738715899,2738717004,15938,1105
5222.627818,2738724723,2738725832,15975,1109
5222.645853,2738737950,2738739054,15965,1104
5222.657867,2738746728,2738747833,15602,1105
5222.675904,2738760033,2738761143,15933,1110
5222.687935,2738768858,2738769964,15949,1106
5222.699955,2738777675,2738778784,15971,1109
5222.711975,2738786533,2738787641,15851,1108
5222.724003,2738795356,2738796466,16022,1110
5222.736024,2738804176,2738805280,15883,1104
5222.748038,2738812975,2738814076,15524,1101
5222.760072,2738821781,2738822890,15939,1109
5222.781110,2738837286,2738838395,15970,1109
5222.793124,2738846077,2738847175,15524,1098
5222.814175,2738861515,2738862619,15938,1104
5222.826196,2738870364,2738871468,15967,1104
5222.844230,2738883594,2738884703,16051,1109
5222.856244,2738892409,2738893517,15605,1108
5222.868278,2738901219,2738902324,15944,1105
5222.907350,2738929915,2738931026,15950,1111
5222.919361,2738938781,2738939888,15567,1107
5222.931398,2738947627,2738948736,15942,1109
5222.943418,2738956446,2738957550,16051,1104
5222.955433,2738965236,2738966347,15606,1111
5222.967466,2738974058,2738975162,15943,1104
5222.979487,2738982868,2738983976,15976,1108
5222.991501,2738991686,2738992788,15598,1102
5223.003535,2739000502,2739001604,15940,1102
5223.015556,2739009310,2739010417,16056,1107
5223.027570,2739018108,2739019211,15679,1103
5223.039605,2739027365,2739028479,15928,1114
5223.051624,2739036227,2739037339,15971,1112
5223.063639,2739045031,2739046137,15527,1106
5223.075672,2739053855,2739054964,15857,1109
5223.087693,2739062715,2739063821,15972,1106
5223.099707,2739071513,2739072613,15524,1100
5223.111740,2739080331,2739081437,15854,1106
5223.123762,2739089155,2739090263,15973,1108
5223.135776,2739097929,2739099030,15603,1101
5223.159830,2739115630,2739116732,15969,1102
5223.183878,2739133272,2739134381,16022,1109
5223.195898,2739142117,2739143217,15883,1100
5223.207913,2739150916,2739152017,15603,1101
5223.219947,2739159750,2739160853,15939,1103
5223.231967,2739168565,2739169670,15972,1105
5223.243982,2739177358,2739178464,15603,1106
5223.256015,2739186202,2739187308,15937,1106
5223.268036,2739195028,2739196133,15986,1105
5223.280055,2739203864,2739204973,15846,1109
5223.292083,2739212692,2739213796,15921,1104
5223.304104,2739221517,2739222619,15930,1102
5223.316119,2739230322,2739231425,15601,1103
5223.328153,2739239165,2739240248,15757,1083
5223.340173,2739247974,2739249078,15884,1104
5223.352187,2739256775,2739257882,15604,1107
5223.364221,2739265605,2739266714,15938,1109
5223.382252,2739278823,2739279906,15745,1083
5223.394276,2739287636,2739288741,15970,1105
5223.409307,2739298646,2739299755,15943,1109
5223.421327,2739307460,2739308563,15982,1103
5223.457396,2739333949,2739335054,15972,1105
5223.469410,2739342754,2739343857,15604,1103
5223.481444,2739351605,2739352710,15919,1105
5223.523513,2739382506,2739383613,15605,1107
5223.535546,2739391343,2739392452,16025,1109
5223.547567,2739400166,2739401275,15976,1109
5223.559582,2739408970,2739410071,15679,1101
5223.571615,2739417790,2739418899,16023,1109
5223.589649,2739430999,2739432108,15935,1109
5223.601670,2739439817,2739440926,15972,1109
5223.625718,2739457429,2739458534,15938,1105
5223.637739,2739466252,2739467359,15971,1107
5223.673807,2739492652,2739493757,15966,1105
5223.685822,2739501457,2739502560,15605,1103
5223.704872,2739516967,2739518076,15941,1109
5223.721890,2739527996,2739529105,15604,1109
5223.733921,2739536818,2739537901,15748,1083
5223.751958,2739550018,2739551132,15943,1114
5223.763979,2739558878,2739559983,15944,1105
5223.775994,2739567680,2739568786,15564,1106
5223.794028,2739580898,2739582005,15604,1107
5223.806061,2739589716,2739590827,15940,1111
5223.866165,2739633818,2739634925,15605,1107
5223.878200,2739642640,2739643739,15854,1099
5223.893216,2739653647,2739654750,15603,1103
5223.905250,2739662464,2739663573,15938,1109
5223.917271,2739671332,2739672437,15885,1105
5223.972382,2739713278,2739714387,15823,1109
5223.984405,2739722179,2739723288,15824,1109
5224.001431,2739733318,2739734428,15883,1110
5224.013453,2739742216,2739743324,15904,1108
5224.028482,2739753352,2739754462,15906,1110
5224.040505,2739762247,2739763357,15900,1110
5224.052527,2739771141,2739772249,15812,1108
5224.067557,2739782259,2739783372,15912,1113
5224.085591,2739795609,2739796718,15906,1109
5224.097614,2739804505,2739805619,15900,1114
5224.109639,2739813402,2739814512,15909,1110
5224.121164,2739823452,2739824566,15885,1114
5224.138191,2739834583,2739835697,15820,1114
5224.150214,2739843487,2739844597,15903,1110
5224.162236,2739852381,2739853491,15898,1110
5224.174258,2739861276,2739862390,15913,1114
5224.189286,2739872407,2739873521,15905,1114
5224.207322,2739885772,2739886883,15906,1111
5224.240386,2739910234,2739911344,15915,1110
5224.252408,2739919127,2739920227,15868,1100
5224.264429,2739927945,2739929051,15953,1106
5224.276444,2739936761,2739937867,15617,1106
5224.288477,2739945573,2739946687,15849,1114
5224.300498,2739954404,2739955512,15957,1108
5224.312513,2739963251,2739964356,15616,1105
5224.324547,2739972111,2739973217,15937,1106
5224.336568,2739980938,2739982049,15971,1111
5224.348585,2739989772,2739990877,15847,1105
5224.360616,2739998581,2739999685,15939,1104
5224.393667,2740022843,2740023949,15598,1106
5224.405702,2740031660,2740032769,15937,1109
5224.465805,2740075727,2740076830,15600,1103
5224.477839,2740084552,2740085666,15945,1114
5224.504890,2740104410,2740105528,15943,1118
5224.516910,2740113261,2740114370,16009,1109
5224.543962,2740133113,2740134213,15973,1100
5224.555981,2740142486,2740143595,15863,1109
5224.568010,2740151355,2740152455,15940,1100
5224.580031,2740160179,2740161288,15967,1109
5224.592045,2740168988,2740170085,15601,1097
5224.604079,2740177781,2740178887,15713,1106
5224.616100,2740186578,2740187687,15979,1109
5224.628119,2740195411,2740196524,15936,1113
5224.640140,2740204176,2740205277,15635,1101
5224.652168,2740212953,2740214056,15976,1103
5224.664176,2740221736,2740222842,15682,1106
5224.676209,2740230494,2740231594,15640,1100
5224.694243,2740243634,2740244709,15829,1075
5224.706271,2740252429,2740253534,15958,1105
5224.721295,2740263327,2740264438,15636,1111
5224.733320,2740272170,2740273279,15938,1109
5224.745329,2740280935,2740282032,15678,1097
5224.757358,2740289722,2740290826,15807,1104
5224.772381,2740300679,2740301782,15675,1103
5224.784410,2740309454,2740310555,15630,1101
5224.796443,2740318305,2740319415,15906,1110
5224.808467,2740327163,2740328273,15940,1110
5224.824493,2740340450,2740341560,16052,1110
5224.844534,2740353758,2740354869,15982,1111
5224.856551,2740362627,2740363731,15826,1104
5224.871569,2740373634,2740374740,15681,1106
5224.883603,2740382391,2740383497,15640,1106
5224.895632,2740391179,2740392284,15978,1105
5224.907638,2740399942,2740401043,15680,1101
5224.919672,2740408714,2740409793,15864,1079
5224.931702,2740417486,2740418600,15987,1114
5224.943707,2740426289,2740427397,15642,1108
5224.955735,2740435108,2740436217,15815,1109
5224.967768,2740443888,2740444984,16059,1096
5224.979777,2740452661,2740453758,15753,1097
5224.991809,2740461388,2740462493,15708,1105
5225.003837,2740470167,2740471275,15957,1108
5225.015844,2740478931,2740480037,15675,1106
5225.027878,2740487746,2740488821,15649,1075
5225.039908,2740496509,2740497623,15974,1114
5225.051920,2740505267,2740506378,15638,1111
5225.063946,2740514069,2740515171,15635,1102
5225.075974,2740522842,2740523956,15975,1114
5225.087981,2740531595,2740532692,15678,1097
5225.100022,2740540343,2740541418,15903,1075
5225.112043,2740549086,2740550194,15982,1108
5225.124049,2740557837,2740558938,15680,1101
5225.136084,2740566627,2740567740,15793,1113
5225.148112,2740575468,2740576577,15977,1109
5225.160120,2740584245,2740585350,15723,1105
5225.172152,2740593000,2740594108,15717,1108
5225.184182,2740601779,2740602857,15825,1078
5225.196189,2740610545,2740611652,15681,1107
5225.208220,2740619305,2740620380,15835,1075
5225.220250,2740628064,2740629142,15901,1078
5225.232257,2740636812,2740637909,15761,1097
5225.244289,2740645594,2740646705,15715,1111
5225.256319,2740654426,2740655531,15990,1105
5225.268324,2740663182,2740664289,15762,1107
5225.337472,2740713686,2740714791,15983,1105
5225.349486,2740722492,2740723595,15605,1103
5225.385547,2740748816,2740749916,15679,1100
5225.397587,2740757559,2740758665,15709,1106
5225.445677,2740792635,2740793739,15972,1104
5225.457688,2740801426,2740802528,15680,1102
5225.544866,2740864964,2740866069,16056,1105
5225.556874,2740873804,2740874912,15756,1108
5225.568907,2740882561,2740883664,15714,1103
5225.662089,2740950557,2740951661,15981,1104
5225.674095,2740959317,2740960427,15753,1110
5225.686130,2740968085,2740969187,15634,1102
5225.752262,2741016342,2741017454,15997,1112
5225.764268,2741025187,2741026293,15756,1106
5225.776301,2741033949,2741035052,15635,1103
5225.791320,2741044939,2741046040,15753,1101
5225.869483,2741101983,2741103093,15982,1110
5225.881490,2741110747,2741111852,15756,1105
5225.893530,2741119499,2741120599,15669,1100
5225.905552,2741128279,2741129384,15973,1105
5225.917565,2741137035,2741138132,15718,1097
5225.956644,2741165539,2741166640,15631,1101
5225.968669,2741174358,2741175462,15952,1104
5225.980679,2741183148,2741184250,15681,1102
5225.992719,2741191941,2741193047,15709,1106
5226.025765,2741216040,2741217146,15684,1106
5226.037798,2741224836,2741225947,15638,1111
5226.061835,2741242445,2741243547,15678,1102
5226.073867,2741251659,2741252763,15824,1104
5226.088886,2741262712,2741263820,15678,1108
5226.149015,2741306581,2741307686,15981,1105
5226.161021,2741315340,2741316446,15676,1106
5226.173053,2741324132,2741325241,15813,1109
5226.185084,2741332921,2741334032,15974,1111
5226.200107,2741343859,2741344957,15633,1098
5226.218142,2741357033,2741358137,15714,1104
5226.230169,2741365810,2741366915,16057,1105
5226.242183,2741374565,2741375671,15716,1106
5226.254210,2741383366,2741384469,15638,1103
5226.299294,2741416291,2741417396,15915,1105
5226.311323,2741425089,2741426207,15984,1118
5226.323334,2741433878,2741434979,15757,1101
5226.368426,2741466764,2741467875,15931,1111
5226.380450,2741475531,2741476638,15637,1107
5226.392478,2741484312,2741485417,15953,1105
5226.404485,2741493068,2741494180,15682,1112
5226.416518,2741501879,2741502977,15640,1098
5226.504697,2741567610,2741568721,15707,1111
5226.572821,2741615889,2741616993,15979,1104
5226.584834,2741624693,2741625802,15736,1109
5226.599871,2741635714,2741636813,16045,1099
5226.611893,2741644520,2741645619,16028,1099
5226.623912,2741653271,2741654372,15649,1101
5226.635939,2741662047,2741663148,15918,1101
5226.647949,2741670824,2741671925,15683,1101
5226.659981,2741679572,2741680675,15649,1103
5226.696050,2741705863,2741706969,15654,1106
5226.708078,2741714642,2741715716,15806,1074
5226.720085,2741723372,2741724475,15682,1103
5226.732116,2741732148,2741733257,15818,1109
5226.744148,2741740989,2741742093,15992,1104
5226.756157,2741749740,2741750844,15774,1104
5226.768187,2741758519,2741759593,15913,1074
5226.780215,2741767269,2741768378,16062,1109
5226.825300,2741800179,2741801292,15959,1113
5226.837315,2741808974,2741810086,15568,1112
5226.909445,2741861599,2741862701,15681,1102
5226.921472,2741870393,2741871499,15552,1106
5226.984605,2741916465,2741917575,15704,1110
5226.996629,2741925258,2741926362,15994,1104
5227.029685,2741949348,2741950449,15642,1101
5227.041714,2741958168,2741959274,15999,1106
5227.053719,2741966921,2741968024,15676,1103
5227.131884,2742023942,2742025046,15975,1104
5227.143892,2742032727,2742033825,15677,1098
5227.192990,2742069948,2742071052,15990,1104
5227.234070,2742098430,2742099534,15636,1104
5227.246096,2742107230,2742108336,15677,1106
5227.258125,2742116036,2742117145,16006,1109
5227.270131,2742124791,2742125897,15755,1106
5227.336262,2742173013,2742174117,15811,1104
5227.348296,2742181810,2742182914,16059,1104
5227.360316,2742190620,2742191729,15954,1109
5227.399388,2742219123,2742220214,15638,1091
5227.411417,2742228133,2742229242,15965,1109
5227.423422,2742236904,2742238006,15676,1102
5227.435451,2742245687,2742246797,15811,1110
5227.447486,2742254515,2742255617,15936,1102
5227.459498,2742263319,2742264419,15635,1100
5227.477525,2742276472,2742277573,15750,1101
5227.489559,2742285219,2742286322,15714,1103
5227.552679,2742331264,2742332365,15708,1101
5227.564707,2742340067,2742341171,16012,1104
5227.579737,2742351042,2742352143,15710,1101
5227.590251,2742358915,2742360021,16026,1106
5227.602272,2742367742,2742368847,15633,1105
5227.620308,2742380932,2742382035,15714,1103
5227.632336,2742389714,2742390816,15961,1102
5227.665394,2742413772,2742414883,15640,1111
5227.677422,2742422580,2742423679,16030,1099
5227.689430,2742431390,2742432491,15756,1101
5227.701463,2742440144,2742441250,15646,1106
5227.713492,2742448919,2742449992,15822,1073
5227.752549,2742477353,2742478454,15761,1101
5227.764582,2742486130,2742487206,15837,1076
5227.809668,2742519097,2742520200,15711,1103
5227.821693,2742527922,2742529031,16021,1109
5227.875799,2742567374,2742568483,15983,1109
5227.887807,2742576181,2742577282,15720,1101
5227.899840,2742584914,2742586018,15633,1104
5227.911865,2742593730,2742594835,15948,1105
5227.923874,2742602487,2742603588,15683,1101
5227.935905,2742611246,2742612349,15603,1103
5227.947937,2742620058,2742621163,16047,1105
5227.959943,2742628811,2742629912,15760,1101
5227.971977,2742637553,2742638651,15641,1098
5227.984006,2742646343,2742647447,15997,1104
5227.996011,2742655095,2742656198,15681,1103
5228.008045,2742663832,2742664935,15603,1103
5228.020073,2742672621,2742673724,16069,1103
5228.032080,2742681371,2742682471,15685,1100
5228.050114,2742694499,2742695601,15757,1102
5228.074176,2742712065,2742713175,16062,1110
5228.086185,2742720860,2742721961,15717,1101
5228.098213,2742729656,2742730762,15636,1106
5228.110245,2742738454,2742739563,16059,1109
5228.149303,2742766938,2742768038,15757,1100
5228.161337,2742775696,2742776798,15713,1102
5228.173365,2742784481,2742785590,16058,1109
5228.185373,2742793288,2742794391,15752,1103
5228.200416,2742804248,2742805351,16055,1103
5228.212423,2742813006,2742814103,15679,1097
5228.236484,2742830608,2742831717,15964,1109
5228.248505,2742839390,2742840484,16031,1094
5228.260525,2742848128,2742849234,15708,1106
5228.272554,2742856926,2742858026,16065,1100
5228.299603,2742876654,2742877760,16044,1106
5228.329646,2742898544,2742899655,15758,1111
5228.341679,2742907301,2742908407,15724,1106
5228.353706,2742916104,2742917214,16043,1110
5228.365714,2742924870,2742925976,15685,1106
5228.392767,2742944660,2742945760,15757,1100
5228.404799,2742953402,2742954478,15915,1076
5228.425845,2742968744,2742969853,15954,1109
5228.437864,2742977567,2742978679,15889,1112
5228.509989,2743030227,2743031333,15681,1106
5228.522029,2743039010,2743040112,15710,1102
5228.612194,2743104847,2743105958,15641,1111
5228.624222,2743113623,2743114730,15952,1107
5228.636243,2743122410,2743123519,15951,1109
5228.648263,2743131201,2743132301,15634,1100
5228.660291,2743139989,2743141088,15977,1099
5228.672305,2743148765,2743149870,15604,1105
5228.684327,2743157574,2743158686,15633,1112
5228.723411,2743186101,2743187210,15956,1109
5228.735417,2743194894,2743195997,15682,1103
5228.747444,2743203658,2743204755,15558,1097
5228.759477,2743212458,2743213562,15946,1104
5228.777515,2743225632,2743226739,15993,1107
5228.789520,2743234370,2743235471,15681,1101
5228.828606,2743262814,2743263915,15651,1101
5228.840634,2743271620,2743272734,15984,1114
5228.852651,2743280448,2743281552,15962,1104
5228.864674,2743289199,2743290302,15656,1103
5228.897726,2743313319,2743314414,15681,1095
5228.909760,2743322060,2743323166,15654,1106
5228.933795,2743339593,2743340705,15762,1112
5228.945829,2743348403,2743349510,15634,1107
5229.035996,2743414197,2743415303,15631,1106
5229.048029,2743423066,2743424170,15957,1104
5229.060035,2743431826,2743432933,15641,1107
5229.078071,2743445048,2743446145,15679,1097
5229.090103,2743453810,2743454913,15639,1103
5229.100332,2743462986,2743464093,15970,1107
5229.147214,2743495919,2743497029,15937,1110
5229.162240,2743506859,2743507961,15556,1102
5229.243395,2743566120,2743567227,15654,1107
5229.255418,2743575094,2743576203,15929,1109
5229.288476,2743599267,2743600368,15724,1101
5229.300504,2743608076,2743609186,15937,1110
5229.312528,2743616901,2743618010,15945,1109
5229.324549,2743625665,2743626770,15641,1105
5229.336578,2743634506,2743635620,16043,1114
5229.351600,2743645450,2743646556,15715,1106
5229.363628,2743654235,2743655330,16062,1095
5229.375636,2743663016,2743664116,15758,1100
5229.393669,2743676141,2743677249,15678,1108
5229.405703,2743684917,2743685992,15835,1075
5229.417731,2743693667,2743694777,15955,1110
5229.429738,2743702425,2743703537,15758,1112
5229.447772,2743715579,2743716674,15759,1095
5229.459802,2743724369,2743725472,15554,1103
5229.471836,2743733193,2743734303,15995,1110
5229.489870,2743746387,2743747497,16045,1110
5229.501875,2743755139,2743756240,15761,1101
5229.568007,2743803434,2743804534,15810,1100
5229.580040,2743812233,2743813332,15984,1099
5229.592048,2743821011,2743822113,15684,1102
5229.616111,2743832515,2743833138,12021,623
5229.629639,2743837725,2743838555,13486,830
5229.641658,2743846640,2743847799,16399,1159
5229.653671,2743855830,2743856987,16001,1157
5229.665706,2743865160,2743866323,16317,1163
5229.683738,2743879203,2743880366,16349,1163
5229.695761,2743888584,2743889767,16346,1183
5229.707774,2743897884,2743899045,15998,1161
5229.737842,2743921337,2743922526,16429,1189
5229.749864,2743930741,2743931909,16400,1168
5229.764892,2743942391,2743943554,16301,1163
5229.776914,2743951804,2743952997,16385,1193
5229.791944,2743963584,2743964742,16306,1158
5229.803967,2743972949,2743974111,16395,1162
5229.815984,2743982297,2743983490,16246,1193
5229.828012,2743991712,2743992871,16311,1159
5229.840036,2744001077,2744002271,16272,1194
5229.852057,2744010494,2744011663,16318,1169
5229.864081,2744019916,2744021084,16235,1168
5229.876103,2744029502,2744030671,16315,1169
5229.888124,2744038896,2744040094,16312,1198
5229.900149,2744048412,2744049577,16335,1165
5229.918181,2744062530,2744063699,16314,1169
5229.930205,2744071977,2744073171,16381,1194
5229.942219,2744081336,2744082523,16012,1187
5229.993324,2744121481,2744122643,16384,1162
5230.005340,2744130850,2744132039,16020,1189
5230.020377,2744142660,2744143853,16356,1193
5230.032390,2744152113,2744153274,16010,1161
5230.056444,2744170955,2744172139,16449,1184
5230.068460,2744180286,2744181473,16096,1187
5230.089510,2744196793,2744197982,16424,1189
5230.101531,2744206278,2744207464,16465,1186
5230.119568,2744220499,2744221692,16484,1193
5230.131587,2744228215,2744229323,15872,1108
5230.143613,2744237084,2744238190,15905,1106
5230.155634,2744245913,2744247022,15970,1109
5230.191703,2744272416,2744273527,15969,1111
5230.203717,2744281221,2744282322,15600,1101
5230.215748,2744290078,2744291183,15908,1105
5230.228782,2744301072,2744302183,15597,1111
5230.248806,2744314369,2744315472,15843,1103
5230.260836,2744323191,2744324300,15943,1109
5230.272857,2744332013,2744333117,15976,1104
5230.284871,2744340930,2744342033,15597,1103
5230.299909,2744351955,2744353061,15969,1106
5230.311925,2744360793,2744361897,15736,1104
5230.323957,2744369617,2744370723,15940,1106
5230.335978,2744378442,2744379548,15928,1106
5230.347989,2744387286,2744388385,15569,1099
5230.384061,2744413728,2744414836,15682,1108
5230.396094,2744422541,2744423640,15941,1099
5230.408116,2744431341,2744432449,15908,1108
5230.441180,2744455602,2744456708,16025,1106
5230.453200,2744464483,2744465592,15976,1109
5230.465217,2744473306,2744474415,15848,1109
5230.480252,2744484340,2744485440,15979,1100
5230.492266,2744493180,2744494285,15480,1105
5230.504299,2744502017,2744503123,15936,1106
5230.516321,2744510857,2744511965,15984,1108
5230.528334,2744519649,2744520755,15604,1106
5230.543372,2744530683,2744531788,15973,1105
5230.585454,2744561580,2744562685,15916,1105
5230.597474,2744570442,2744571549,15970,1107
5230.609492,2744579267,2744580367,15782,1100
5230.620018,2744587435,2744588556,15975,1121
5230.632032,2744596285,2744597387,15603,1102
5230.644062,2744605097,2744606174,15823,1077
5230.656088,2744613881,2744614990,15917,1109
5230.668100,2744622719,2744623822,15591,1103
5230.680134,2744631547,2744632656,16020,1109
5230.692156,2744640392,2744641497,15955,1105
5230.704175,2744649191,2744650294,15689,1103
5230.716201,2744658003,2744659107,15940,1104
5230.746258,2744680092,2744681206,16052,1114
5230.761286,2744691136,2744692241,15987,1105
5230.773309,2744699951,2744701056,16052,1105
5230.785327,2744708742,2744709847,15697,1105
5230.797356,2744717610,2744718723,15904,1113
5230.809378,2744726446,2744727545,15978,1099
5230.821392,2744735209,2744736312,15677,1103
5230.833425,2744744033,2744745142,15946,1109
5230.845446,2744752869,2744753974,15969,1105
5230.857463,2744761701,2744762807,15827,1106
5230.893529,2744788165,2744789266,15601,1101
5230.905561,2744796995,2744798101,15902,1106
5230.917582,2744805830,2744806940,16038,1110
5230.944634,2744825659,2744826768,16040,1109
5230.956651,2744834487,2744835591,15921,1104
5230.971686,2744845569,2744846677,16056,1108
5230.983700,2744854358,2744855469,15691,1111
5230.996731,2744865388,2744866493,16031,1105
5231.064855,2744913948,2744915058,15614,1110
5231.076887,2744922780,2744923889,16002,1109
5231.100930,2744940406,2744941509,15683,1103
5231.112957,2744949243,2744950342,16019,1099
5231.158041,2744982303,2744983408,15992,1105
5231.197115,2745011009,2745012121,15978,1112
5231.209130,2745019825,2745020928,15605,1103
5231.233184,2745037524,2745038630,15980,1106
5231.245198,2745046335,2745047446,15601,1111
5231.260237,2745057425,2745058533,15981,1108
5231.272254,2745066265,2745067369,15851,1104
5231.284282,2745075097,2745076201,15944,1104
5231.296304,2745083927,2745085026,16059,1099
5231.308318,2745092759,2745093871,15678,1112
5231.320351,2745101619,2745102723,15944,1104
5231.332371,2745110437,2745111545,15959,1108
5231.344387,2745119244,2745120350,15618,1106
5231.368439,2745136917,2745138021,15955,1104
5231.380455,2745145704,2745146808,15617,1104
5231.392484,2745154539,2745155612,15739,1073
5231.404508,2745163363,2745164474,15962,1111
5231.431559,2745183176,2745184285,15957,1109
5231.443575,2745191983,2745193089,15614,1106
5231.461609,2745205242,2745206342,15614,1100
5231.473641,2745214053,2745215159,15941,1106
5231.485662,2745222872,2745223977,15962,1105
5231.497684,2745231666,2745232771,15685,1105
5231.509710,2745240498,2745241607,15941,1109
5231.521733,2745249336,2745250449,15871,1113
5231.533746,2745258143,2745259249,15615,1106
5231.545779,2745266978,2745268081,15944,1103
5231.560798,2745278009,2745279112,15614,1103
5231.572830,2745286818,2745287927,15942,1109
5231.593869,2745302324,2745303429,15962,1105
5231.605884,2745311143,2745312249,15617,1106
5231.696062,2745377278,2745378389,15685,1111
5231.708087,2745386110,2745387219,16024,1109
5231.720109,2745394921,2745396030,15958,1109
5231.741141,2745410360,2745411461,15675,1101
5231.753173,2745419218,2745420326,15997,1108
5231.798261,2745452244,2745453358,15911,1114
5231.810281,2745461107,2745462217,16057,1110
5231.837333,2745480936,2745482035,15973,1099
5231.849350,2745489762,2745490876,15825,1114
5231.861380,2745498605,2745499719,15944,1114
5231.897449,2745525064,2745526171,15906,1107
5231.909470,2745533912,2745535021,15973,1109
5231.921484,2745542717,2745543823,15680,1106
5231.933515,2745551589,2745552698,15903,1109
5231.957552,2745569238,2745570339,15689,1101
5231.969585,2745578038,2745579148,15944,1110
5232.005653,2745604508,2745605613,16021,1105
5232.017674,2745613358,2745614467,15966,1109
5232.071777,2745652985,2745654088,16041,1103
5232.083792,2745661793,2745662899,15688,1106
5232.101827,2745674997,2745676104,15613,1107
5232.113858,2745683853,2745684961,15916,1108
5232.125880,2745692679,2745693783,15959,1104
5232.140910,2745704123,2745705228,15972,1105
5232.152933,2745712995,2745714100,15977,1105
5232.164947,2745721787,2745722900,15695,1113
5232.185996,2745737284,2745738390,15914,1106
5232.198017,2745746103,2745747218,15959,1115
5232.210032,2745754909,2745756019,15614,1110
5232.222065,2745763731,2745764837,15938,1106
5232.237084,2745774768,2745775866,15614,1098
5232.253127,2745788018,2745789119,15614,1101
5232.306223,2745825502,2745826611,15958,1109
5232.318238,2745834305,2745835408,15617,1103
5232.333278,2745845369,2745846478,15973,1109
5232.345293,2745854233,2745855337,15826,1104
5232.357322,2745863085,2745864194,15860,1109
5232.369346,2745871924,2745873033,15987,1109
5232.420443,2745909547,2745910652,15917,1105
5232.432467,2745918410,2745919514,15981,1104
5232.456510,2745936121,2745937225,15907,1104
5232.468535,2745944982,2745946091,15988,1109
5232.480550,2745953844,2745954958,15828,1114
5232.492581,2745962708,2745963817,15916,1109
5232.507602,2745973785,2745974891,15845,1106
5232.519632,2745982641,2745983750,15908,1109
5232.531653,2745991507,2745992612,15976,1105
5232.543672,2746000400,2746001514,15842,1114
5232.555698,2746009254,2746010359,15908,1105
5232.567722,2746018115,2746019224,15976,1109
5232.639859,2746071299,2746072408,15911,1109
5232.651878,2746080165,2746081272,15872,1107
5232.663903,2746089032,2746090141,15904,1109
5232.675928,2746097901,2746099015,15984,1114
5232.687950,2746106757,2746107866,15908,1109
5232.705978,2746120037,2746121141,15860,1104
5232.718007,2746128891,2746129996,15908,1105
5232.745057,2746148829,2746149939,15904,1110
5232.757082,2746157710,2746158813,15977,1103
5232.841235,2746219702,2746220806,15836,1104
5232.853263,2746228559,2746229665,15909,1106
5232.871298,2746241843,2746242948,15860,1105
5232.883322,2746250696,2746251805,16058,1109
5232.901355,2746263991,2746265095,15966,1104
5232.913373,2746272853,2746273966,15941,1113
5232.952452,2746301669,2746302783,15911,1114
5232.964477,2746310553,2746311662,15973,1109
5232.985516,2746326050,2746327155,15902,1105
5232.997539,2746334886,2746335995,15911,1109
5233.060658,2746381372,2746382476,15913,1104
5233.072682,2746390234,2746391343,16062,1109
5233.099733,2746410175,2746411280,15968,1105
5233.111750,2746419020,2746420127,15861,1107
5233.129784,2746432314,2746433417,15855,1103
5233.141812,2746441167,2746442272,15909,1105
5233.159846,2746454445,2746455550,15908,1105
5233.171871,2746463326,2746464440,15977,1114
5233.183893,2746472305,2746473408,15908,1103
5233.195917,2746481150,2746482257,15822,1107
5233.207938,2746490007,2746491121,15878,1114
5233.228973,2746505503,2746506611,15861,1108
5233.241001,2746514365,2746515465,15914,1100
5233.262042,2746529837,2746530944,16063,1107
5233.274059,2746538692,2746539806,15848,1114
5233.289093,2746549758,2746550862,15972,1104
5233.304122,2746560818,2746561927,15901,1109
5233.325161,2746576323,2746577432,15965,1109
5233.337178,2746585192,2746586301,15852,1109
5233.349206,2746594058,2746595167,15921,1109
5233.361231,2746602921,2746604035,15987,1114
5233.373247,2746611817,2746612922,15826,1105
5233.385280,2746620688,2746621793,15929,1105
5233.397301,2746629548,2746630648,15972,1100
5233.448397,2746667160,2746668265,15911,1105
5233.460421,2746676020,2746677114,15907,1094
5233.493484,2746700385,2746701490,15911,1105
5233.505505,2746709233,2746710340,15977,1107
5233.517522,2746718078,2746719184,15806,1106
5233.532558,2746729175,2746730285,15910,1110
5233.544573,2746738042,2746739155,15743,1113
5233.556602,2746746906,2746748009,15818,1103
5233.568627,2746755753,2746756861,15991,1108
5233.580650,2746764617,2746765727,15863,1110
5233.604694,2746782354,2746783458,15977,1104
5233.616711,2746791228,2746792342,15800,1114
5233.644777,2746813357,2746814467,15905,1110
5233.660301,2746823505,2746824608,15907,1103
5233.672322,2746832394,2746833506,15975,1112
5233.696368,2746850125,2746851230,15903,1105
5233.708393,2746858975,2746860084,15989,1109
5233.777524,2746909910,2746911024,15904,1114
5233.789546,2746918795,2746919904,15934,1109
5233.804572,2746929873,2746930987,15900,1114
5233.816599,2746938748,2746939862,15973,1114
5233.828619,2746947621,2746948734,15887,1113
5233.864682,2746974320,2746975420,15898,1100
5233.876712,2746983139,2746984239,15984,1100
5233.897737,2746998528,2746999639,15762,1111
5233.909768,2747007352,2747008451,15826,1099
5233.960857,2747044857,2747045968,15687,1111
5233.972888,2747053683,2747054788,15820,1105
5233.984918,2747062497,2747063602,15990,1105
5233.996937,2747071340,2747072454,15984,1114
5234.011970,2747082359,2747083466,16038,1107
5234.121175,2747163899,2747165006,15683,1107
5234.150217,2747183770,2747184877,15681,1107
5234.162248,2747192590,2747193699,15900,1109
5234.174278,2747201419,2747202523,16061,1104
5234.186285,2747210204,2747211305,15753,1101
5234.196332,2747219066,2747220174,15826,1108
5234.231384,2747243316,2747244422,15959,1106
5234.243402,2747252175,2747253279,15850,1104
5234.255432,2747261004,2747262113,15976,1109
5234.328575,2747316064,2747317177,15960,1113
5234.396693,2747364603,2747365707,15818,1104
5234.408724,2747373466,2747374570,15956,1104
5234.420731,2747382302,2747383402,15680,1100
5234.435774,2747393352,2747394457,16028,1105
5234.447794,2747402214,2747403318,15945,1104
5234.459812,2747411027,2747412131,15792,1104
5234.471844,2747419851,2747420956,15974,1105
5234.483851,2747428648,2747429751,15682,1103
5234.495883,2747437466,2747438545,15653,1079
5234.507913,2747446243,2747447352,15932,1109
5234.519920,2747455040,2747456140,15605,1100
5234.531951,2747463862,2747464971,15841,1109
5234.543980,2747472709,2747473816,15947,1107
5234.565006,2747488106,2747489209,15677,1103
5234.577033,2747496934,2747498043,15814,1109
5234.604088,2747516779,2747517883,15818,1104
5234.616118,2747525638,2747526741,15958,1103
5234.628138,2747534465,2747535577,15967,1112
5234.640155,2747543273,2747544382,15801,1109
5234.652187,2747552095,2747553206,15980,1111
5234.664195,2747560872,2747561973,15683,1101
5234.676221,2747569693,2747570802,15813,1109
5234.688256,2747578558,2747579658,15959,1100
5234.700263,2747587358,2747588468,15677,1110
5234.712294,2747596180,2747597289,15901,1109
5234.769410,2747638044,2747639149,16058,1105
5234.781417,2747646819,2747647924,15683,1105
5234.808469,2747666645,2747667748,15682,1103
5234.820506,2747675469,2747676573,15887,1104
5234.871595,2747712900,2747714011,15606,1111
5234.883620,2747721780,2747722891,15843,1111
5234.895649,2747730664,2747731778,15903,1114
5234.907674,2747739561,2747740675,15905,1114
5234.919696,2747748445,2747749550,15904,1105
5234.931719,2747757331,2747758441,15911,1110
5234.943741,2747766223,2747767335,15977,1112
5234.955757,2747775117,2747776222,15847,1105
5234.967787,2747783931,2747785036,15984,1105
5234.979806,2747792754,2747793862,15944,1108
5234.991827,2747801629,2747802738,15908,1109
5235.003856,2747810451,2747811560,15980,1109
5235.015863,2747819246,2747820351,15684,1105
5235.027894,2747828118,2747829222,15848,1104
5235.039925,2747836937,2747838041,16025,1104
5235.051932,2747845756,2747846854,15693,1098
5235.069972,2747858947,2747860053,15600,1106
5235.081997,2747867761,2747868866,15821,1105
5235.097018,2747878773,2747879880,15759,1107
5235.109051,2747887589,2747888702,15846,1113
5235.148130,2747916250,2747917358,15980,1108
5235.166164,2747929455,2747930565,16056,1110
5235.176678,2747937741,2747938857,15880,1116
5235.188708,2747946596,2747947701,15964,1105
5235.200728,2747955426,2747956529,15852,1103
5235.221759,2747970854,2747971963,15893,1109
5235.233793,2747979718,2747980828,15954,1110
5235.245801,2747988517,2747989613,15683,1096
5235.257831,2747997329,2747998433,15812,1104
5235.269859,2748006139,2748007247,15944,1108
5235.287896,2748019381,2748020486,15981,1105
5235.299903,2748028167,2748029268,15683,1101
5235.317943,2748041419,2748042520,15602,1101
5235.329969,2748050226,2748051336,15815,1110
5235.344989,2748061213,2748062316,15693,1103
5235.357021,2748070030,2748071108,15649,1078
5235.405119,2748105262,2748106368,15980,1106
5235.417132,2748114064,2748115172,15610,1108
5235.429157,2748122889,2748123998,15818,1109
5235.441187,2748131752,2748132858,15874,1106
5235.465232,2748149363,2748150473,15877,1110
5235.477254,2748158204,2748159317,15939,1113
5235.489263,2748167005,2748168107,15687,1102
5235.508327,2748182457,2748183560,15820,1103
5235.612514,2748257392,2748258496,15979,1104
5235.624532,2748266244,2748267348,15937,1104
5235.636551,2748275064,2748276169,15825,1105
5235.648582,2748283927,2748285026,15873,1099
5235.712702,2748332358,2748333462,15845,1104
5235.816891,2748407254,2748408367,15810,1113
5235.831915,2748418294,2748419386,15685,1092
5235.843945,2748427107,2748428216,15815,1109
5235.855977,2748435972,2748437076,16040,1104
5235.867996,2748444800,2748445903,15954,1103
5235.880015,2748453654,2748454758,15921,1104
5235.892045,2748462460,2748463569,15978,1109
5235.913075,2748477844,2748478956,15645,1112
5235.925101,2748486682,2748487756,15657,1074
5235.937133,2748495483,2748496597,15990,1114
5236.009268,2748548393,2748549503,16058,1110
5236.021275,2748557194,2748558290,15727,1096
5236.036320,2748568231,2748569336,15985,1105
5236.048338,2748577103,2748578207,16022,1104
5236.063370,2748588152,2748589259,15964,1107
5236.075382,2748596994,2748598094,15759,1100
5236.087407,2748605801,2748606901,15883,1100
5236.105444,2748619012,2748620089,15652,1077
5236.117474,2748627807,2748628911,15947,1104
5236.147526,2748649845,2748650959,15941,1114
5236.201618,2748689578,2748690681,15763,1103
5236.213645,2748698381,2748699485,15899,1104
5236.240700,2748718226,2748719335,15899,1109
5236.252731,2748727080,2748728190,16044,1110
5236.359424,2748805473,2748806577,15606,1104
5236.371449,2748814338,2748815442,15832,1104
5236.383479,2748823145,2748824253,16055,1108
5236.395487,2748831937,2748833038,15760,1101
5236.407523,2748840759,2748841859,15888,1100
5236.419546,2748849599,2748850703,15952,1104
5236.437582,2748862851,2748863950,16040,1099
5236.449590,2748871628,2748872730,15763,1102
5236.461616,2748880408,2748881512,15891,1104
5236.473651,2748889267,2748890376,15963,1109
5236.488672,2748900278,2748901392,15823,1114
5236.500702,2748909128,2748910230,15955,1102
5236.581858,2748968618,2748969726,16065,1108
5236.593864,2748977458,2748978565,15760,1107
5236.669015,2749032512,2749033616,15820,1104
5236.681045,2749041378,2749042482,15867,1104
5236.693054,2749050565,2749051670,15759,1105
5236.789251,2749121156,2749122266,15980,1110
5236.804279,2749132224,2749133332,15900,1108
5236.816303,2749141071,2749142171,15961,1100
5236.831324,2749152060,2749153165,15811,1105
5236.876410,2749185135,2749186248,15820,1113
5236.888440,2749194008,2749195108,15957,1100
5236.900447,2749202807,2749203913,15760,1106
5236.915490,2749213871,2749214975,15945,1104
5236.936516,2749229265,2749230370,15758,1105
5236.948547,2749238082,2749239187,15901,1105
5236.960577,2749246907,2749248012,15946,1105
5237.005661,2749279940,2749281050,15955,1110
5237.017670,2749288768,2749289873,15766,1105
5237.029701,2749297592,2749298697,15899,1105
5237.041732,2749306450,2749307559,15965,1109
5237.083804,2749337242,2749338351,15821,1109
5237.095834,2749346108,2749347217,15961,1109
5237.107854,2749354961,2749356071,15952,1110
5237.192009,2749416661,2749417769,15821,1108
5237.204037,2749425492,2749426601,15956,1109
5237.216047,2749434334,2749435440,15685,1106
5237.228078,2749443176,2749444290,15816,1114
5237.240109,2749452006,2749453115,15973,1109
5237.252121,2749460792,2749461895,15602,1103
5237.288185,2749487183,2749488290,15683,1107
5237.300222,2749496047,2749497151,15907,1104
5237.312246,2749504907,2749506012,15867,1105
5237.324253,2749513711,2749514799,15682,1088
5237.336284,2749522555,2749523659,15826,1104
5237.348314,2749531416,2749532526,15955,1110
5237.360321,2749540204,2749541316,15685,1112
5237.372353,2749549021,2749550130,15824,1109
5237.384383,2749557902,2749559007,15958,1105
5237.399411,2749568934,2749570043,15901,1109
5237.435473,2749595365,2749596465,15823,1100
5237.447503,2749604232,2749605341,15956,1109
5237.459511,2749613018,2749614129,15692,1111
5237.471541,2749621887,2749622997,15832,1110
5237.483572,2749630706,2749631810,15937,1104
5237.495590,2749639547,2749640650,15936,1103
5237.507610,2749648395,2749649509,15828,1114
5237.519640,2749657225,2749658330,15975,1105
5237.531647,2749666003,2749667106,15684,1103
5237.543678,2749674832,2749675932,15822,1100
5237.652889,2749756313,2749757422,15988,1109
5237.696976,2749787143,2749788247,15881,1104
5237.708999,2749796013,2749797119,15860,1106
5237.757077,2749831221,2749832320,15684,1099
5237.769107,2749840026,2749841126,15823,1100
5237.859279,2749906173,2749907281,15903,1108
5237.871309,2749915031,2749916142,15957,1111
5237.883317,2749923831,2749924939,15606,1108
5237.895355,2749932693,2749933798,15880,1105
5237.908381,2749943726,2749944827,15685,1101
5237.964471,2749983394,2749984500,15683,1106
5237.976501,2749992220,2749993336,15819,1116
5237.988532,2750001079,2750002186,15956,1107
5238.069686,2750060473,2750061582,15982,1109
5238.081704,2750069332,2750070432,15939,1100
5238.108756,2750089204,2750090310,15938,1106
5238.120776,2750098054,2750099163,15801,1109
5238.171869,2750135491,2750136598,15731,1107
5238.183896,2750144349,2750145458,15832,1109
5238.195924,2750153169,2750154274,15949,1105
5238.207938,2750162412,2750163521,15725,1109
5238.219965,2750171267,2750172375,15831,1108
5238.231995,2750180100,2750181210,15977,1110
5238.244012,2750188924,2750190028,15844,1104
5238.256033,2750197770,2750198865,15827,1095
5238.274068,2750210973,2750212077,15817,1104
5238.286098,2750219826,2750220931,15957,1105
5238.322166,2750246356,2750247465,15953,1109
5238.334173,2750255178,2750256274,15685,1096
5238.352208,2750268439,2750269542,15674,1103
5238.364239,2750277303,2750278408,15812,1105
5238.376269,2750286109,2750287208,15893,1099
5238.397306,2750301564,2750302673,15949,1109
5238.409325,2750310418,2750311533,15830,1115
5238.472445,2750356673,2750357777,15819,1104
5238.484475,2750365520,2750366630,15955,1110
5238.500508,2750378767,2750379876,15944,1109
5238.529561,2750398657,2750399766,16015,1109
5238.541574,2750407470,2750408570,15604,1100
5238.568620,2750427284,2750428387,15759,1103
5238.580650,2750436079,2750437188,15898,1109
5238.604688,2750453765,2750454873,15684,1108
5238.616719,2750462593,2750463698,15820,1105
5238.704899,2750528749,2750529856,15804,1107
5238.736956,2750550821,2750551920,15956,1099
5238.748973,2750559681,2750560790,15933,1109
5238.760993,2750568515,2750569615,15815,1100
5238.809092,2750603817,2750604918,15974,1101
5238.824113,2750614862,2750615964,15821,1102
5238.842151,2750625449,2750626098,13681,649
5238.856334,2750631205,2750631822,12096,617
5238.869199,2750637409,2750638563,16143,1154
5238.881229,2750646647,2750647826,16362,1179
5238.893246,2750655910,2750657098,16217,1188
5238.917298,2750674586,2750675748,16367,1162
5238.929305,2750683915,2750685102,16084,1187
5238.944348,2750695675,2750696864,16449,1189
5238.956370,2750705300,2750706468,16272,1168
5238.977405,2750721761,2750722925,16242,1164
5238.989435,2750731201,2750732395,16337,1194
5239.004456,2750742959,2750744123,16221,1164
5239.016486,2750752392,2750753581,16362,1189
5239.028494,2750761761,2750762948,16084,1187
5239.040521,2750771200,2750772387,16232,1187
5239.052556,2750780623,2750781806,16366,1183
5239.064574,2750790040,2750791209,16346,1169
5239.076593,2750799434,2750800619,16218,1185
5239.103647,2750820776,2750821969,16255,1193
5239.115675,2750830218,2750831402,16275,1184
5239.133708,2750844316,2750845499,16361,1183
5239.145717,2750853729,2750854920,16084,1191
5239.157748,2750863189,2750864375,16247,1186
5239.169778,2750872658,2750873851,16344,1193
5239.181784,2750882048,2750883209,16086,1161
5239.223881,2750914939,2750916105,16382,1166
5239.235894,2750924367,2750925553,15965,1186
5239.253927,2750938527,2750939714,16133,1187
5239.265954,2750947992,2750949186,16214,1194
5239.280985,2750959781,2750960964,16348,1183
5239.293006,2750969219,2750970408,16200,1189
5239.305035,2750978683,2750979872,16359,1189
5239.317054,2750988134,2750989327,16354,1193
5239.329074,2750997662,2750998855,16243,1193
5239.344099,2751009549,2751010738,16220,1189
5239.357623,2751018342,2751019444,15842,1102
5239.369654,2751027214,2751028314,15838,1100
5239.384681,2751038296,2751039405,15846,1109
5239.396702,2751047168,2751048273,15828,1105
5239.417749,2751062655,2751063766,15953,1111
5239.429768,2751071488,2751072592,15939,1104
5239.453818,2751089206,2751090320,15953,1114
5239.465834,2751098024,2751099137,15884,1113
5239.483866,2751111293,2751112394,15604,1101
5239.495891,2751120139,2751121248,15832,1109
5239.516938,2751135547,2751136661,15975,1114
5239.528957,2751144420,2751145525,15941,1105
5239.553007,2751162130,2751163235,15963,1105
5239.565026,2751170997,2751172097,15937,1100
5239.577046,2751180018,2751181132,15794,1114
5239.589075,2751188887,2751189996,15895,1109
5239.601094,2751197718,2751198817,15950,1099
5239.613114,2751206538,2751207643,15824,1105
5239.625144,2751215391,2751216503,15960,1112
5239.637164,2751224265,2751225377,15954,1112
5239.649178,2751233129,2751234207,15612,1078
5239.661213,2751241937,2751243041,15957,1104
5239.673232,2751250782,2751251886,15940,1104
5239.685251,2751259653,2751260761,15847,1108
5239.697281,2751268525,2751269635,15950,1110
5239.712304,2751279581,2751280686,15796,1105
5239.724333,2751288832,2751289940,15956,1108
5239.736352,2751297713,2751298822,15952,1109
5239.772420,2751324296,2751325410,15944,1114
5239.784440,2751333181,2751334290,15832,1109
5239.796470,2751342049,2751343158,15952,1109
5239.808489,2751350879,2751351988,15939,1109
5239.824522,2751364178,2751365283,15945,1105
5239.844558,2751377472,2751378577,15898,1105
5239.856577,2751386327,2751387435,15836,1108
5239.880624,2751404028,2751405136,15842,1108
5239.892646,2751412882,2751413986,15829,1104
5239.908688,2751426223,2751427337,15861,1114
5239.928720,2751439576,2751440689,15909,1113
5239.940743,2751448466,2751449579,15905,1113
5239.952768,2751457372,2751458483,15994,1111
5239.968797,2751470725,2751471836,15990,1111
5239.985832,2751481832,2751482940,15943,1108
5239.997849,2751490689,2751491792,15938,1103
5240.009869,2751499547,2751500649,15837,1102
5240.021898,2751508397,2751509502,15953,1105
5240.033918,2751517221,2751518321,15955,1100
5240.045937,2751526069,2751527174,15847,1105
5240.057966,2751534918,2751536029,15935,1111
5240.069975,2751543713,2751544824,15649,1111
5240.082006,2751552565,2751553679,15844,1114
5240.094036,2751561442,2751562547,15910,1105
5240.109057,2751572505,2751573605,15831,1100
5240.125101,2751585798,2751586903,15910,1105
5240.137121,2751594647,2751595751,15959,1104
5240.154143,2751605710,2751606815,15918,1105
5240.166174,2751614532,2751615634,16117,1102
5240.184207,2751627768,2751628878,16018,1110
5240.196226,2751636610,2751637719,15943,1109
5240.208246,2751645492,2751646601,15753,1109
5240.220276,2751654353,2751655461,15954,1108
5240.232296,2751663171,2751664275,15962,1104
5240.244314,2751672020,2751673129,15851,1109
5240.256345,2751680851,2751681954,16081,1103
5240.268363,2751689681,2751690785,15944,1104
5240.295415,2751709583,2751710689,15943,1106
5240.307435,2751718443,2751719548,15834,1105
5240.319466,2751727259,2751728361,16086,1102
5240.331485,2751736107,2751737214,15960,1107
5240.343499,2751744952,2751746030,15622,1078
5240.355534,2751753740,2751754842,16086,1102
5240.367551,2751762583,2751763688,15941,1105
5240.388585,2751778051,2751779125,15633,1074
5240.400619,2751786877,2751787986,15918,1109
5240.439689,2751815677,2751816784,15941,1107
5240.451705,2751824533,2751825611,15582,1078
5240.463739,2751833344,2751834452,15955,1108
5240.484775,2751848857,2751849956,15944,1099
5240.496790,2751857707,2751858786,15694,1079
5240.508826,2751866497,2751867605,16093,1108
5240.520843,2751875355,2751876464,15946,1109
5240.544894,2751893049,2751894149,15959,1100
5240.556912,2751901896,2751903001,15945,1105
5240.568927,2751910754,2751911828,15620,1074
5240.592979,2751928399,2751929508,15944,1109
5240.604997,2751937270,2751938353,15623,1083
5240.617031,2751946116,2751947229,16038,1113
5240.629046,2751954972,2751956077,15961,1105
5240.641065,2751963794,2751964872,15580,1078
5240.665116,2751981386,2751982489,15926,1103
5240.677138,2751990242,2751991347,15792,1105
5240.689169,2751999065,2752000169,16165,1104
5240.701185,2752007900,2752009009,16014,1109
5240.716222,2752018934,2752020038,16086,1104
5240.728235,2752027757,2752028861,15959,1104
5240.740253,2752036567,2752037650,15616,1083
5240.752288,2752045368,2752046474,16082,1106
5240.764306,2752054226,2752055333,15943,1107
5240.776326,2752063044,2752064149,15865,1105
5240.788357,2752071870,2752072976,16089,1106
5240.800375,2752080722,2752081831,15945,1109
5240.815409,2752091762,2752092873,16089,1111
5240.827424,2752100609,2752101723,15955,1114
5240.839442,2752109490,2752110568,15620,1078
5240.851478,2752118277,2752119384,16090,1107
5240.863493,2752127089,2752128197,15928,1108
5240.875515,2752135912,2752137017,15871,1105
5240.893545,2752149153,2752150231,15616,1078
5240.905580,2752157933,2752159040,16087,1107
5240.923612,2752171148,2752172253,15993,1105
5240.935630,2752179973,2752181082,15926,1109
5240.947648,2752188798,2752189875,15700,1077
5240.959683,2752197587,2752198691,16171,1104
5240.980717,2752213031,2752214135,16017,1104
5240.992734,2752221871,2752222951,15697,1080
5241.007768,2752232884,2752233993,15938,1109
5241.019797,2752241713,2752242793,15755,1080
5241.031822,2752250526,2752251630,16084,1104
5241.043837,2752259362,2752260471,15898,1109
5241.055854,2752268174,2752269249,15622,1075
5241.067889,2752276965,2752278073,16086,1108
5241.079906,2752285831,2752286935,15940,1104
5241.091923,2752294649,2752295727,15623,1078
5241.103957,2752303442,2752304539,16082,1097
5241.121990,2752316675,2752317778,15962,1103
5241.134008,2752325494,2752326603,15930,1109
5241.149043,2752336503,2752337605,16033,1102
5241.161059,2752345280,2752346383,15927,1103
5241.212163,2752382742,2752383849,16087,1107
5241.224334,2752392906,2752394012,15998,1106
5241.239216,2752403235,2752404345,16167,1110
5241.254231,2752414261,2752415344,15699,1083
5241.266266,2752423064,2752424175,16089,1111
5241.320366,2752462732,2752463831,16075,1099
5241.332385,2752471553,2752472663,16013,1110
5241.389488,2752513414,2752514493,15699,1079
5241.401523,2752522197,2752523301,16168,1104
5241.416552,2752533229,2752534306,15758,1077
5241.428575,2752542031,2752543133,16087,1102
5241.440591,2752550843,2752551952,15843,1109
5241.509730,2752601530,2752602631,16091,1101
5241.521744,2752610335,2752611446,15953,1111
5241.533763,2752619167,2752620245,15703,1078
5241.545798,2752627943,2752629052,16170,1109
5241.557816,2752636818,2752637926,15944,1108
5241.575850,2752650065,2752651174,15952,1109
5241.587866,2752658868,2752659945,15703,1077
5241.599900,2752667658,2752668761,16166,1103
5241.617931,2752680818,2752681922,15992,1104
5241.629956,2752689696,2752690800,15962,1104
5241.641968,2752698520,2752699598,15623,1078
5241.654004,2752707314,2752708422,16085,1108
5241.693071,2752735985,2752737095,16009,1110
5241.705088,2752744795,2752745870,15623,1075
5241.750174,2752777847,2752778925,15625,1078
5241.762209,2752786631,2752787735,16085,1104
5241.828328,2752835129,2752836234,15931,1105
5241.840350,2752843956,2752845065,15792,1109
5241.867401,2752863836,2752864940,15867,1104
5241.879433,2752872664,2752873771,16092,1107
5241.891448,2752881483,2752882582,15930,1099
5241.903465,2752890309,2752891387,15621,1078
5241.915497,2752899092,2752900203,15906,1111
5241.936534,2752914510,2752915619,15929,1109
5241.948552,2752923328,2752924407,15626,1079
5241.960586,2752932113,2752933217,16088,1104
5241.972604,2752940969,2752942074,15946,1105
5242.035722,2752987251,2752988360,15930,1109
5242.047740,2752996106,2752997180,15543,1074
5242.059775,2753004907,2753006011,16083,1104
5242.071793,2753013767,2753014873,15859,1106
5242.083808,2753022584,2753023657,15622,1073
5242.095844,2753031385,2753032489,16049,1104
5242.107860,2753040194,2753041305,15839,1111
5242.119877,2753049017,2753050095,15539,1078
5242.131912,2753057810,2753058916,15993,1106
5242.143929,2753066587,2753067690,15930,1103
5242.189014,2753099637,2753100743,15927,1106
5242.201036,2753108459,2753109564,15838,1105
5242.240119,2753137152,2753138253,16093,1101
5242.252134,2753145979,2753147084,16010,1105
5242.291203,2753174697,2753175777,15624,1080
5242.306237,2753185707,2753186816,16013,1109
5242.318255,2753194529,2753195603,15621,1074
5242.333288,2753205521,2753206630,16007,1109
5242.345306,2753214358,2753215432,15696,1074
5242.357342,2753223133,2753224234,16170,1101
5242.384392,2753242999,2753244105,15970,1106
5242.396411,2753251857,2753252957,16031,1100
5242.417443,2753267290,2753268368,15616,1078
5242.429477,2753276104,2753277215,15957,1111
5242.444500,2753287073,2753288147,15737,1074
5242.456530,2753295876,2753296988,16082,1112
5242.501616,2753328987,2753330091,16085,1104
5242.513630,2753337843,2753338948,15959,1105
5242.528667,2753348840,2753349944,16088,1104
5242.540683,2753357654,2753358757,15934,1103
5242.567736,2753377487,2753378592,15948,1105
5242.579751,2753386309,2753387392,15699,1083
5242.591788,2753395114,2753396221,16093,1107
5242.603803,2753403948,2753405055,15928,1107
5242.615820,2753412774,2753413852,15621,1078
5242.627855,2753421552,2753422656,16079,1104
5242.639871,2753430339,2753431443,15929,1104
5242.651889,2753439152,2753440230,15624,1078
5242.672942,2753454622,2753455730,16178,1108
5242.684957,2753463453,2753464557,15935,1104
5242.712008,2753483266,2753484374,16038,1108
5242.724026,2753492139,2753493216,15620,1077
5242.736062,2753500928,2753502027,16080,1099
5242.748081,2753510197,2753511306,15944,1109
5242.760099,2753519008,2753520117,15859,1109
5242.772128,2753527845,2753528957,16113,1112
5242.784146,2753536684,2753537793,15948,1109
5242.796163,2753545502,2753546580,15621,1078
5242.808196,2753554281,2753555385,15998,1104
5242.820214,2753563100,2753564207,15928,1107
5242.832234,2753571925,2753573008,15700,1083
5242.844267,2753580737,2753581850,16090,1113
5242.856283,2753589566,2753590670,15872,1104
5242.872327,2753602819,2753603919,16007,1100
5242.895352,2753618285,2753619363,15627,1078
5242.907384,2753627090,2753628194,16076,1104
5242.919403,2753635908,2753637022,16011,1114
5242.931421,2753644744,2753645822,15678,1078
5242.943457,2753653559,2753654663,16105,1104
5242.955472,2753662368,2753663483,15947,1115
5242.967489,2753671238,2753672313,15633,1075
5242.979524,2753680031,2753681139,16167,1108
5242.991540,2753688839,2753689949,16012,1110
5243.003570,2753697666,2753698742,15759,1076
5243.015592,2753706465,2753707569,16083,1104
5243.027611,2753715405,2753716505,15951,1100
5243.039626,2753724236,2753725312,15615,1076
5243.060677,2753739668,2753740773,16025,1105
5243.072695,2753748509,2753749608,15944,1099
5243.084712,2753757307,2753758381,15580,1074
5243.111764,2753777149,2753778226,15617,1077
5243.123799,2753785936,2753787039,16005,1103
5243.135814,2753794765,2753795874,15924,1109
5243.153849,2753807996,2753809097,15908,1101
5243.165866,2753816846,2753817924,15637,1078
5243.177902,2753825625,2753826734,16090,1109
5243.189917,2753834436,2753835539,15932,1103
5243.201947,2753843232,2753844310,15828,1078
5243.241022,2753871852,2753872954,16100,1102
5243.253038,2753880660,2753881768,15870,1108
5243.268074,2753891702,2753892803,16052,1101
5243.280089,2753900538,2753901643,16012,1105
5243.292107,2753909365,2753910439,15698,1074
5243.313159,2753924760,2753925858,16168,1098
5243.325174,2753933569,2753934683,16010,1114
5243.337192,2753942394,2753943476,15618,1082
5243.349229,2753951186,2753952289,16092,1103
5243.448417,2754023819,2754024918,16091,1099
5243.460434,2754032656,2754033761,15942,1105
5243.472449,2754041471,2754042545,15700,1074
5243.484485,2754050268,2754051370,16089,1102
5243.548601,2754098702,2754099804,15860,1102
5243.625741,2754153755,2754154833,15697,1078
5243.637777,2754162535,2754163647,16098,1112
5243.652797,2754173560,2754174665,15946,1105
5243.664826,2754182414,2754183528,15953,1114
5243.676843,2754191247,2754192352,15940,1105
5243.688865,2754200077,2754201182,15830,1105
5243.700894,2754208893,2754209995,16000,1102
5243.712912,2754217712,2754218821,15927,1109
5243.761003,2754252979,2754254086,15846,1107
5243.776032,2754264001,2754265106,15936,1105
5243.863206,2754327831,2754328934,16180,1103
5243.878221,2754338835,2754339913,15622,1078
5243.890258,2754347640,2754348753,16097,1113
5243.908290,2754360909,2754362018,15970,1109
5243.965392,2754402791,2754403902,16025,1111
5243.977410,2754411650,2754412728,15623,1078
5243.989446,2754420441,2754421549,16095,1108
5244.001460,2754429250,2754430347,16045,1097
5244.013478,2754438055,2754439133,15697,1078
5244.028512,2754449044,2754450148,15925,1104
5244.073598,2754482105,2754483216,15931,1111
5244.085618,2754490933,2754492012,15622,1079
5244.103650,2754504171,2754505248,15618,1077
5244.115685,2754512943,2754514050,16044,1107
5244.127701,2754521755,2754522860,15933,1105
5244.139719,2754530571,2754531645,15620,1074
5244.151752,2754539374,2754540483,15936,1109
5244.163769,2754548191,2754549302,15938,1111
5244.175786,2754557014,2754558088,15614,1074
5244.187823,2754565791,2754566901,16093,1110
5244.199837,2754574621,2754575730,15961,1109
5244.211855,2754583432,2754584505,15619,1073
5244.223891,2754592247,2754593347,15968,1100
5244.235906,2754601051,2754602159,15929,1108
5244.247928,2754609872,2754610977,15864,1105
5244.259962,2754619097,2754620201,16051,1104
5244.271975,2754627921,2754629030,15935,1109
5244.283993,2754636731,2754637805,15618,1074
5244.296027,2754645536,2754646635,15959,1099
5244.308044,2754654355,2754655459,15884,1104
5244.320061,2754663199,2754664271,15618,1072
5244.332097,2754671971,2754673079,16089,1108
5244.344112,2754680831,2754681944,15848,1113
5244.356130,2754689691,2754690769,15618,1078
5244.368165,2754698476,2754699588,16087,1112
5244.380180,2754707316,2754708419,15890,1103
5244.392211,2754716127,2754717200,15731,1073
5244.410233,2754729332,2754730406,15619,1074
5244.422268,2754738103,2754739207,16089,1104
5244.441298,2754753531,2754754635,15862,1104
5244.497407,2754793221,2754794330,15962,1109
5244.509426,2754802094,2754803197,15744,1103
5244.521457,2754810952,2754812057,15967,1105
5244.533474,2754819820,2754820923,15941,1103
5244.551509,2754833110,2754834218,15944,1108
5244.563529,2754841957,2754843066,15834,1109
5244.575559,2754850841,2754851950,15966,1109
5244.587577,2754859696,2754860805,15947,1109
5244.599598,2754868553,2754869657,15828,1104
5244.612628,2754879622,2754880722,15945,1100
5244.647698,2754903957,2754905034,15797,1077
5244.659715,2754912762,2754913867,15899,1105
5244.671735,2754921604,2754922709,15825,1105
5244.704799,2754945917,2754947026,15970,1109
5244.721331,2754958266,2754959370,15828,1104
5244.733359,2754967125,2754968228,15967,1103
5244.817515,2755029018,2755030121,15948,1103
5244.829531,2755037810,2755038911,15625,1101
5244.868612,2755066483,2755067597,15946,1114
5244.880633,2755075300,2755076409,15963,1109
5244.904681,2755092966,2755094070,15951,1104
5244.916701,2755101777,2755102879,15963,1102
5244.937747,2755117224,2755118333,15981,1109
5244.949771,2755126134,2755127241,15989,1107
5244.967805,2755139493,2755140607,15905,1114
5244.979827,2755148389,2755149499,15932,1110
5244.991843,2755157282,2755158396,15825,1114
5245.003872,2755166180,2755167291,15820,1111
5245.015896,2755175067,2755176170,15901,1103
5245.027909,2755183884,2755184990,15591,1106
5245.039941,2755192724,2755193824,15963,1100
5245.051959,2755201541,2755202652,15963,1111
5245.124096,2755254458,2755255567,16047,1109
5245.136122,2755263272,2755264378,15713,1106
5245.148144,2755272100,2755273209,15859,1109
5245.160166,2755280963,2755282063,15933,1100
5245.172184,2755289741,2755290844,15631,1103
5245.184212,2755298540,2755299644,15860,1104
5245.205251,2755314003,2755315112,15963,1109
5245.217269,2755322824,2755323917,15595,1093
5245.244321,2755342597,2755343700,15630,1103
5245.256349,2755351424,2755352523,15922,1099
5245.319470,2755397690,2755398804,16034,1114
5245.331492,2755406518,2755407621,16043,1103
5245.343509,2755415304,2755416402,15705,1098
5245.355539,2755424137,2755425242,15953,1105
5245.367559,2755432961,2755434068,15978,1107
5245.379578,2755441770,2755442873,15631,1103
5245.391612,2755450600,2755451679,15885,1079
5245.448713,2755492436,2755493549,15966,1113
5245.460732,2755501225,2755502328,15704,1103
5245.484781,2755518847,2755519955,15864,1108
5245.496800,2755527680,2755528786,15592,1106
5245.532877,2755554143,2755555249,15786,1106
5245.544899,2755562975,2755564080,16034,1105
5245.577955,2755587200,2755588300,15626,1100
5245.589988,2755596059,2755597164,15968,1105
5245.656107,2755644494,2755645603,16047,1109
5245.668126,2755653290,2755654393,15705,1103
5245.680160,2755662119,2755663228,15966,1109
5245.692177,2755670983,2755672088,15935,1105
5245.704195,2755679765,2755680872,15627,1107
5245.725241,2755695193,2755696303,15950,1110
5245.737262,2755704024,2755705131,15894,1107
5245.755296,2755717252,2755718355,15968,1103
5245.767317,2755726438,2755727537,15627,1099
5245.779346,2755735272,2755736375,15925,1103
5245.791366,2755744103,2755745207,15932,1104
5245.803386,2755752927,2755754032,15830,1105
5245.815413,2755761766,2755762869,16038,1103
5245.827433,2755770589,2755771698,16051,1109
5245.839452,2755779373,2755780474,15626,1101
5245.851481,2755788189,2755789304,16000,1115
5245.863502,2755797002,2755798111,15968,1109
5245.884543,2755812463,2755813581,15873,1118
5245.896567,2755821284,2755822396,15958,1112
5245.908588,2755830102,2755831201,16048,1099
5245.920606,2755838878,2755839979,15625,1101
5245.944656,2755856498,2755857603,15970,1105
5245.956675,2755865295,2755866401,15626,1106
5245.984738,2755887369,2755888474,15956,1105
5246.025812,2755916018,2755917126,15935,1108
5246.037832,2755924842,2755925946,15829,1104
5246.088932,2755962246,2755963346,15934,1100
5246.100949,2755971039,2755972142,15543,1103
5246.152051,2756008456,2756009561,15968,1105
5246.164069,2756017263,2756018371,15626,1108
5246.176099,2756026077,2756027176,15953,1099
5246.188121,2756034922,2756036021,15937,1099
5246.200138,2756043709,2756044814,15627,1105
5246.212170,2756052521,2756053595,15806,1074
5246.224188,2756061305,2756062410,15922,1105
5246.236207,2756070104,2756071206,15545,1102
5246.248236,2756078934,2756080037,15949,1103
5246.260256,2756087741,2756088850,15966,1109
5246.278290,2756100966,2756102080,15852,1114
5246.300338,2756118563,2756119677,15950,1114
5246.344413,2756149371,2756150474,15631,1103
5246.356442,2756158178,2756159283,15956,1105
5246.371464,2756169182,2756170283,15708,1101
5246.383497,2756177998,2756179107,15967,1109
5246.395514,2756186847,2756187952,15960,1105
5246.504730,2756268335,2756269447,15703,1112
5246.536785,2756290376,2756291480,15954,1104
5246.548805,2756299185,2756300286,15963,1101
5246.563837,2756310172,2756311280,15953,1108
5246.575857,2756318994,2756320103,15852,1109
5246.587878,2756327860,2756328964,15825,1104
5246.599905,2756336675,2756337781,15954,1106
5246.611925,2756345479,2756346589,15964,1110
5246.623954,2756354289,2756355387,15709,1098
5246.635973,2756363099,2756364208,15949,1109
5246.647994,2756371918,2756373018,15922,1100
5246.660013,2756380686,2756381792,15623,1106
5246.696084,2756407134,2756408248,15823,1114
5246.708111,2756415958,2756417068,15946,1110
5246.720131,2756424785,2756425890,15960,1105
5246.732152,2756433581,2756434680,15627,1099
5246.744179,2756442386,2756443500,15951,1114
5246.756199,2756451216,2756452321,15970,1105
5246.768219,2756460033,2756461140,15669,1107
5246.780252,2756468917,2756470017,16002,1100
5246.792268,2756477716,2756478816,16008,1100
5246.804287,2756486501,2756487598,15668,1097
5246.816316,2756495293,2756496397,15951,1104
5246.837350,2756510758,2756511869,15962,1111
5246.849373,2756519573,2756520679,15704,1106
5246.909491,2756563679,2756564784,15969,1105
5246.921517,2756572472,2756573578,15703,1106
5246.939544,2756585666,2756586769,15625,1103
5246.951573,2756594475,2756595579,15955,1104
5246.963594,2756603323,2756604437,15917,1114
5246.975618,2756612152,2756613257,15828,1105
5246.987642,2756620949,2756622048,15945,1099
5246.999663,2756629762,2756630871,15965,1109
5247.011681,2756638562,2756639667,15631,1105
5247.029716,2756651780,2756652886,15623,1106
5247.041745,2756660600,2756661708,15951,1108
5247.152955,2756742154,2756743259,15967,1105
5247.167985,2756753197,2756754305,15944,1108
5247.186020,2756766447,2756767552,16033,1105
5247.198040,2756775255,2756776365,15968,1110
5247.210059,2756784052,2756785163,15626,1111
5247.253157,2756817091,2756818194,15596,1103
5247.273181,2756830342,2756831456,15824,1114
5247.284334,2756839579,2756840686,16084,1107
5247.336299,2756877001,2756878104,15628,1103
5247.348328,2756885822,2756886915,15943,1093
5247.360348,2756894636,2756895736,15966,1100
5247.393416,2756918891,2756919970,15803,1079
5247.405435,2756927738,2756928840,15845,1102
5247.424482,2756943139,2756944244,15661,1105
5247.465552,2756971773,2756972881,16037,1108
5247.477573,2756980639,2756981748,15935,1109
5247.549707,2757033522,2757034631,15932,1109
5247.561727,2757042315,2757043418,15629,1103
5247.576761,2757053385,2757054490,15926,1105
5247.591791,2757064364,2757065469,15950,1105
5247.603813,2757073209,2757074313,15936,1104
5247.615838,2757082005,2757083116,15700,1111
5247.669936,2757121673,2757122786,15909,1113
5247.681962,2757130499,2757131612,16035,1113
5247.693983,2757139317,2757140422,15967,1105
5247.706002,2757148106,2757149218,15624,1112
5247.721037,2757159148,2757160252,15952,1104
5247.733054,2757167924,2757169031,15630,1107
5247.778139,2757201003,2757202101,15590,1098
5247.790168,2757209815,2757210920,15902,1105
5247.805190,2757220794,2757221900,15624,1106
5247.817223,2757229640,2757230745,15996,1105
5247.829240,2757238465,2757239569,15963,1104
5247.880340,2757275940,2757277049,15953,1109
5247.892360,2757284764,2757285873,15964,1109
5247.907396,2757295799,2757296902,15962,1103
5247.980530,2757350883,2757351988,15965,1105
5248.012593,2757372903,2757374004,15785,1101
5248.024614,2757381727,2757382831,15953,1104
5248.044332,2757391044,2757391657,12024,613
5248.074213,2757407412,2757408566,16374,1154
5248.086228,2757416735,2757417897,16248,1162
5248.098257,2757426135,2757427302,16274,1167
5248.113278,2757437855,2757439039,16238,1184
5248.125312,2757447316,2757448474,16316,1158
5248.149348,2757466125,2757467294,16250,1169
5248.161378,2757475534,2757476698,16309,1164
5248.173400,2757484848,2757486032,16392,1184
5248.200451,2757506142,2757507305,16386,1163
5248.212466,2757515591,2757516779,16211,1188
5248.224500,2757525224,2757526412,16323,1188
5248.236521,2757534704,2757535867,16396,1163
5248.248537,2757544119,2757545306,16207,1187
5248.263573,2757555872,2757557061,16416,1189
5248.299641,2757584191,2757585380,16401,1189
5248.311655,2757593655,2757594824,16221,1169
5248.323687,2757603101,2757604290,16251,1189
5248.341721,2757617324,2757618513,16314,1189
5248.353743,2757626766,2757627955,16385,1189
5248.419862,2757678824,2757679983,16233,1159
5248.431891,2757688691,2757689854,16292,1163
5248.443916,2757698086,2757699250,16400,1164
5248.455931,2757707526,2757708710,16162,1184
5248.476977,2757724123,2757725311,16304,1188
5248.489001,2757733565,2757734729,16399,1164
5248.528068,2757764433,2757765596,16237,1163
5248.540097,2757773884,2757775048,16306,1164
5248.553623,2757782611,2757783717,15904,1106
5248.565647,2757791480,2757792591,15993,1111
5248.577663,2757800337,2757801443,15909,1106
5248.589691,2757809214,2757810320,15913,1106
5248.607725,2757822514,2757823628,15901,1114
5248.619750,2757831386,2757832494,15990,1108
5248.631765,2757840246,2757841355,15829,1109
5248.643794,2757849107,2757850215,15906,1108
5248.655819,2757857976,2757859075,15987,1099
5248.667834,2757866818,2757867923,15829,1105
5248.679863,2757875678,2757876787,15991,1109
5248.691887,2757884541,2757885650,16045,1109
5248.703902,2757893403,2757894512,15829,1109
5248.715931,2757902257,2757903361,15988,1104
5248.727956,2757911122,2757912227,15985,1105
5248.739971,2757919984,2757921089,15834,1105
5248.752000,2757928842,2757929948,15905,1106
5248.764024,2757937699,2757938800,16070,1101
5248.776039,2757946552,2757947661,15827,1109
5248.788068,2757955402,2757956511,15906,1109
5248.800095,2757964676,2757965785,16005,1109
5248.812109,2757973545,2757974654,15834,1109
5248.824137,2757982414,2757983518,15912,1104
5248.836162,2757991261,2757992366,15988,1105
5248.848177,2758000135,2758001245,15829,1110
5248.860206,2758009002,2758010111,15905,1109
5248.872232,2758017874,2758018988,15988,1114
5248.884245,2758026735,2758027835,15830,1100
5248.896274,2758035590,2758036690,15906,1100
5248.908298,2758044445,2758045553,15999,1108
5248.920315,2758053309,2758054414,15834,1105
5248.932343,2758062173,2758063278,15908,1105
5248.944367,2758071050,2758072159,15993,1109
5248.968412,2758088760,2758089869,15908,1109
5248.980436,2758097616,2758098714,15987,1098
5249.004480,2758115322,2758116425,15905,1103
5249.016505,2758124167,2758125280,15906,1113
5249.028520,2758133040,2758134144,15830,1104
5249.040550,2758141912,2758143021,15909,1109
5249.052573,2758150773,2758151879,15986,1106
5249.073605,2758166270,2758167374,15829,1104
5249.085634,2758175138,2758176243,15906,1105
5249.097659,2758183975,2758185079,15987,1104
5249.109674,2758192840,2758193945,15827,1105
5249.121703,2758201701,2758202814,15906,1113
5249.133727,2758210577,2758211677,15942,1100
5249.148754,2758221651,2758222760,15907,1109
5249.160779,2758230513,2758231613,15994,1100
5249.176807,2758243802,2758244911,16067,1109
5249.193841,2758254889,2758256000,15992,1111
5249.205865,2758263739,2758264843,16002,1104
5249.217880,2758272594,2758273703,15827,1109
5249.229909,2758281457,2758282550,15911,1093
5249.241933,2758290293,2758291397,15990,1104
5249.253948,2758299154,2758300268,15817,1114
5249.265977,2758308029,2758309138,15886,1109
5249.278002,2758316895,2758318005,15991,1110
5249.320080,2758347890,2758348994,15909,1104
5249.332105,2758356735,2758357840,15987,1105
5249.344120,2758365591,2758366691,15834,1100
5249.356149,2758374432,2758375541,15905,1109
5249.368173,2758383274,2758384379,15985,1105
5249.380189,2758392134,2758393241,15829,1107
5249.392220,2758400997,2758402110,15913,1113
5249.404242,2758409856,2758410967,15918,1111
5249.416257,2758418718,2758419823,15835,1105
5249.428287,2758427568,2758428678,15905,1110
5249.449328,2758443075,2758444186,15949,1111
5249.461343,2758451965,2758453069,15826,1104
5249.476379,2758463026,2758464135,15981,1109
5249.488394,2758471871,2758472974,15739,1103
5249.512447,2758489573,2758490675,15989,1102
5249.524463,2758498432,2758499541,15826,1109
5249.596600,2758551606,2758552702,15822,1096
5249.608629,2758560462,2758561567,15907,1105
5249.629671,2758575965,2758577067,15988,1102
5249.641686,2758584835,2758585940,15836,1105
5249.653715,2758593681,2758594785,15913,1104
5249.665739,2758602553,2758603658,15980,1105
5249.696804,2758626927,2758628041,15907,1114
5249.708822,2758635817,2758636926,16063,1109
5249.731857,2758651324,2758652433,15828,1109
5249.743886,2758660186,2758661291,15908,1105
5249.761921,2758673448,2758674553,15907,1105
5249.773945,2758682310,2758683419,15942,1109
5249.785960,2758691160,2758692264,15790,1104
5249.797989,2758700018,2758701126,15911,1108
5249.810016,2758708859,2758709965,15987,1106
5249.834058,2758726559,2758727663,15906,1104
5249.846082,2758735408,2758736515,15986,1107
5249.858097,2758744282,2758745381,15830,1099
5249.870125,2758753150,2758754254,15905,1104
5249.882149,2758762008,2758763120,15970,1112
5249.894166,2758770881,2758771995,15841,1114
5249.909201,2758781954,2758783063,15972,1109
5249.921217,2758790826,2758791931,15847,1105
5249.936253,2758801885,2758802990,15977,1105
5250.000378,2758850603,2758851712,15839,1109
5250.017406,2758861675,2758862780,15973,1105
5250.029423,2758870518,2758871625,15847,1107
5250.041452,2758879419,2758880532,15908,1113
5250.056475,2758890547,2758891661,15864,1114
5250.068505,2758899455,2758900568,15907,1113
5250.080525,2758908352,2758909465,15956,1113
5250.092545,2758917255,2758918369,15863,1114
5250.104572,2758926139,2758927253,15908,1114
5250.125611,2758941724,2758942837,15962,1113
5250.137629,2758950628,2758951742,15857,1114
5250.149658,2758959533,2758960632,15904,1099
5250.192744,2758992731,2758993841,15901,1110
5250.227800,2759017112,2759018216,15854,1104
5250.239830,2759025961,2759027065,15909,1104
5250.251851,2759034817,2759035920,15959,1103
5250.263869,2759043668,2759044777,15773,1109
5250.275898,2759052540,2759053646,15905,1106
5250.287920,2759061395,2759062500,15958,1105
5250.299937,2759070243,2759071351,15856,1108
5250.311968,2759079653,2759080770,15909,1117
5250.323988,2759088526,2759089630,15958,1104
5250.336006,2759097374,2759098483,15856,1109
5250.348037,2759106225,2759107333,15865,1108
5250.360057,2759115077,2759116181,15961,1104
5250.372075,2759123933,2759125032,15857,1099
5250.384104,2759132789,2759133893,15991,1104
5250.396125,2759141657,2759142764,15970,1107
5250.408143,2759150516,2759151621,15867,1105
5250.420172,2759159366,2759160479,15911,1113
5250.441211,2759174870,2759175975,15964,1105
5250.453229,2759183718,2759184825,15860,1107
5250.474275,2759199198,2759200306,15908,1108
5250.489298,2759210285,2759211384,15856,1099
5250.501327,2759219141,2759220241,15913,1100
5250.552418,2759256808,2759257910,15861,1102
5250.564447,2759265660,2759266768,15914,1108
5250.600515,2759292260,2759293363,15907,1103
5250.612537,2759301123,2759302216,15963,1093
5250.633572,2759316624,2759317733,15856,1109
5250.645601,2759325471,2759326578,15907,1107
5250.657624,2759334334,2759335447,15871,1113
5250.681670,2759352044,2759353147,15734,1103
5250.693693,2759360915,2759362029,15989,1114
5250.717740,2759378624,2759379733,15911,1109
5250.729761,2759387484,2759388596,15972,1112
5250.744791,2759398561,2759399670,15905,1109
5250.756812,2759407447,2759408551,15929,1104
5250.771843,2759418527,2759419640,15907,1113
5250.792881,2759434033,2759435138,15990,1105
5250.804898,2759442893,2759444002,15847,1109
5250.816928,2759451742,2759452847,15907,1105
5250.831950,2759462813,2759463917,15843,1104
5250.843980,2759471670,2759472780,15909,1110
5250.856001,2759480516,2759481624,15973,1108
5250.877035,2759496035,2759497144,15840,1109
5250.889065,2759504902,2759506007,15910,1105
5250.901087,2759513781,2759514890,15973,1109
5250.913104,2759522636,2759523741,15845,1105
5250.946173,2759546988,2759548101,15972,1113
5250.958189,2759555859,2759556968,15845,1109
5251.063396,2759633362,2759634471,15971,1109
5251.084429,2759648878,2759649981,15834,1103
5251.096460,2759657734,2759658839,15823,1105
5251.108481,2759666603,2759667717,15884,1114
5251.147550,2759695371,2759696476,15837,1105
5251.171601,2759713059,2759714164,15969,1105
5251.183618,2759721940,2759723044,15800,1104
5251.195649,2759730810,2759731916,15827,1106
5251.207670,2759739679,2759740787,15977,1108
5251.219687,2759748537,2759749646,15757,1109
5251.231717,2759757400,2759758504,15909,1104
5251.243739,2759766256,2759767365,15977,1109
5251.255755,2759775109,2759776220,15839,1111
5251.273790,2759788394,2759789499,15845,1105
5251.285820,2759797245,2759798350,15907,1105
5251.303854,2759810530,2759811644,15885,1114
5251.315875,2759819422,2759820531,15882,1109
5251.327893,2759828297,2759829405,15846,1108
5251.339923,2759837169,2759838274,15909,1105
5251.351944,2759846007,2759847112,15973,1105
5251.363961,2759854887,2759856001,15754,1114
5251.375992,2759863749,2759864849,15907,1100
5251.394026,2759877019,2759878119,15910,1100
5251.406047,2759885860,2759886974,15973,1114
5251.496219,2759952290,2759953400,15972,1110
5251.508235,2759961136,2759962241,15799,1105
5251.520265,2759970007,2759971111,15867,1104
5251.532286,2759978862,2759979966,15957,1104
5251.544304,2759987711,2759988809,15860,1098
5251.556333,2759996565,2759997675,15903,1110
5251.568355,2760005424,2760006533,15871,1109
5251.583385,2760016498,2760017603,15903,1105
5251.607425,2760034220,2760035324,15860,1104
5251.619453,2760043100,2760044209,15911,1109
5251.631475,2760051949,2760053063,15964,1114
5251.643493,2760060825,2760061930,15942,1105
5251.655521,2760069682,2760070787,15991,1105
5251.667543,2760078535,2760079640,16042,1105
5251.679561,2760087395,2760088505,15861,1110
5251.691590,2760096248,2760097357,15919,1109
5251.703612,2760105096,2760106205,15969,1109
5251.715631,2760113963,2760115068,15854,1105
5251.727659,2760122832,2760123934,15907,1102
5251.739680,2760131692,2760132801,15960,1109
5251.751698,2760140557,2760141656,15855,1099
5251.763727,2760149413,2760150521,15907,1108
5251.781762,2760162688,2760163796,15901,1108
5251.793783,2760171549,2760172658,15959,1109
5251.817831,2760189268,2760190371,15908,1103
5251.829852,2760198542,2760199660,15959,1118
5251.901989,2760251682,2760252796,15959,1114
5251.914007,2760260546,2760261654,15853,1108
5251.926038,2760269424,2760270532,15909,1108
5251.938059,2760278288,2760279397,15974,1109
5251.950076,2760287152,2760288257,15821,1105
5251.962106,2760296023,2760297127,15908,1104
5251.986145,2760313737,2760314846,15845,1109
5251.998175,2760322605,2760323708,15909,1103
5252.028230,2760344727,2760345836,15970,1109
5252.040247,2760353595,2760354704,15841,1109
5252.052278,2760362465,2760363570,15907,1105
5252.064299,2760371327,2760372432,15928,1105
5252.076316,2760380171,2760381276,15843,1105
5252.100367,2760397876,2760398985,15973,1109
5252.112385,2760406735,2760407840,15846,1105
5252.124417,2760415605,2760416710,15908,1105
5252.136437,2760424461,2760425574,15977,1113
5252.148454,2760433313,2760434422,15849,1109
5252.193539,2760466534,2760467637,15843,1103
5252.205569,2760475409,2760476513,15866,1104
5252.217591,2760484274,2760485379,15974,1105
5252.229606,2760493127,2760494231,15787,1104
5252.241629,2760501963,2760503063,15633,1100
5252.253657,2760510783,2760511892,15951,1109
5252.295730,2760541613,2760542720,15704,1107
5252.307762,2760550427,2760551500,15843,1073
5252.319781,2760559227,2760560332,16013,1105
5252.331802,2760568055,2760569160,15828,1105
5252.343830,2760576873,2760577977,15951,1104
5252.355848,2760585709,2760586818,15964,1109
5252.367867,2760594491,2760595596,15705,1105
5252.379899,2760603325,2760604430,15966,1105
5252.391917,2760612151,2760613260,15971,1109
5252.403936,2760620939,2760622041,15634,1102
5252.415965,2760629739,2760630848,15954,1109
5252.427986,2760638576,2760639682,15932,1106
5252.449022,2760654001,2760655104,15624,1103
5252.461051,2760662830,2760663941,15949,1111
5252.488102,2760682653,2760683758,15949,1105
5252.500123,2760691460,2760692569,15967,1109
5252.512145,2760700267,2760701372,15825,1105
5252.524171,2760709091,2760710200,15951,1109
5252.536193,2760717947,2760719052,15935,1105
5252.548213,2760726743,2760727852,15825,1109
5252.560239,2760735575,2760736677,15957,1102
5252.572260,2760744370,2760745475,15966,1105
5252.584279,2760753146,2760754257,15625,1111
5252.617346,2760777372,2760778472,15962,1100
5252.629367,2760786198,2760787308,15826,1110
5252.647402,2760799441,2760800548,15780,1107
5252.659430,2760808266,2760809380,15944,1114
5252.671449,2760817093,2760818197,15963,1104
5252.683468,2760825889,2760826986,15630,1097
5252.695499,2760834684,2760835762,15721,1078
5252.707519,2760843519,2760844622,15934,1103
5252.731570,2760861110,2760862219,15947,1109
5252.743587,2760869930,2760871023,15972,1093
5252.755607,2760878769,2760879874,15831,1105
5252.767634,2760887585,2760888689,15953,1104
5252.779657,2760896392,2760897501,15950,1109
5252.791674,2760905191,2760906294,15625,1103
5252.803703,2760914004,2760915109,15953,1105
5252.815722,2760922867,2760923979,15878,1112
5252.827745,2760931686,2760932798,15824,1112
5252.839772,2760940498,2760941607,15955,1109
5252.851792,2760949329,2760950433,15960,1104
5252.863814,2760958166,2760959271,15822,1105
5252.875843,2760966988,2760968087,15915,1099
5252.887862,2760975842,2760976942,15933,1100
5252.899882,2760984650,2760985758,15824,1108
5252.935951,2761011132,2761012236,15824,1104
5252.947977,2761019978,2761021085,15943,1107
5252.959997,2761028786,2761029885,15967,1099
5252.972024,2761037577,2761038685,15713,1108
5252.984049,2761046437,2761047550,15875,1113
5252.996066,2761055270,2761056374,16048,1104
5253.008088,2761064087,2761065192,15906,1105
5253.020114,2761072902,2761074013,16034,1111
5253.032136,2761081782,2761082891,16016,1109
5253.044156,2761090586,2761091698,15827,1112
5253.062188,2761103841,2761104946,15665,1105
5253.074220,2761112649,2761113752,16077,1103
5253.140341,2761161085,2761162194,15963,1109
5253.152359,2761169892,2761170999,15625,1107
5253.180425,2761191900,2761193000,15946,1100
5253.257564,2761246927,2761248030,15963,1103
5253.269590,2761255727,2761256830,15666,1103
5253.284615,2761266736,2761267850,15960,1114
5253.296634,2761275526,2761276622,15627,1096
5253.320684,2761293162,2761294261,15937,1099
5253.337214,2761305509,2761306614,15889,1105
5253.347734,2761313486,2761314590,16014,1104
5253.359754,2761322316,2761323415,15591,1099
5253.371786,2761331133,2761332242,16000,1109
5253.383805,2761339991,2761341101,15848,1110
5253.396834,2761351018,2761352131,15957,1113
5253.501027,2761425885,2761426989,16047,1104
5253.513045,2761434694,2761435804,15663,1110
5253.525078,2761443558,2761444660,16050,1102
5253.552126,2761463378,2761464483,15953,1105
5253.564148,2761472242,2761473352,15935,1110
5253.576165,2761481028,2761482123,15630,1095
5253.597212,2761496431,2761497540,15951,1109
5253.609232,2761505257,2761506351,16046,1094
5253.639286,2761527334,2761528440,15591,1106
5253.651315,2761536146,2761537256,15951,1110
5253.663335,2761544957,2761546070,15965,1113
5253.675354,2761553761,2761554864,15625,1103
5253.696400,2761569171,2761570280,15945,1109
5253.708422,2761578021,2761579130,15858,1109
5253.756508,2761613275,2761614377,15704,1102
5253.768542,2761622114,2761623223,15909,1109
5253.780558,2761630921,2761632031,15877,1110
5253.792577,2761639704,2761640795,15629,1091
5253.819631,2761659595,2761660699,15825,1104
5253.831657,2761668392,2761669501,15945,1109
5253.843678,2761677220,2761678327,15959,1107
5253.864722,2761692622,2761693725,15711,1103
5253.876743,2761701422,2761702529,16031,1107
5253.888764,2761710248,2761711356,16044,1108
5253.903795,2761721263,2761722370,15949,1107
5253.927834,2761738881,2761739993,15664,1112
5253.939867,2761747751,2761748861,15965,1110
5253.951883,2761756553,2761757658,15967,1105
5253.963910,2761765325,2761766426,15709,1101
5253.975936,2761774179,2761775277,15964,1098
5253.987953,2761783007,2761784114,15964,1107
5253.999971,2761791802,2761792908,15628,1106
5254.012003,2761800663,2761801741,15778,1078
5254.024022,2761809488,2761810602,15941,1114
5254.036040,2761818325,2761819428,15597,1103
5254.054074,2761831526,2761832623,15625,1097
5254.066106,2761840365,2761841470,15962,1105
5254.121211,2761882242,2761883345,15928,1103
5254.144246,2761897621,2761898733,15629,1112
5254.156275,2761906440,2761907549,15953,1109
5254.168298,2761915256,2761916361,15954,1105
5254.180314,2761924089,2761925187,15625,1098
5254.244446,2761972515,2761973624,15949,1109
5254.261476,2761983528,2761984625,15786,1097
5254.339621,2762040776,2762041880,15966,1104
5254.351642,2762049573,2762050679,15624,1106
5254.363672,2762058396,2762059505,15996,1109
5254.375690,2762067217,2762068319,15965,1102
5254.387708,2762076035,2762077131,15627,1096
5254.399742,2762084873,2762085978,15963,1105
5254.411759,2762093680,2762094785,15938,1105
5254.423777,2762102523,2762103624,15677,1101
5254.435811,2762111380,2762112485,16048,1105
5254.447827,2762120209,2762121313,16043,1104
5254.459853,2762128995,2762130095,15706,1100
5254.471875,2762137819,2762138923,16034,1104
5254.483896,2762146631,2762147735,15964,1104
5254.495914,2762155423,2762156520,15703,1097
5254.507944,2762164217,2762165331,15957,1114
5254.519965,2762173074,2762174183,15939,1109
5254.531983,2762181868,2762182974,15632,1106
5254.544012,2762190696,2762191807,16032,1111
5254.556033,2762199511,2762200616,16045,1105
5254.568052,2762208297,2762209402,15707,1105
5254.580081,2762217134,2762218240,16026,1106
5254.592103,2762226035,2762227128,15934,1093
5254.604123,2762234848,2762235957,15822,1109
5254.616154,2762243711,2762244815,15945,1104
5254.628170,2762252518,2762253627,15967,1109
5254.640189,2762261322,2762262420,15634,1098
5254.652218,2762270134,2762271243,15951,1109
5254.664241,2762278962,2762280065,15953,1103
5254.676257,2762287740,2762288844,15702,1104
5254.688289,2762296541,2762297655,16035,1114
5254.700307,2762305351,2762306460,15964,1109
5254.712329,2762314185,2762315284,15831,1099
5254.784463,2762367003,2762368104,15627,1101
5254.796492,2762375979,2762377083,15988,1104
5254.844582,2762411373,2762412477,16044,1104
5254.856334,2762420588,2762421697,15980,1109
5254.889668,2762444841,2762445940,16050,1099
5254.901688,2762453665,2762454766,15597,1101
5254.919720,2762466912,2762468018,15594,1106
5254.931754,2762475755,2762476864,15971,1109
5254.943770,2762484577,2762485687,15973,1110
5254.955797,2762493387,2762494495,15638,1108
5254.967823,2762502276,2762503381,15992,1105
5254.985855,2762515609,2762516722,15970,1113
5254.997873,2762524514,2762525624,15851,1110
5255.009899,2762533418,2762534532,15906,1114
5255.021924,2762542305,2762543416,15972,1111
5255.033940,2762551195,2762552309,15854,1114
5255.048975,2762562314,2762563419,15969,1105
5255.060992,2762571204,2762572317,15839,1113
5255.073020,2762580110,2762581214,15841,1104
5255.089551,2762592540,2762593653,15959,1113
5255.104581,2762603670,2762604780,15900,1110
5255.116604,2762612575,2762613686,15974,1111
5255.128621,2762621479,2762622592,15776,1113
5255.140648,2762630377,2762631490,15889,1113
5255.152672,2762639281,2762640395,15975,1114
5255.164689,2762648179,2762649293,15854,1114
5255.197757,2762672637,2762673747,15962,1110
5255.209776,2762681538,2762682652,15929,1114
5255.312981,2762758794,2762759902,15960,1108
5255.336016,2762774224,2762775329,15963,1105
5255.348035,2762783024,2762784125,15709,1101
5255.360070,2762791876,2762792960,15813,1084
5255.372085,2762800643,2762801748,15968,1105
5255.384104,2762809447,2762810550,15636,1103
5255.396133,2762818273,2762819377,15957,1104
5255.408156,2762827084,2762828186,16037,1102
5255.426188,2762840332,2762841440,15967,1108
5255.438209,2762849187,2762850292,15830,1105
5255.528381,2762915353,2762916462,15826,1109
5255.540411,2762924207,2762925316,16042,1109
5255.552428,2762933029,2762934133,15855,1104
5255.612544,2762977048,2762978157,16030,1109
5255.624565,2762985883,2762986981,15963,1098
5255.657634,2763010099,2763011208,16049,1109
5255.669651,2763018911,2763020011,16053,1100
5255.729767,2763062984,2763064093,15948,1109
5255.741788,2763071798,2763072902,16042,1104
5255.753809,2763080627,2763081741,15830,1114
5255.768842,2763091670,2763092770,16039,1100
5255.780858,2763100449,2763101546,15702,1097
5255.795889,2763111441,2763112543,15942,1102
5255.807910,2763120229,2763121324,15664,1095
5255.819939,2763129038,2763130142,16026,1104
5255.840976,2763144504,2763145611,15964,1107
5255.853000,2763153341,2763154446,15824,1105
5255.864339,2763162453,2763163566,15894,1113
5255.877045,2763171305,2763172413,16049,1108
5255.898089,2763186722,2763187824,15713,1102
5255.910111,2763195532,2763196641,16035,1109
5255.922131,2763204354,2763205459,16044,1105
5255.955202,2763228579,2763229692,15972,1113
5255.970218,2763239593,2763240690,15703,1097
5256.024321,2763279203,2763280302,15629,1099
5256.036355,2763288042,2763289152,15965,1110
5256.057389,2763303496,2763304598,15934,1102
5256.069407,2763312293,2763313395,15631,1102
5256.084440,2763323326,2763324431,15975,1105
5256.147560,2763369594,2763370698,15849,1104
5256.159578,2763378410,2763379525,15673,1115
5256.171608,2763387235,2763388344,15957,1109
5256.183629,2763396090,2763397199,15934,1109
5256.195655,2763404888,2763405991,15712,1103
5256.207676,2763413697,2763414802,16034,1105
5256.219697,2763422521,2763423627,16049,1106
5256.231716,2763431300,2763432407,15706,1107
5256.243745,2763440130,2763441237,15955,1107
5256.255767,2763448998,2763450103,15938,1105
5256.273800,2763462225,2763463318,16050,1093
5256.285818,2763471049,2763472150,15594,1101
5256.360968,2763526149,2763527254,15953,1105
5256.372334,2763535355,2763536464,15886,1109
5256.394032,2763550814,2763551916,15712,1102
5256.406054,2763559632,2763560736,16037,1104
5256.418074,2763568472,2763569577,16049,1105
5256.436108,2763581678,2763582783,16047,1105
5256.448130,2763590549,2763591658,15906,1109
5256.460159,2763599374,2763600457,15807,1083
5256.472178,2763608196,2763609296,15941,1100
5256.484198,2763617022,2763618132,15828,1110
5256.496228,2763625873,2763626983,15963,1110
5256.508246,2763634692,2763635800,15967,1108
5256.520264,2763643481,2763644582,15632,1101
5256.541311,2763658889,2763659995,15945,1106
5256.553332,2763667743,2763668850,15894,1107
5256.583384,2763689734,2763690842,15624,1108
5256.595416,2763698556,2763699663,15996,1107
5256.607435,2763707379,2763708490,15974,1111
5256.619453,2763716203,2763717306,15602,1103
5256.640504,2763731663,2763732764,15973,1101
5256.652521,2763740528,2763741635,15936,1107
5256.664539,2763749313,2763750419,15630,1106
5256.679572,2763760344,2763761447,15970,1103
5256.691598,2763769152,2763770254,15638,1102
5256.709625,2763782389,2763783494,15629,1105
5256.721654,2763791207,2763792311,15959,1104
5256.796797,2763846318,2763847422,15951,1104
5256.811825,2763857332,2763858446,16028,1114
5256.847898,2763883774,2763884888,15920,1114
5256.859914,2763892596,2763893696,15962,1100
5256.871933,2763901376,2763902482,15627,1106
5256.883963,2763910199,2763911313,15951,1114
5256.895985,2763919021,2763920130,15950,1109
5256.908004,2763927813,2763928917,15627,1104
5256.920031,2763936629,2763937733,15951,1104
5256.932051,2763945441,2763946546,15970,1105
5256.944073,2763954271,2763955376,15831,1105
5256.956100,2763963071,2763964171,16037,1100
5256.968120,2763971877,2763972987,16052,1110
5256.980139,2763980681,2763981783,15704,1102
5256.992171,2763989498,2763990608,15998,1110
5257.013206,2764004908,2764006006,16046,1098
5257.025225,2764013687,2764014794,15672,1107
5257.052276,2764033510,2764034618,15594,1108
5257.064305,2764042343,2764043452,15971,1109
5257.076326,2764051146,2764052260,15878,1114
5257.115396,2764079795,2764080896,15628,1101
5257.127426,2764088625,2764089734,15868,1109
5257.139446,2764097435,2764098539,15855,1104
5257.151465,2764106272,2764107383,15598,1111
5257.163496,2764115147,2764116220,15783,1073
5257.184532,2764130525,2764131630,15966,1105
5257.196550,2764139310,2764140416,15626,1106
5257.220600,2764156963,2764158072,16046,1109
5257.232619,2764165773,2764166881,15705,1108
5257.259677,2764179500,2764180119,11973,619
5257.273204,2764184807,2764185525,13240,718
5257.285225,2764193536,2764194689,16359,1153
5257.297247,2764202780,2764203939,16340,1159
5257.309263,2764212123,2764213284,16032,1161
5257.324296,2764223815,2764225003,16353,1188
5257.336324,2764233121,2764234277,16120,1156
5257.351348,2764244842,2764246004,16357,1162
5257.387417,2764272860,2764274018,16252,1158
5257.399439,2764282221,2764283385,16240,1164
5257.411465,2764291570,2764292759,16355,1189
5257.423486,2764300993,2764302179,16459,1186
5257.435513,2764310389,2764311550,16205,1161
5257.447534,2764319753,2764320917,16442,1164
5257.459553,2764329104,2764330293,16452,1189
5257.471574,2764338534,2764339695,16000,1161
5257.483602,2764347902,2764349066,16359,1164
5257.495624,2764357344,2764358508,16343,1164
5257.507643,2764366684,2764367870,16033,1186
5257.519671,2764376095,2764377284,16359,1189
5257.531692,2764385479,2764386648,16381,1169
5257.543711,2764394795,2764395985,15956,1190
5257.555742,2764404197,2764405355,16209,1158
5257.567760,2764413579,2764414743,16348,1164
5257.579779,2764422892,2764424054,16037,1162
5257.591812,2764432346,2764433544,16353,1198
5257.603830,2764441813,2764442977,16343,1164
5257.615848,2764451192,2764452388,16039,1196
5257.627878,2764460662,2764461848,16371,1186
5257.639899,2764470125,2764471320,16346,1195
5257.651916,2764479608,2764480793,16038,1185
5257.663945,2764489032,2764490215,16355,1183
5257.677474,2764499807,2764500996,16366,1189
5257.689495,2764509208,2764510399,16444,1191
5257.701511,2764518537,2764519729,16116,1192
5257.713544,2764527971,2764529160,16451,1189
5257.752612,2764558654,2764559848,16456,1194
5257.766137,2764567241,2764568349,15965,1108
5257.778159,2764576068,2764577179,15601,1111
5257.790190,2764584934,2764586047,15960,1113
5257.802206,2764593767,2764594871,15965,1104
5257.814225,2764602574,2764603682,15631,1108
5257.826259,2764611427,2764612532,15960,1105
5257.838278,2764620256,2764621362,15950,1106
5257.859311,2764635676,2764636779,15634,1103
5257.871340,2764644514,2764645618,15945,1104
5257.883361,2764653794,2764654898,15848,1104
5257.896886,2764664117,2764665226,15960,1109
5257.908905,2764672916,2764674018,15632,1102
5257.923938,2764683935,2764685043,15968,1108
5257.935959,2764692778,2764693878,15802,1100
5257.947988,2764701600,2764702675,15881,1075
5257.960006,2764710365,2764711470,15962,1105
5257.972025,2764719142,2764720239,15630,1097
5257.984059,2764727969,2764729073,15991,1104
5257.996075,2764736786,2764737894,15960,1108
5258.008094,2764745572,2764746678,15630,1106
5258.020123,2764754388,2764755501,15950,1113
5258.032143,2764763273,2764764376,15845,1103
5258.044165,2764772133,2764773238,15830,1105
5258.056193,2764780948,2764782019,15803,1071
5258.068212,2764789743,2764790848,15876,1105
5258.080243,2764798591,2764799700,15989,1109
5258.092260,2764807431,2764808535,15940,1104
5258.116299,2764825027,2764826138,15705,1111
5258.128328,2764833855,2764834959,16027,1104
5258.140350,2764842699,2764843803,15932,1104
5258.152371,2764851525,2764852634,15831,1109
5258.164397,2764860344,2764861447,15897,1103
5258.179427,2764871361,2764872467,15716,1106
5258.191450,2764880187,2764881292,15941,1105
5258.203470,2764889017,2764890122,15965,1105
5258.215488,2764897808,2764898916,15707,1108
5258.227517,2764906636,2764907741,15944,1105
5258.239539,2764915486,2764916598,16011,1112
5258.251557,2764924290,2764925396,15637,1106
5258.275606,2764941959,2764943064,15962,1105
5258.287625,2764950779,2764951885,15709,1106
5258.299654,2764959599,2764960704,15953,1105
5258.311675,2764968416,2764969521,16048,1105
5258.323694,2764977197,2764978304,15549,1107
5258.335727,2764986045,2764987153,15960,1108
5258.347743,2764994874,2764995983,15966,1109
5258.359763,2765003663,2765004764,15632,1101
5258.371794,2765012483,2765013557,15805,1074
5258.383815,2765021283,2765022397,15948,1114
5258.395833,2765030088,2765031194,15628,1106
5258.407860,2765038897,2765040011,15943,1114
5258.419881,2765047724,2765048828,15974,1104
5258.431902,2765056583,2765057692,15926,1109
5258.443929,2765065408,2765066511,16023,1103
5258.455950,2765074235,2765075342,15965,1107
5258.467968,2765083028,2765084134,15629,1106
5258.480000,2765091852,2765092959,15996,1107
5258.492018,2765100834,2765101939,15964,1105
5258.504037,2765109672,2765110770,15597,1098
5258.516066,2765118480,2765119584,15953,1104
5258.528086,2765127280,2765128390,15934,1110
5258.540109,2765136120,2765137224,15908,1104
5258.552134,2765144945,2765146049,16031,1104
5258.564155,2765153788,2765154887,16046,1099
5258.576184,2765162595,2765163699,15946,1104
5258.588203,2765171409,2765172516,15952,1107
5258.600224,2765180240,2765181349,15977,1109
5258.612243,2765189039,2765190136,15631,1097
5258.624272,2765197844,2765198949,15946,1105
5258.636293,2765206701,2765207801,15938,1100
5258.648311,2765215495,2765216605,15714,1110
5258.660340,2765224324,2765225429,16023,1105
5258.687392,2765244150,2765245259,16028,1109
5258.699414,2765253037,2765254137,15935,1100
5258.711432,2765261833,2765262934,15632,1101
5258.723462,2765270643,2765271717,15927,1074
5258.735483,2765279461,2765280566,15945,1105
5258.747500,2765288260,2765289365,15633,1105
5258.765534,2765301468,2765302564,15632,1096
5258.777566,2765310284,2765311392,15991,1108
5258.804615,2765330147,2765331250,15956,1103
5258.816636,2765338982,2765340092,15964,1110
5258.828657,2765347806,2765348916,15834,1110
5258.840686,2765356644,2765357749,16084,1105
5258.876755,2765383066,2765384175,15990,1109
5258.888772,2765391899,2765393002,15965,1103
5258.904804,2765405139,2765406248,15961,1109
5258.921842,2765416193,2765417296,16001,1103
5258.933859,2765425054,2765426154,15938,1100
5258.945877,2765433851,2765434952,15633,1101
5258.981946,2765460283,2765461389,15629,1106
5258.993974,2765469101,2765470206,15939,1105
5259.012009,2765482318,2765483430,16022,1112
5259.024029,2765491149,2765492257,15810,1108
5259.036049,2765499956,2765501053,15597,1097
5259.048077,2765508759,2765509864,15944,1105
5259.060098,2765517579,2765518684,15876,1105
5259.072125,2765526370,2765527470,15713,1100
5259.084146,2765535180,2765536284,15944,1104
5259.096167,2765543997,2765545107,15964,1110
5259.117206,2765559574,2765560679,15829,1105
5259.129236,2765568435,2765569535,15858,1100
5259.145266,2765581642,2765582747,15901,1105
5259.220405,2765636732,2765637840,15852,1108
5259.261477,2765665372,2765666478,15625,1106
5259.273509,2765674187,2765675294,15987,1107
5259.300560,2765694039,2765695117,15799,1078
5259.312580,2765702879,2765703987,15943,1108
5259.324601,2765711730,2765712840,15838,1110
5259.336626,2765720561,2765721665,15953,1104
5259.348648,2765729386,2765730496,15969,1110
5259.369691,2765744828,2765745934,15710,1106
5259.381712,2765753639,2765754747,15944,1108
5259.396735,2765764657,2765765757,15631,1100
5259.408765,2765773983,2765775083,15968,1100
5259.420784,2765782809,2765783911,15848,1102
5259.435815,2765793843,2765794948,15940,1105
5259.447835,2765802676,2765803780,15962,1104
5259.459854,2765811460,2765812563,15706,1103
5259.471887,2765820280,2765821384,15997,1104
5259.489918,2765833479,2765834586,16029,1107
5259.501939,2765842300,2765843414,15965,1114
5259.525990,2765860025,2765861127,15952,1102
5259.538007,2765868841,2765869934,15967,1093
5259.562055,2765886464,2765887573,15947,1109
5259.574079,2765895293,2765896398,15949,1105
5259.604129,2765917286,2765918391,15629,1105
5259.616158,2765926108,2765927221,15944,1113
5259.628180,2765934966,2765936075,15935,1109
5259.640197,2765943747,2765944853,15630,1106
5259.652227,2765952588,2765953694,15946,1106
5259.664247,2765961418,2765962523,15964,1105
5259.682281,2765974636,2765975750,16037,1114
5259.712334,2765996683,2765997784,15707,1101
5259.724368,2766005549,2766006654,15957,1105
5259.748407,2766023199,2766024309,15831,1110
5259.760432,2766032022,2766033136,15904,1114
5259.829558,2766082712,2766083813,15600,1101
5259.841587,2766091530,2766092635,15943,1105
5259.853610,2766100371,2766101473,15877,1102
5259.901695,2766135674,2766136780,15629,1106
5259.913724,2766144481,2766145586,15945,1105
5259.925750,2766153335,2766154439,15950,1104
5259.937764,2766162129,2766163234,15590,1105
5259.949793,2766170942,2766172051,15952,1109
5260.009901,2766215000,2766216108,15627,1108
5260.021935,2766223871,2766224949,15807,1078
5260.052995,2766248059,2766249159,15630,1100
5260.070021,2766259102,2766260211,15947,1109
5260.082038,2766267889,2766268995,15709,1106
5260.094071,2766276778,2766277888,15907,1110
5260.121121,2766296792,2766297900,15901,1108
5260.133146,2766305704,2766306818,15989,1114
5260.148172,2766316824,2766317934,15816,1110
5260.163202,2766327933,2766329042,15910,1109
5260.178225,2766338971,2766340075,15963,1104
5260.190244,2766347743,2766348846,15591,1103
5260.202273,2766356555,2766357669,15942,1114
5260.214293,2766365408,2766366517,15839,1109
5260.232328,2766378663,2766379772,15964,1109
5260.244346,2766387440,2766388541,15631,1101
5260.259379,2766398461,2766399566,15963,1105
5260.272413,2766409457,2766410571,15938,1114
5260.328512,2766449172,2766450281,15948,1109
5260.340532,2766458080,2766459189,15816,1109
5260.376601,2766484758,2766485872,15826,1114
5260.388630,2766493654,2766494768,15911,1114
5260.400654,2766502540,2766503649,15946,1109
5260.445735,2766535625,2766536730,15947,1105
5260.457756,2766544446,2766545551,15965,1105
5260.472787,2766555443,2766556557,15948,1114
5260.487810,2766566450,2766567555,15627,1105
5260.499838,2766575269,2766576381,15945,1112
5260.511859,2766584098,2766585212,15854,1114
5260.523878,2766592931,2766594028,15597,1097
5260.535907,2766601726,2766602835,15944,1109
5260.547929,2766610587,2766611696,15933,1109
5260.559954,2766619389,2766620500,15716,1111
5260.571975,2766628224,2766629333,16027,1109
5260.593014,2766643675,2766644780,15968,1105
5260.605035,2766652477,2766653582,15834,1105
5260.617065,2766661328,2766662438,15942,1110
5260.629082,2766670163,2766671262,15967,1099
5260.650118,2766685536,2766686637,15635,1101
5260.662150,2766694342,2766695451,15997,1109
5260.680182,2766707568,2766708677,15949,1109
5260.692202,2766716398,2766717502,15965,1104
5260.704223,2766725195,2766726300,15703,1105
5260.734285,2766747255,2766748359,16031,1104
5260.767341,2766771523,2766772625,15592,1102
5260.779370,2766780334,2766781443,15952,1109
5260.791391,2766789165,2766790270,15969,1105
5260.803412,2766798013,2766799115,15911,1102
5260.815442,2766806870,2766807980,15945,1110
5260.827459,2766815676,2766816776,15970,1100
5260.839479,2766824491,2766825597,15600,1106
5260.851507,2766833298,2766834412,16028,1114
5260.863531,2766842123,2766843226,15953,1103
5260.875547,2766850934,2766852040,15593,1106
5260.896593,2766866342,2766867447,16024,1105
5260.907119,2766874457,2766875569,15942,1112
5260.922142,2766885569,2766886673,15931,1104
5260.934159,2766894345,2766895456,15637,1111
5260.946188,2766903176,2766904281,15949,1105
5260.958209,2766912040,2766913154,15845,1114
5261.016327,2766956174,2766957277,15950,1103
5261.033347,2766967171,2766968277,15590,1106
5261.045376,2766975993,2766977093,15955,1100
5261.057397,2766984820,2766985928,15860,1108
5261.069416,2766993651,2766994757,15602,1106
5261.093465,2767011301,2767012406,15965,1105
5261.105492,2767020090,2767021195,15799,1105
5261.120517,2767031105,2767032217,15964,1112
5261.153582,2767055320,2767056431,15948,1111
5261.165604,2767064190,2767065299,15939,1109
5261.207688,2767095053,2767096160,15993,1107
5261.219705,2767103880,2767104978,15974,1098
5261.231724,2767112673,2767113771,15631,1098
5261.243753,2767121485,2767122590,15906,1105
5261.255774,2767130305,2767131413,15946,1108
5261.321896,2767178780,2767179880,15633,1100
5261.333927,2767187603,2767188706,15953,1103
5261.345947,2767196446,2767197551,16017,1105
5261.357969,2767205281,2767206386,15824,1105
5261.369994,2767214108,2767215213,15946,1105
5261.385016,2767225096,2767226203,15628,1107
5261.397045,2767233920,2767235029,15954,1109
5261.418083,2767249370,2767250474,15964,1104
5261.430102,2767258162,2767259268,15628,1106
5261.445134,2767269194,2767270303,15962,1109
5261.514268,2767319845,2767320949,15951,1104
5261.544323,2767341876,2767342983,15966,1107
5261.556344,2767350694,2767351797,15826,1103
5261.572384,2767363931,2767365037,15625,1106
5261.649526,2767418939,2767420044,15951,1105
5261.661547,2767427803,2767428913,15933,1110
5261.703631,2767458641,2767459752,16081,1111
5261.715649,2767467477,2767468581,16048,1104
5261.727668,2767476276,2767477382,15705,1106
5261.745702,2767489482,2767490584,15627,1102
5261.757735,2767498329,2767499438,15966,1109
5261.769752,2767507168,2767508270,15967,1102
5261.781770,2767515970,2767517071,15629,1101
5261.860937,2767575423,2767576529,15590,1106
5261.895992,2767599664,2767600767,15962,1103
5261.908010,2767608450,2767609556,15587,1106
5261.920039,2767617269,2767618367,15944,1098
5261.932060,2767626069,2767627173,15965,1104
5261.944079,2767634860,2767635963,15630,1103
5261.956112,2767643704,2767644806,15960,1102
5261.968128,2767652523,2767653625,15967,1102
5261.980151,2767661482,2767662587,15823,1105
5261.992177,2767670315,2767671418,15946,1103
5262.004200,2767679151,2767680257,16036,1106
5262.016216,2767687958,2767689061,15625,1103
5262.028246,2767696758,2767697872,16038,1114
5262.040266,2767705587,2767706692,16047,1105
5262.052288,2767714416,2767715520,15831,1104
5262.067317,2767725446,2767726555,16042,1109
5262.088354,2767740834,2767741940,15706,1106
5262.100386,2767749636,2767750741,16080,1105
5262.112403,2767758463,2767759572,15966,1109
5262.127437,2767769463,2767770546,15805,1083
5262.181541,2767809203,2767810312,15967,1109
5262.193561,2767818070,2767819175,15932,1105
5262.205576,2767826864,2767827965,15631,1101
5262.217605,2767835677,2767836785,16033,1108
5262.259679,2767866521,2767867624,15670,1103
5262.280725,2767881975,2767883085,16035,1110
5262.292746,2767890794,2767891899,16002,1105
5262.376902,2767952511,2767953612,15627,1101
5262.388936,2767961347,2767962456,15966,1109
5262.400956,2767970222,2767971317,15908,1095
5262.415983,2767981210,2767982313,15860,1103
5262.427999,2767990618,2767991722,15881,1104
5262.500144,2768043488,2768044588,15951,1100
5262.512160,2768052310,2768053407,15596,1097
5262.524189,2768061116,2768062221,15946,1105
5262.536209,2768069917,2768071021,15967,1104
5262.548230,2768078726,2768079831,15743,1105
5262.560257,2768087551,2768088656,15865,1105
5262.572278,2768096368,2768097477,15920,1109
5262.584297,2768105171,2768106272,15550,1101
5262.596329,2768113991,2768115095,15994,1104
5262.617365,2768129537,2768130651,16020,1114
5262.629382,2768138360,2768139472,15592,1112
5262.665451,2768164880,2768165981,15669,1101
5262.677480,2768173679,2768174788,16031,1109
5262.689501,2768182486,2768183590,15967,1104
5262.701519,2768191295,2768192391,15595,1096
5262.719557,2768204520,2768205628,15904,1108
5262.731587,2768213372,2768214472,16049,1100
5262.743604,2768222229,2768223340,15846,1111
5262.755622,2768231050,2768232152,15589,1102
5262.776669,2768246442,2768247547,15950,1105
5262.788689,2768255256,2768256365,15922,1109
5262.803720,2768266263,2768267370,15950,1107
5262.821755,2768279492,2768280595,16030,1103
5262.833778,2768288346,2768289451,15933,1105
5262.899896,2768336827,2768337930,15629,1103
5262.920943,2768352194,2768353299,15954,1105
5262.932966,2768360996,2768362100,15968,1104
5262.944985,2768369813,2768370917,15825,1104
5263.008103,2768416146,2768417243,15626,1097
5263.020132,2768424940,2768426050,15965,1110
5263.032153,2768433755,2768434865,15968,1110
5263.044174,2768442600,2768443714,15755,1114
5263.062205,2768455830,2768456930,15623,1100
5263.074234,2768464636,2768465741,15958,1105
5263.137355,2768510892,2768511996,16029,1104
5263.149376,2768519759,2768520868,15943,1109
5263.161394,2768528561,2768529662,15626,1101
5263.212495,2768565999,2768567104,15965,1105
5263.224514,2768574796,2768575906,15630,1110
5263.239546,2768585827,2768586932,15851,1105
5263.251569,2768594694,2768595805,15827,1111
5263.263595,2768603499,2768604608,15952,1109
5263.275615,2768612316,2768613421,15962,1105
5263.296651,2768627730,2768628831,15589,1101
5263.308680,2768636534,2768637634,15945,1100
5263.344753,2768662974,2768664078,15957,1104
5263.356770,2768671787,2768672892,15965,1105
5263.368788,2768680561,2768681667,15600,1106
5263.383822,2768691572,2768692680,15970,1108
5263.419890,2768718052,2768719166,15967,1114
5263.431908,2768726877,2768727978,15629,1101
5263.443942,2768735716,2768736826,15969,1110
5263.455959,2768744544,2768745653,15969,1109
5263.467977,2768753363,2768754473,15598,1110
5263.480011,2768762215,2768763320,15968,1105
5263.492030,2768771030,2768772132,15953,1102
5263.504046,2768779820,2768780926,15629,1106
5263.516075,2768788645,2768789754,15950,1109
5263.528095,2768797454,2768798558,15923,1104
5263.546131,2768810698,2768811802,15930,1104
5263.558149,2768819482,2768820588,15630,1106
5263.594217,2768845904,2768847005,15631,1101
5263.606246,2768854713,2768855822,15955,1109
5263.624281,2768867928,2768869032,15953,1104
5263.636301,2768876787,2768877897,15844,1110
5263.664363,2768898818,2768899920,15632,1102
5263.720457,2768938416,2768939521,15626,1105
5263.732487,2768947230,2768948334,15953,1104
5263.744508,2768956095,2768957200,15937,1105
5263.768555,2768973638,2768974745,16033,1107
5263.780575,2768982462,2768983561,16048,1099
5263.828663,2769017639,2769018741,15626,1102
5263.840697,2769026507,2769027616,15961,1109
5263.868745,2769048590,2769049692,15967,1102
5263.897799,2769068448,2769069552,15964,1104
5263.909817,2769077228,2769078329,15628,1101
5263.933867,2769094902,2769096001,15841,1099
5263.945890,2769104135,2769105232,15636,1097
5263.957915,2769112926,2769114031,15947,1105
5263.976951,2769128348,2769129453,15969,1105
5264.036060,2769170243,2769171353,15824,1110
5264.048087,2769179084,2769180188,16032,1104
5264.060107,2769187920,2769189019,16048,1099
5264.078141,2769201111,2769202220,15969,1109
5264.090160,2769209915,2769211018,15707,1103
5264.105193,2769220954,2769222063,15968,1109
5264.117212,2769229785,2769230884,15598,1099
5264.159296,2769260687,2769261796,15965,1109
5264.183347,2769278324,2769279428,15996,1104
5264.195364,2769287151,2769288265,15922,1114
5264.207383,2769295934,2769297040,15632,1106
5264.219412,2769304769,2769305878,15950,1109
5264.231433,2769313593,2769314692,15859,1099
5264.243456,2769322445,2769323553,15825,1108
5264.255481,2769331261,2769332375,15943,1114
5264.267502,2769340111,2769341217,15967,1106
5264.279528,2769348902,2769350002,15709,1100
5264.291550,2769357721,2769358830,15950,1109
5264.303571,2769366589,2769367694,15932,1105
5264.315589,2769375358,2769376464,15630,1106
5264.327618,2769384172,2769385279,15952,1107
5264.339640,2769393019,2769394129,15851,1110
5264.351658,2769401825,2769402932,15590,1107
5264.363687,2769410635,2769411742,15950,1107
5264.375707,2769419453,2769420562,15967,1109
5264.387729,2769428274,2769429376,15826,1102
5264.399757,2769437086,2769438164,15803,1078
5264.411776,2769445873,2769446982,15962,1109
5264.423795,2769454647,2769455755,15629,1108
5264.435828,2769463492,2769464600,15959,1108
5264.447846,2769472324,2769473429,16047,1105
5264.459866,2769481141,2769482254,15907,1113
5264.471893,2769489964,2769491073,16029,1109
5264.483916,2769498781,2769499891,15952,1110
5264.495932,2769507573,2769508675,15631,1102
5264.516981,2769522990,2769524062,15807,1072
5264.528999,2769531768,2769532877,15936,1109
5264.586103,2769573649,2769574757,15629,1108
5264.598133,2769582493,2769583598,15949,1105
5264.616167,2769595706,2769596815,15956,1109
5264.628187,2769604562,2769605662,15842,1100
5264.640206,2769613367,2769614477,15592,1110
5264.652236,2769622187,2769623301,15968,1114
5264.664256,2769631030,2769632133,15964,1103
5264.676283,2769639837,2769640947,15669,1110
5264.691308,2769650852,2769651961,15962,1109
5264.712343,2769666232,2769667332,15629,1100
5264.724373,2769675059,2769676162,15951,1103
5264.736395,2769683913,2769685013,15938,1100
5264.751425,2769694909,2769696023,15953,1114
5264.832583,2769754366,2769755470,16048,1104
5264.844599,2769763186,2769764291,16045,1105
5264.871650,2769783044,2769784153,16045,1109
5264.883669,2769791833,2769792936,15630,1103
5264.895699,2769800652,2769801757,15957,1105
5264.907719,2769809470,2769810579,15969,1109
5264.919738,2769818275,2769819378,15626,1103
5264.931773,2769827145,2769828254,16094,1109
5264.943789,2769836003,2769837107,16016,1104
5264.955807,2769844814,2769845917,15630,1103
5264.967836,2769853618,2769854723,16036,1105
5264.979859,2769862479,2769863586,16035,1107
5264.997890,2769875684,2769876783,15965,1099
5265.009910,2769884460,2769885561,15628,1101
5265.048990,2769913172,2769914272,15952,1100
5265.061012,2769921987,2769923089,15962,1102
5265.130149,2769972631,2769973735,15963,1104
5265.142165,2769981457,2769982561,15970,1104
5265.157198,2769992484,2769993598,16033,1114
5265.169211,2770001349,2770002461,15871,1112
5265.181235,2770010173,2770011285,15636,1112
5265.253373,2770063169,2770064266,15626,1097
5265.265408,2770072022,2770073125,15966,1103
5265.277425,2770080825,2770081935,15951,1110
5265.289441,2770089624,2770090726,15621,1102
5265.328526,2770118269,2770119374,15962,1105
5265.340542,2770127097,2770128196,15963,1099
5265.356574,2770140278,2770141387,15959,1109
5265.385628,2770160062,2770161171,16047,1109
5265.400662,2770171052,2770172125,15811,1073
5265.412679,2770179825,2770180934,15972,1109
5265.448748,2770206322,2770207426,16049,1104
5265.460769,2770215511,2770216613,15635,1102
5265.568980,2770294788,2770295896,15706,1108
5265.581002,2770303604,2770304709,15945,1105
5265.608054,2770323417,2770324521,15909,1104
5265.620074,2770332233,2770333336,15854,1103
5265.632093,2770341046,2770342152,15555,1106
5265.644122,2770349858,2770350962,15865,1104
5265.656143,2770358665,2770359769,15967,1104
5265.668169,2770367443,2770368546,15715,1103
5265.683194,2770378483,2770379589,16050,1106
5265.698225,2770389519,2770390619,15955,1100
5265.737297,2770418188,2770419297,16048,1109
5265.752328,2770429184,2770430294,15947,1110
5265.764348,2770438002,2770439107,15995,1105
5265.785384,2770453431,2770454528,15589,1097
5265.797413,2770462230,2770463339,15954,1109
5265.872557,2770517339,2770518449,15954,1110
5265.887586,2770528329,2770529438,15954,1109
5265.899607,2770537384,2770538486,15849,1102
5265.911624,2770546201,2770547298,15510,1097
5265.923658,2770555051,2770556160,15963,1109
5265.935674,2770563896,2770565000,15960,1104
5265.947693,2770572690,2770573787,15626,1097
5265.959722,2770581503,2770582612,15945,1109
5265.977756,2770594714,2770595814,15941,1100
5265.989777,2770603527,2770604632,15962,1105
5266.004807,2770614536,2770615640,15944,1104
5266.016828,2770623378,2770624481,15839,1103
5266.031862,2770634398,2770635475,15896,1077
5266.043880,2770643183,2770644288,16048,1105
5266.055899,2770652003,2770653104,15672,1101
5266.067931,2770660821,2770661930,15999,1109
5266.088965,2770676250,2770677350,16041,1100
5266.103996,2770687249,2770688363,15947,1114
5266.116017,2770696071,2770697177,15853,1106
5266.128039,2770704927,2770706036,15826,1109
5266.140069,2770713803,2770714903,15965,1100
5266.152085,2770722618,2770723723,15962,1105
5266.170123,2770735849,2770736949,15956,1100
5266.182139,2770744631,2770745727,15629,1096
5266.197171,2770755657,2770756766,15960,1109
5266.209190,2770764441,2770765548,15633,1107
5266.224224,2770775524,2770776632,15934,1108
5266.236242,2770784308,2770785409,15586,1101
5266.248271,2770793122,2770794225,15952,1103
5266.260291,2770801942,2770803050,15965,1108
5266.272311,2770810732,2770811838,15595,1106
5266.284340,2770819538,2770820648,15950,1110
5266.296360,2770828368,2770829473,15963,1105
5266.308379,2770837197,2770838307,15625,1110
5266.323413,2770848254,2770849363,15943,1109
5266.335430,2770857043,2770858149,15625,1106
5266.347460,2770865866,2770866980,15956,1114
5266.366996,2770877132,2770877774,13396,642
5266.380334,2770882929,2770883551,12076,622
5266.394044,2770889686,2770890833,16246,1147
5266.406074,2770898921,2770900075,16300,1154
5266.442144,2770927019,2770928182,16313,1163
5266.505262,2770976513,2770977706,16310,1193
5266.517285,2770986001,2770987195,16302,1194
5266.532314,2770997792,2770998978,16313,1186
5266.544338,2771007194,2771008382,16399,1188
5266.568382,2771026027,2771027190,16314,1163
5266.580406,2771035430,2771036588,16402,1158
5266.631503,2771075627,2771076815,16318,1188
5266.643525,2771084998,2771086185,16383,1187
5266.655542,2771094470,2771095654,16251,1184
5266.691613,2771122870,2771124058,16283,1188
5266.703641,2771132332,2771133501,16269,1169
5266.715663,2771141780,2771142972,16373,1192
5266.727678,2771151236,2771152420,16240,1184
5266.739707,2771160694,2771161858,16313,1164
5266.751733,2771170194,2771171363,16403,1169
5266.763747,2771179624,2771180788,16243,1164
5266.775775,2771189078,2771190257,16295,1179
5266.787800,2771198502,2771199691,16396,1189
5266.799816,2771207969,2771209162,16355,1193
5266.811845,2771217412,2771218572,16406,1160
5266.860944,2771257685,2771258848,16248,1163
5266.876331,2771266830,2771267731,15177,901
5266.900513,2771284366,2771285471,15960,1105
5266.912530,2771293236,2771294341,15845,1105
5266.924560,2771302088,2771303197,15909,1109
5266.939582,2771313191,2771314302,15808,1111
5266.951610,2771322053,2771323164,15903,1111
5266.963636,2771331333,2771332436,15949,1103
5266.976664,2771342446,2771343552,15904,1106
5266.988681,2771351309,2771352409,15968,1100
5267.005715,2771362393,2771363498,15908,1105
5267.017738,2771371238,2771372342,15944,1104
5267.029754,2771380098,2771381203,15831,1105
5267.041782,2771388950,2771390054,15902,1104
5267.056812,2771400001,2771401106,15908,1105
5267.068835,2771408850,2771409961,15907,1111
5267.083857,2771419931,2771421036,15845,1105
5267.095887,2771428782,2771429886,15911,1104
5267.107910,2771437631,2771438735,15914,1104
5267.119925,2771446491,2771447600,15824,1109
5267.131952,2771455367,2771456471,15903,1104
5267.143977,2771464246,2771465352,15974,1106
5267.155999,2771473103,2771474207,15905,1104
5267.174028,2771486368,2771487472,15813,1104
5267.186057,2771495232,2771496336,15862,1104
5267.198080,2771504104,2771505215,15960,1111
5267.210096,2771512968,2771514077,15839,1109
5267.225131,2771524033,2771525142,15976,1109
5267.237148,2771532893,2771533996,15756,1103
5267.249175,2771541744,2771542849,15903,1105
5267.261198,2771550615,2771551724,15960,1109
5267.294263,2771574941,2771576041,15906,1100
5267.324320,2771597093,2771598201,15975,1108
5267.339347,2771608174,2771609283,15904,1109
5267.351371,2771617049,2771618156,15929,1107
5267.363388,2771625904,2771627018,15857,1114
5267.375417,2771634760,2771635864,15905,1104
5267.387438,2771643611,2771644720,15960,1109
5267.399458,2771652482,2771653591,15811,1109
5267.411484,2771661343,2771662446,15906,1103
5267.423508,2771670209,2771671314,15975,1105
5267.435525,2771679059,2771680168,15758,1109
5267.447553,2771687926,2771689030,15905,1104
5267.459576,2771696783,2771697893,15879,1110
5267.471593,2771705618,2771706721,15863,1103
5267.483623,2771714485,2771715590,15910,1105
5267.495644,2771723352,2771724456,15960,1104
5267.519690,2771741064,2771742168,15907,1104
5267.531714,2771749919,2771751027,15977,1108
5267.543731,2771758775,2771759880,15841,1105
5267.555761,2771767642,2771768750,15823,1108
5267.567783,2771776500,2771777614,15975,1114
5267.579799,2771785352,2771786452,15842,1100
5267.591830,2771794202,2771795311,15907,1109
5267.603853,2771803055,2771804160,15917,1105
5267.615868,2771811906,2771813015,15782,1109
5267.627897,2771820756,2771821865,15817,1109
5267.639921,2771829617,2771830726,15946,1109
5267.651944,2771838479,2771839588,15904,1109
5267.663967,2771847332,2771848435,15908,1103
5267.675989,2771856196,2771857299,15969,1103
5267.688005,2771865043,2771866146,15842,1103
5267.700035,2771873900,2771875004,15909,1104
5267.712058,2771882758,2771883862,15986,1104
5267.724074,2771891598,2771892706,15826,1108
5267.736103,2771900464,2771901573,15905,1109
5267.748127,2771909314,2771910426,15992,1112
5267.760143,2771918213,2771919319,15852,1106
5267.772171,2771927066,2771928171,15909,1105
5267.784193,2771935926,2771937040,15873,1114
5267.796211,2771944788,2771945896,15859,1108
5267.808238,2771953673,2771954778,15904,1105
5267.820263,2771962526,2771963631,15972,1105
5267.832280,2771971399,2771972513,15849,1114
5267.844307,2771980266,2771981380,15904,1114
5267.856331,2771989136,2771990241,15967,1105
5267.907427,2772026759,2772027868,15905,1109
5267.952515,2772059986,2772061094,15908,1108
5267.964536,2772068851,2772069954,15960,1103
5267.979566,2772079906,2772081015,15902,1109
5268.016636,2772108694,2772109797,15977,1103
5268.033667,2772119766,2772120870,15903,1104
5268.045692,2772128612,2772129717,15975,1105
5268.060720,2772139687,2772140791,15913,1104
5268.072742,2772148552,2772149655,15877,1103
5268.084759,2772157394,2772158507,15810,1113
5268.120828,2772183983,2772185088,15851,1105
5268.132856,2772192855,2772193968,15987,1113
5268.144880,2772201722,2772202831,15939,1109
5268.156896,2772210560,2772211660,15857,1100
5268.168927,2772219442,2772220551,15904,1109
5268.192966,2772237133,2772238238,15845,1105
5268.204994,2772246011,2772247116,15907,1105
5268.226036,2772261503,2772262608,15987,1105
5268.238052,2772270372,2772271481,15829,1109
5268.256086,2772283665,2772284769,15846,1104
5268.268116,2772292522,2772293626,15907,1104
5268.280138,2772301378,2772302477,15974,1099
5268.292154,2772310236,2772311345,15846,1109
5268.304183,2772319100,2772320208,15902,1108
5268.316207,2772327946,2772329055,15990,1109
5268.328223,2772336796,2772337901,15833,1105
5268.340252,2772345646,2772346750,15903,1104
5268.352275,2772354484,2772355593,16057,1109
5268.364292,2772363334,2772364437,15853,1103
5268.376320,2772372208,2772373317,15906,1109
5268.388342,2772381063,2772382172,15965,1109
5268.439439,2772418688,2772419793,15913,1105
5268.451462,2772427552,2772428662,16045,1110
5268.463480,2772436407,2772437505,15857,1098
5268.475511,2772445673,2772446782,15925,1109
5268.487531,2772454533,2772455642,15960,1109
5268.499548,2772463392,2772464495,15839,1103
5268.511577,2772472244,2772473353,15910,1109
5268.523600,2772481097,2772482206,15979,1109
5268.535618,2772489946,2772491053,15848,1107
5268.547647,2772498814,2772499921,15910,1107
5268.565681,2772512095,2772513199,15908,1104
5268.577705,2772520963,2772522067,15971,1104
5268.607755,2772543096,2772544201,15831,1105
5268.619783,2772551939,2772553053,15819,1114
5268.631807,2772560793,2772561899,15947,1106
5268.643830,2772569653,2772570758,15902,1105
5268.655854,2772578522,2772579623,15826,1101
5268.667875,2772587389,2772588498,15931,1109
5268.679892,2772596236,2772597335,15845,1099
5268.691922,2772605081,2772606190,15907,1109
5268.703945,2772613953,2772615056,15994,1103
5268.715960,2772622803,2772623916,15832,1113
5268.727989,2772631660,2772632769,15864,1109
5268.740014,2772640509,2772641614,15902,1105
5268.752029,2772649354,2772650459,15838,1105
5268.764059,2772658194,2772659303,15905,1109
5268.776081,2772667068,2772668175,15971,1107
5268.788097,2772675926,2772677035,15843,1109
5268.800126,2772684779,2772685882,15843,1103
5268.812151,2772693625,2772694734,15902,1109
5268.824166,2772702485,2772703594,15741,1109
5268.836195,2772711344,2772712454,15909,1110
5268.848218,2772720208,2772721319,16063,1111
5268.860235,2772729083,2772730188,15926,1105
5268.872265,2772737945,2772739054,15989,1109
5268.905321,2772762313,2772763417,15832,1104
5268.917349,2772771162,2772772267,15860,1105
5268.929374,2772780044,2772781142,15984,1098
5268.941396,2772788893,2772789998,15899,1105
5268.953419,2772797745,2772798854,15907,1109
5268.965441,2772806604,2772807714,15929,1110
5268.977458,2772815470,2772816569,15840,1099
5268.989486,2772824344,2772825453,15903,1109
5269.055611,2772873032,2772874141,15961,1109
5269.067629,2772881902,2772883007,15812,1105
5269.079658,2772890759,2772891870,15870,1111
5269.091681,2772899637,2772900743,15914,1106
5269.103697,2772908490,2772909598,15840,1108
5269.115725,2772917338,2772918447,15820,1109
5269.133759,2772930625,2772931734,15897,1109
5269.145783,2772939485,2772940578,15916,1093
5269.169829,2772957169,2772958269,15906,1100
5269.181851,2772966003,2772967108,15959,1105
5269.201391,2772980609,2772981714,15902,1105
5269.213413,2772989465,2772990567,15976,1102
5269.225430,2772998310,2772999414,15844,1104
5269.261498,2773024901,2773026008,15832,1107
5269.273527,2773033778,2773034884,15913,1106
5269.285551,2773042641,2773043745,15995,1104
5269.384740,2773115728,2773116833,15989,1105
5269.396755,2773124614,2773125720,15815,1106
5269.444851,2773160015,2773161120,15907,1105
5269.456875,2773168866,2773169969,15974,1103
5269.492942,2773195422,2773196527,15963,1105
5269.504960,2773204284,2773205388,15858,1104
5269.592132,2773268459,2773269568,15961,1109
5269.605660,2773278639,2773279748,15989,1109
5269.623694,2773291938,2773293047,15991,1109
5269.635717,2773300796,2773301900,15987,1104
5269.647740,2773309654,2773310760,15913,1106
5269.665774,2773322953,2773324062,15907,1109
5269.677796,2773331804,2773332913,16059,1109
5269.704849,2773351744,2773352848,15992,1104
5269.716864,2773360604,2773361713,15831,1109
5269.737911,2773376092,2773377191,15910,1099
5269.749933,2773384946,2773386055,15973,1109
5269.761949,2773393811,2773394914,15760,1103
5269.773980,2773402663,2773403769,15908,1106
5269.798018,2773420346,2773421454,15787,1108
5269.810045,2773429206,2773430311,15902,1105
5269.852121,2773460235,2773461344,15858,1109
5269.864150,2773469087,2773470198,15908,1111
5269.876171,2773477937,2773479042,15961,1105
5269.897206,2773493419,2773494524,15840,1105
5269.909234,2773502257,2773503366,15906,1109
5269.936288,2773522209,2773523317,15907,1108
5269.948309,2773531063,2773532171,15916,1108
5269.963339,2773542142,2773543255,15907,1113
5269.975360,2773551013,2773552113,15959,1100
5269.987380,2773560280,2773561393,15839,1113
5269.999406,2773569141,2773570246,15907,1105
5270.011432,2773578009,2773579109,15988,1100
5270.023447,2773586870,2773587975,15832,1105
5270.035477,2773595741,2773596855,15868,1114
5270.047499,2773604622,2773605731,15976,1109
5270.059515,2773613498,2773614603,15842,1105
5270.071546,2773622356,2773623460,15913,1104
5270.089578,2773635654,2773636763,15901,1109
5270.101603,2773644505,2773645610,15900,1105
5270.132668,2773668893,2773670004,15904,1111
5270.173739,2773697668,2773698777,15977,1109
5270.185755,2773706522,2773707627,15741,1105
5270.203790,2773719863,2773720973,15831,1110
5270.215820,2773728773,2773729884,15824,1111
5270.227842,2773737671,2773738785,15930,1114
5270.239860,2773746568,2773747675,15827,1107
5270.251887,2773755445,2773756558,15908,1113
5270.311995,2773799816,2773800922,15845,1106
5270.324026,2773808680,2773809789,15821,1109
5270.336049,2773817536,2773818641,15991,1105
5270.348064,2773826385,2773827489,15743,1104
5270.360093,2773835240,2773836345,15905,1105
5270.372117,2773844097,2773845201,15993,1104
5270.384132,2773852963,2773854074,15840,1111
5270.396163,2773861818,2773862922,15910,1104
5270.408185,2773870678,2773871783,15979,1105
5270.420201,2773879557,2773880661,15803,1104
5270.432230,2773888427,2773889536,15889,1109
5270.444254,2773897292,2773898387,15990,1095
5270.456267,2773906254,2773907365,15592,1111
5270.468296,2773915067,2773916171,15949,1104
5270.480317,2773923887,2773924997,15853,1110
5270.492336,2773932712,2773933815,15515,1103
5270.513382,2773948117,2773949222,15949,1105
5270.525402,2773956938,2773958052,15918,1114
5270.552454,2773976782,2773977886,15962,1104
5270.564473,2773985557,2773986660,15625,1103
5270.615574,2774022994,2774024101,15961,1107
5270.627600,2774031819,2774032920,15707,1101
5270.645627,2774045034,2774046139,15623,1105
5270.657658,2774053858,2774054969,15951,1111
5270.729797,2774106768,2774107878,16074,1110
5270.741814,2774115597,2774116704,16048,1107
5270.756849,2774126615,2774127719,15963,1104
5270.768865,2774135437,2774136546,16044,1109
5270.792918,2774153092,2774154201,15960,1109
5270.804934,2774161912,2774163021,15968,1109
5270.816953,2774170703,2774171806,15623,1103
5270.831988,2774181744,2774182849,15906,1105
5270.844005,2774190535,2774191638,15629,1103
5270.856036,2774199342,2774200419,15806,1077
5270.868054,2774208124,2774209234,15966,1110
5270.880076,2774216959,2774218068,15822,1109
5270.910136,2774238970,2774240073,15949,1103
5270.922158,2774247830,2774248934,15933,1104
5270.973257,2774285239,2774286338,15946,1099
5270.985278,2774294085,2774295185,15932,1100
5271.024355,2774322688,2774323784,15674,1096
5271.036376,2774331526,2774332635,15966,1109
5271.075449,2774360163,2774361267,15857,1104
5271.087467,2774369000,2774370101,15591,1101
5271.099501,2774377845,2774378950,15960,1105
5271.117531,2774391051,2774392151,15945,1100
5271.129554,2774399868,2774400976,15908,1108
5271.159605,2774421911,2774423013,15629,1102
5271.180655,2774437335,2774438438,15957,1103
5271.192672,2774446150,2774447256,15967,1106
5271.231742,2774474743,2774475844,15704,1101
5271.243771,2774483573,2774484680,15952,1107
5271.255791,2774492383,2774493493,15968,1110
5271.267811,2774501171,2774502272,15631,1101
5271.279843,2774510001,2774511107,16045,1106
5271.291862,2774518833,2774519938,16046,1105
5271.303879,2774527621,2774528722,15627,1101
5271.315908,2774536434,2774537542,15949,1108
5271.327931,2774545254,2774546357,15863,1103
5271.339948,2774554052,2774555155,15632,1103
5271.389046,2774591557,2774592657,15958,1100
5271.436135,2774624555,2774625659,15967,1104
5271.448153,2774633364,2774634465,15619,1101
5271.460183,2774642194,2774643296,16034,1102
5271.472203,2774651015,2774652120,15855,1105
5271.484222,2774659841,2774660952,15594,1111
5271.496253,2774669084,2774670193,16029,1109
5271.508272,2774677924,2774679031,15877,1107
5271.520298,2774686719,2774687820,15709,1101
5271.532320,2774695529,2774696629,15969,1100
5271.544340,2774704335,2774705441,15958,1106
5271.604457,2774748335,2774749442,15948,1107
5271.616477,2774757132,2774758235,15962,1103
5271.640525,2774774740,2774775844,15950,1104
5271.652547,2774783622,2774784732,15939,1110
5271.704647,2774823259,2774824362,15968,1103
5271.751735,2774856325,2774857428,15967,1103
5271.763754,2774865117,2774866218,15625,1101
5271.775787,2774873959,2774875064,16044,1105
5271.787804,2774882830,2774883933,16014,1103
5271.799822,2774891613,2774892714,15708,1101
5271.811853,2774900434,2774901516,15807,1082
5271.823875,2774909216,2774910326,15995,1110
5271.835890,2774917991,2774919099,15706,1108
5271.847920,2774926814,2774927919,16028,1105
5271.859942,2774935697,2774936801,15938,1104
5271.871962,2774944547,2774945661,15835,1114
5271.908028,2774971003,2774972103,15592,1100
5272.019249,2775052665,2775053768,15992,1103
5272.031266,2775061470,2775062573,15963,1103
5272.044328,2775072454,2775073537,15801,1083
5272.064332,2775085618,2775086721,15906,1103
5272.076353,2775094481,2775095579,15849,1098
5272.124443,2775129695,2775130804,15828,1109
5272.136469,2775138516,2775139625,15948,1109
5272.148489,2775147345,2775148459,15874,1114
5272.224642,2775204580,2775205678,15944,1098
5272.236659,2775213387,2775214491,15960,1104
5272.256695,2775226630,2775227736,15920,1106
5272.268717,2775235458,2775236562,15779,1104
5272.280743,2775244279,2775245388,15860,1109
5272.295765,2775255291,2775256393,15591,1102
5272.307795,2775264093,2775265198,15909,1105
5272.319818,2775272907,2775274009,15951,1102
5272.331834,2775281685,2775282781,15543,1096
5272.343864,2775290495,2775291602,15950,1107
5272.391952,2775325775,2775326887,15962,1112
5272.403971,2775334625,2775335730,15560,1105
5272.416003,2775343428,2775344531,16001,1103
5272.428021,2775352234,2775353346,15965,1112
5272.440042,2775361026,2775362101,15852,1075
5272.452071,2775369812,2775370911,15952,1099
5272.464089,2775378628,2775379737,15894,1109
5272.476108,2775387442,2775388539,15513,1097
5272.488137,2775396238,2775397343,15863,1105
5272.506176,2775409486,2775410591,15959,1105
5272.518195,2775418292,2775419387,15949,1095
5272.554262,2775444737,2775445842,15935,1105
5272.656451,2775519584,2775520690,15707,1106
5272.668484,2775528450,2775529549,15966,1099
5272.680502,2775537310,2775538413,15938,1103
5272.692520,2775546130,2775547230,15672,1100
5272.743621,2775583577,2775584678,16047,1101
5272.755640,2775592366,2775593472,15708,1106
5272.767676,2775601226,2775602334,16050,1108
5272.779689,2775610038,2775611143,15967,1105
5272.791708,2775618812,2775619918,15700,1106
5272.803737,2775627628,2775628732,15946,1104
5272.815761,2775636505,2775637607,16031,1102
5272.836794,2775651888,2775652994,15704,1106
5272.848823,2775660681,2775661790,16034,1109
5272.869862,2775676133,2775677236,15938,1103
5272.881881,2775685118,2775686223,15624,1105
5272.893913,2775693959,2775695071,15962,1112
5272.905930,2775702788,2775703897,15966,1109
5272.917948,2775711589,2775712691,15627,1102
5272.932983,2775722652,2775723757,15938,1105
5272.973064,2775753503,2775754602,15944,1099
5272.996101,2775768939,2775770039,15963,1100
5273.008131,2775778266,2775779379,15895,1113
5273.020154,2775787134,2775788243,15967,1109
5273.032170,2775795952,2775797061,15920,1109
5273.044189,2775804755,2775805862,15707,1107
5273.056218,2775813582,2775814691,16036,1109
5273.068240,2775822448,2775823556,16019,1108
5273.080260,2775831244,2775832353,15881,1109
5273.092291,2775840090,2775841194,15974,1104
5273.104307,2775848911,2775850020,15878,1109
5273.116326,2775857706,2775858813,15629,1107
5273.149392,2775881969,2775883083,15962,1114
5273.164428,2775893016,2775894123,15959,1107
5273.176445,2775901821,2775902924,15968,1103
5273.191475,2775912856,2775913965,15953,1109
5273.203495,2775921674,2775922779,15968,1105
5273.215514,2775930455,2775931560,15630,1105
5273.227544,2775939262,2775940376,15949,1114
5273.248581,2775954703,2775955817,15963,1114
5273.260603,2775963524,2775964632,15824,1108
5273.284650,2775981162,2775982271,15963,1109
5273.296673,2775989917,2775991019,15919,1102
5273.320718,2776007566,2776008671,15962,1105
5273.332740,2776016358,2776017430,15935,1072
5273.344768,2776025124,2776026198,15807,1074
5273.383840,2776053821,2776054926,16015,1105
5273.395857,2776062620,2776063722,15703,1102
5273.413894,2776075872,2776076977,15906,1105
5273.425923,2776084694,2776085767,15800,1073
5273.498058,2776137386,2776138489,15950,1103
5273.510081,2776146433,2776147545,15950,1112
5273.603259,2776214700,2776215803,15707,1103
5273.618284,2776225741,2776226845,15875,1104
5273.633319,2776236754,2776237853,15958,1099
5273.705455,2776289622,2776290727,15990,1105
5273.717474,2776298687,2776299791,15890,1104
5273.801636,2776360321,2776361427,15710,1106
5273.813658,2776369140,2776370244,15939,1104
5273.831692,2776382336,2776383444,16026,1108
5273.843713,2776391152,2776392265,15967,1113
5273.855734,2776399964,2776401077,15834,1113
5273.867761,2776408791,2776409895,15949,1104
5273.885796,2776421989,2776423096,16026,1107
5273.897816,2776430791,2776431900,16045,1109
5273.912847,2776441774,2776442881,15948,1107
5273.927869,2776452773,2776453876,15620,1103
5273.939898,2776461698,2776462803,15946,1105
5273.951919,2776470519,2776471622,15857,1103
5273.963937,2776479331,2776480432,15594,1101
5273.975967,2776488140,2776489242,15947,1102
5273.987987,2776496936,2776498040,15881,1104
5274.006024,2776510148,2776511248,15945,1100
5274.018040,2776518915,2776520021,15629,1106
5274.037086,2776534335,2776535443,15945,1108
5274.054112,2776545366,2776546470,15826,1104
5274.066140,2776554176,2776555249,15758,1073
5274.132262,2776602554,2776603663,15962,1109
5274.144280,2776611348,2776612450,15620,1102
5274.156314,2776620218,2776621328,15961,1110
5274.243469,2776684092,2776685195,15707,1103
5274.255503,2776692926,2776694035,16050,1109
5274.336653,2776752366,2776753480,16031,1114
5274.348675,2776761272,2776762375,15771,1103
5274.360692,2776770088,2776771198,15588,1110
5274.408790,2776805309,2776806411,15946,1102
5274.420810,2776814127,2776815231,15972,1104
5274.432833,2776822909,2776823984,15860,1075
5274.448872,2776836123,2776837237,15903,1114
5274.516996,2776884581,2776885685,15942,1104
5274.528331,2776893791,2776894896,15963,1105
5274.550055,2776909280,2776910390,15825,1110
5274.562082,2776918134,2776919239,16022,1105
5274.574102,2776926954,2776928058,15969,1104
5274.658258,2776988529,2776989635,15623,1106
5274.670287,2776997350,2776998459,16031,1109
5274.692334,2777014959,2777016065,15705,1106
5274.757447,2777061261,2777062353,15669,1092
5274.769482,2777070124,2777071229,15963,1105
5274.793522,2777087736,2777088842,15785,1106
5274.805544,2777096542,2777097651,16026,1109
5274.817565,2777105356,2777106456,16043,1100
5274.856635,2777133986,2777135089,15667,1103
5274.868667,2777142797,2777143902,16031,1105
5274.889702,2777158203,2777159312,15962,1109
5274.901721,2777166997,2777168098,15625,1101
5274.919755,2777180204,2777181305,15624,1101
5274.931785,2777189031,2777190145,15948,1114
5274.943805,2777197831,2777198937,15855,1106
5274.961839,2777211050,2777212150,15958,1100
5274.973858,2777219834,2777220937,15625,1103
5275.082064,2777299175,2777300281,15696,1106
5275.094096,2777308007,2777309114,15995,1107
5275.148200,2777347687,2777348796,15962,1109
5275.169234,2777363095,2777364195,15963,1100
5275.181252,2777371872,2777372978,15698,1106
5275.193285,2777380691,2777381795,16032,1104
5275.211316,2777393937,2777395042,15941,1105
5275.223337,2777402779,2777403893,15964,1114
5275.235354,2777411616,2777412722,15549,1106
5275.247389,2777420495,2777421605,15900,1110
5275.259405,2777429340,2777430453,16046,1113
5275.295477,2777455878,2777456978,16031,1100
5275.307496,2777464658,2777465743,15938,1085
5275.319526,2777473488,2777474593,15965,1105
5275.331542,2777482318,2777483423,16044,1105
5275.343564,2777491126,2777492235,15831,1109
5275.355590,2777499954,2777501059,15950,1105
5275.367612,2777508795,2777509904,15940,1109
5275.379629,2777517582,2777518692,15622,1110
5275.391662,2777526408,2777527520,16074,1112
5275.409694,2777539635,2777540739,15950,1104
5275.421714,2777548453,2777549562,15967,1109
5275.433732,2777557295,2777558401,15669,1106
5275.451767,2777570521,2777571618,15587,1097
5275.462303,2777576164,2777576992,14587,828
5275.472332,2777581454,2777582065,11966,611
5275.532924,2777621748,2777622932,16338,1184
5275.544955,2777631125,2777632318,16312,1193
5275.556976,2777640534,2777641692,16386,1158
5275.568993,2777649922,2777651084,16232,1162
5275.581023,2777659343,2777660531,16310,1188
5275.596044,2777671068,2777672232,16237,1164
5275.608075,2777680468,2777681660,16322,1192
5275.626107,2777694673,2777695838,16311,1165
5275.638132,2777704043,2777705206,16327,1163
5275.653159,2777715788,2777716952,16312,1164
5275.689228,2777744269,2777745433,16318,1164
5275.701250,2777753725,2777754909,16295,1184
5275.722285,2777770228,2777771391,16252,1163
5275.743331,2777786765,2777787929,16314,1164
5275.755354,2777796184,2777797372,16393,1188
5275.767370,2777805631,2777806795,16236,1164
5275.779399,2777815055,2777816215,16315,1160
5275.797435,2777829154,2777830343,16310,1189
5275.809457,2777838630,2777839819,16293,1189
5275.824486,2777850494,2777851686,16295,1192
5275.836508,2777859962,2777861151,16336,1189
5275.848525,2777869464,2777870653,16240,1189
5275.881594,2777895483,2777896672,16388,1189
5275.893611,2777904905,2777906099,16343,1194
5275.905641,2777914336,2777915500,16331,1164
5275.953732,2777952274,2777953463,16474,1189
5275.965748,2777961760,2777962947,16257,1187
5276.003326,2777988080,2777989183,16061,1103
5276.015342,2777996944,2777998052,15846,1108
5276.033382,2778010231,2778011336,15891,1105
5276.045408,2778019487,2778020595,15932,1108
5276.063440,2778032798,2778033910,15911,1112
5276.075464,2778041682,2778042790,15990,1108
5276.087479,2778050557,2778051662,15836,1105
5276.105513,2778063848,2778064953,15758,1105
5276.117544,2778072715,2778073824,15915,1109
5276.141582,2778090441,2778091554,15838,1113
5276.153611,2778099298,2778100401,15992,1103
5276.165635,2778108151,2778109260,15989,1109
5276.177651,2778117019,2778118128,15832,1109
5276.207715,2778139167,2778140271,15908,1104
5276.219737,2778148037,2778149146,15974,1109
5276.231759,2778156886,2778157994,15905,1108
5276.243782,2778165764,2778166873,15909,1109
5276.255807,2778174647,2778175746,15992,1099
5276.267822,2778183486,2778184597,15829,1111
5276.279851,2778192355,2778193460,15906,1105
5276.291874,2778201203,2778202317,15976,1114
5276.303891,2778210076,2778211180,15847,1104
5276.315921,2778218931,2778220035,15821,1104
5276.327942,2778227782,2778228887,15971,1105
5276.339959,2778236638,2778237747,15832,1109
5276.357993,2778249894,2778251004,15848,1110
5276.370024,2778258769,2778259878,15889,1109
5276.382048,2778267599,2778268707,15906,1108
5276.394062,2778276455,2778277560,15912,1105
5276.406091,2778285306,2778286403,15914,1097
5276.425127,2778300803,2778301908,15998,1105
5276.442161,2778311856,2778312966,15916,1110
5276.454182,2778320706,2778321815,15927,1109
5276.478230,2778338368,2778339472,15936,1104
5276.490252,2778347229,2778348332,15988,1103
5276.502268,2778356088,2778357192,15830,1104
5276.524327,2778373803,2778374907,16068,1104
5276.544354,2778387045,2778388150,16056,1105
5276.556371,2778395915,2778397018,15832,1103
5276.580424,2778413568,2778414678,15870,1110
5276.592439,2778422411,2778423520,15827,1109
5276.616492,2778440135,2778441240,15985,1105
5276.628513,2778448964,2778450065,15762,1101
5276.640539,2778457803,2778458909,15916,1106
5276.652559,2778466636,2778467741,15970,1105
5276.668587,2778479859,2778480964,15970,1105
5276.685622,2778490909,2778492018,15908,1109
5276.697646,2778499771,2778500879,15981,1108
5276.721693,2778517405,2778518510,16020,1105
5276.733714,2778526222,2778527321,15973,1099
5276.752758,2778541612,2778542715,15605,1103
5276.775796,2778557049,2778558153,15936,1104
5276.787818,2778565902,2778567011,15986,1109
5276.799831,2778574699,2778575806,15602,1107
5276.811864,2778583544,2778584647,15907,1103
5276.823885,2778592340,2778593443,16052,1103
5276.835900,2778601150,2778602262,15676,1112
5276.847933,2778609972,2778611076,15942,1104
5276.859954,2778618778,2778619882,15970,1104
5276.871968,2778627569,2778628672,15601,1103
5276.893019,2778643032,2778644141,15931,1109
5276.905040,2778651912,2778653007,15974,1095
5276.950125,2778684982,2778686088,15972,1106
5276.962139,2778693784,2778694887,15600,1103
5276.998209,2778720220,2778721328,15606,1108
5277.010242,2778729037,2778730145,15936,1108
5277.022263,2778737854,2778738957,15979,1103
5277.034277,2778746645,2778747751,15600,1106
5277.061329,2778766514,2778767626,15608,1112
5277.073360,2778775352,2778776454,15934,1102
5277.097397,2778792984,2778794090,15625,1106
5277.109430,2778801817,2778802917,15892,1100
5277.124455,2778812813,2778813916,15680,1103
5277.148503,2778830456,2778831565,15966,1109
5277.160520,2778839313,2778840422,15853,1109
5277.175556,2778850371,2778851474,15914,1103
5277.187565,2778859210,2778860308,15570,1098
5277.199599,2778868032,2778869110,15745,1078
5277.211623,2778876826,2778877931,15971,1105
5277.223645,2778885615,2778886717,15686,1102
5277.235671,2778894432,2778895536,15942,1104
5277.247690,2778903281,2778904385,15871,1104
5277.259705,2778912067,2778913168,15613,1101
5277.271738,2778920883,2778921982,15937,1099
5277.283760,2778929732,2778930836,15974,1104
5277.295774,2778938515,2778939616,15618,1101
5277.307806,2778947340,2778948453,15940,1113
5277.319827,2778956168,2778957278,15959,1110
5277.331843,2778964972,2778966075,15618,1103
5277.343876,2778973793,2778974897,15946,1104
5277.355895,2778982636,2778983738,16042,1102
5277.367911,2778991433,2778992534,15697,1101
5277.379941,2779000280,2779001385,15908,1105
5277.391964,2779009091,2779010200,16038,1109
5277.403980,2779017884,2779018987,15622,1103
5277.416012,2779026690,2779027795,15940,1105
5277.428033,2779035521,2779036631,15963,1110
5277.440048,2779044314,2779045424,15619,1110
5277.452080,2779053175,2779054284,15908,1109
5277.464101,2779061989,2779063094,15957,1105
5277.476120,2779070799,2779071899,15754,1100
5277.488149,2779079630,2779080734,15833,1104
5277.500170,2779088438,2779089543,15870,1105
5277.512186,2779097233,2779098338,15618,1105
5277.524216,2779106090,2779107199,15916,1109
5277.536239,2779114907,2779116012,15956,1105
5277.548254,2779123684,2779124787,15534,1103
5277.569304,2779139479,2779140589,15939,1110
5277.581326,2779148359,2779149464,15889,1105
5277.596355,2779159367,2779160480,15941,1113
5277.635427,2779188021,2779189126,15956,1105
5277.647443,2779196800,2779197903,15617,1103
5277.659477,2779205638,2779206743,15945,1105
5277.671499,2779214466,2779215566,15912,1100
5277.683508,2779223310,2779224422,15566,1112
5277.695545,2779232129,2779233238,15944,1109
5277.707566,2779240941,2779242051,16057,1110
5277.725600,2779254188,2779255292,15940,1104
5277.737614,2779262987,2779264088,15599,1101
5277.824789,2779326879,2779327984,15975,1105
5277.836803,2779335672,2779336778,15598,1106
5277.851840,2779346697,2779347805,15977,1108
5277.863855,2779355510,2779356622,15603,1112
5277.875886,2779364385,2779365494,15913,1109
5277.887909,2779373204,2779374303,16052,1099
5277.899923,2779381987,2779383085,15678,1098
5277.929991,2779404057,2779405170,15917,1113
5277.942012,2779412890,2779413999,15974,1109
5278.053215,2779494535,2779495636,15600,1101
5278.065249,2779503396,2779504500,15946,1104
5278.155419,2779569491,2779570597,15941,1106
5278.167441,2779578311,2779579415,15869,1104
5278.179454,2779587140,2779588246,15610,1106
5278.191487,2779595976,2779597081,15979,1105
5278.203507,2779604788,2779605901,15957,1113
5278.215530,2779613572,2779614680,15686,1108
5278.257611,2779644453,2779645557,15964,1104
5278.269631,2779653317,2779654431,15849,1114
5278.281658,2779662149,2779663263,15851,1114
5278.293679,2779670975,2779672077,15915,1102
5278.368817,2779726075,2779727183,15835,1108
5278.380847,2779734905,2779736010,15940,1105
5278.395869,2779745955,2779747064,15815,1109
5278.407898,2779754779,2779755885,15939,1106
5278.419919,2779763610,2779764719,15961,1109
5278.431935,2779772421,2779773524,15621,1103
5278.443967,2779781271,2779782384,15910,1113
5278.455987,2779790101,2779791213,15959,1112
5278.477021,2779805562,2779806674,15676,1112
5278.489056,2779814434,2779815546,15908,1112
5278.504072,2779825457,2779826559,15602,1102
5278.516105,2779834273,2779835382,15861,1109
5278.528126,2779843101,2779844211,15975,1110
5278.540141,2779851883,2779852996,15603,1113
5278.552174,2779860714,2779861823,15946,1109
5278.564196,2779869529,2779870634,15911,1105
5278.576210,2779878345,2779879445,15601,1100
5278.588240,2779887152,2779888225,15747,1073
5278.600264,2779895940,2779897045,15931,1105
5278.615294,2779906945,2779908053,15882,1108
5278.669395,2779946615,2779947720,15904,1105
5278.681420,2779955497,2779956602,15945,1105
5278.693432,2779964309,2779965416,15595,1107
5278.705466,2779973137,2779974245,16022,1108
5278.717487,2779981975,2779983078,15982,1103
5278.729501,2779990754,2779991861,15602,1107
5278.792621,2780037049,2780038147,15604,1098
5278.804652,2780045850,2780046932,15747,1082
5278.825693,2780061330,2780062430,15974,1100
5278.837707,2780070155,2780071265,15604,1110
5278.849737,2780078973,2780080051,15746,1078
5278.864760,2780089988,2780091090,15820,1102
5278.876789,2780098836,2780099950,15912,1114
5278.888814,2780107712,2780108814,15986,1102
5278.900827,2780116492,2780117597,15604,1105
5278.912860,2780125307,2780126407,15899,1100
5278.951933,2780153984,2780155093,16059,1109
5278.963949,2780162841,2780163950,15824,1109
5278.975980,2780171668,2780172777,15851,1109
5278.988001,2780180501,2780181601,15886,1100
5279.000015,2780189300,2780190401,15522,1101
5279.012048,2780198126,2780199234,15903,1108
5279.030083,2780211322,2780212431,15941,1109
5279.042104,2780220158,2780221258,15973,1100
5279.069157,2780240029,2780241134,15985,1105
5279.081173,2780249268,2780250377,15840,1109
5279.093202,2780258114,2780259218,15941,1104
5279.105223,2780266954,2780268060,15959,1106
5279.123256,2780280202,2780281307,15961,1105
5279.138288,2780291196,2780292306,16024,1110
5279.159327,2780306633,2780307747,15992,1114
5279.225446,2780355162,2780356262,15939,1100
5279.237476,2780363983,2780365086,16022,1103
5279.252495,2780374987,2780376097,15614,1110
5279.264525,2780383841,2780384945,15823,1104
5279.288563,2780401478,2780402580,15616,1102
5279.300598,2780410314,2780411419,15856,1105
5279.324633,2780427919,2780429027,15606,1108
5279.336666,2780436748,2780437853,15939,1105
5279.432839,2780507234,2780508335,15602,1101
5279.444871,2780516087,2780517192,15910,1105
5279.468907,2780533761,2780534862,15680,1101
5279.480941,2780542575,2780543684,16028,1109
5279.495958,2780553566,2780554669,15604,1103
5279.507991,2780562392,2780563497,15911,1105
5279.526025,2780575641,2780576750,15994,1109
5279.538046,2780584483,2780585593,15961,1110
5279.553076,2780595539,2780596634,15939,1095
5279.565098,2780604389,2780605503,15975,1114
5279.580127,2780615454,2780616554,15908,1100
5279.592134,2780624199,2780625304,15759,1105
5279.604173,2780632958,2780634037,15915,1079
5279.646246,2780663561,2780664662,15746,1101
5279.658266,2780672336,2780673441,15831,1105
5279.700341,2780703084,2780704190,15757,1106
5279.712374,2780711877,2780712982,15838,1105
5279.724402,2780720672,2780721782,15886,1110
5279.736422,2780729437,2780730537,15918,1100
5279.751453,2780740386,2780741489,15980,1103
5279.763461,2780749212,2780750320,15678,1108
5279.775494,2780757973,2780759076,15636,1103
5279.787522,2780766746,2780767851,15979,1105
5279.808545,2780782070,2780783172,15677,1102
5279.820580,2780790816,2780791915,15563,1099
5279.856643,2780817168,2780818275,15810,1107
5279.868676,2780825959,2780827058,15975,1099
5279.880696,2780834726,2780835840,15949,1114
5279.892716,2780843480,2780844581,15599,1101
5279.913763,2780858839,2780859945,15963,1106
5279.925770,2780867609,2780868712,15676,1103
5279.937801,2780876379,2780877481,15835,1102
5279.949830,2780885169,2780886269,15973,1100
5279.964850,2780896202,2780897313,15606,1111
5279.976882,2780904988,2780906093,15941,1105
5279.988888,2780913770,2780914876,15680,1106
5280.040000,2780951107,2780952217,15966,1110
5280.052020,2780959887,2780960996,15956,1109
5280.064042,2780968664,2780969739,15884,1075
5280.082076,2780981776,2780982881,15646,1105
5280.094103,2780990549,2780991662,15962,1113
5280.124146,2781012490,2781013592,15686,1102
5280.136180,2781021254,2781022355,15657,1101
5280.148206,2781030023,2781031122,15963,1099
5280.169245,2781045397,2781046497,15952,1100
5280.181265,2781054182,2781055283,15652,1101
5280.236365,2781095800,2781096908,15978,1108
5280.265431,2781115551,2781116661,16060,1110
5280.277453,2781124332,2781125441,15955,1109
5280.295471,2781137476,2781138579,15681,1103
5280.307506,2781146227,2781147332,15638,1105
5280.319534,2781155019,2781156127,16062,1108
5280.331556,2781163835,2781164935,16031,1100
5280.343570,2781172621,2781173721,15711,1100
5280.355603,2781181484,2781182597,16050,1113
5280.367613,2781190332,2781191440,15643,1108
5280.379649,2781199193,2781200303,15902,1110
5280.391670,2781208048,2781209158,15973,1110
5280.403685,2781216873,2781217979,15520,1106
5280.415719,2781225718,2781226829,15944,1111
5280.427739,2781234598,2781235707,15885,1109
5280.439746,2781243337,2781244435,15681,1098
5280.451775,2781252126,2781253226,15811,1100
5280.487848,2781278454,2781279556,15642,1102
5280.499876,2781287247,2781288351,15954,1104
5280.511883,2781295972,2781297075,15685,1103
5280.523917,2781304774,2781305880,15638,1106
5280.535947,2781313587,2781314690,15989,1103
5280.547959,2781322344,2781323440,15641,1096
5280.559985,2781331114,2781332217,15640,1103
5280.572014,2781339896,2781341001,15892,1105
5280.584036,2781349083,2781350183,15949,1100
5280.602069,2781362274,2781363377,15953,1103
5280.614089,2781371062,2781372169,15712,1107
5280.626116,2781379841,2781380945,15973,1104
5280.704256,2781436853,2781437955,15677,1102
5280.716289,2781445664,2781446774,16047,1110
5280.728298,2781454418,2781455524,15721,1106
5280.740329,2781463246,2781464350,15908,1104
5280.804445,2781511517,2781512626,16057,1109
5280.839517,2781535633,2781536734,15640,1101
5280.851546,2781544463,2781545563,15996,1100
5280.863553,2781553237,2781554338,15683,1101
5280.875586,2781561993,2781563069,15836,1076
5280.887615,2781570744,2781571821,15828,1077
5280.899620,2781579461,2781580572,15679,1111
5280.911654,2781588226,2781589329,15642,1103
5280.923682,2781597013,2781598117,15975,1104
5280.935694,2781605778,2781606884,15714,1106
5280.947722,2781614603,2781615713,15828,1110
5280.968768,2781629955,2781631055,15979,1100
5280.980775,2781638705,2781639808,15681,1103
5281.001822,2781654096,2781655197,15635,1101
5281.013855,2781662873,2781663951,15823,1078
5281.088981,2781717602,2781718700,15687,1098
5281.101014,2781726367,2781727468,15734,1101
5281.125049,2781743942,2781745048,15756,1106
5281.137083,2781752700,2781753805,15638,1105
5281.149113,2781761525,2781762625,16036,1100
5281.161118,2781770292,2781771394,15684,1102
5281.212231,2781807476,2781808581,15975,1105
5281.224238,2781816232,2781817338,15680,1106
5281.236268,2781825032,2781826136,15633,1104
5281.251291,2781836039,2781837145,15676,1106
5281.263323,2781844789,2781845891,15636,1102
5281.332444,2781895229,2781896337,15677,1108
5281.344472,2781904013,2781905091,15602,1078
5281.356502,2781912806,2781913911,15853,1105
5281.368512,2781921561,2781922667,15644,1106
5281.432656,2781969809,2781970906,15638,1097
5281.449668,2781980806,2781981912,15638,1106
5281.512788,2782026889,2782027986,15681,1097
5281.524820,2782035643,2782036750,15641,1107
5281.536849,2782044440,2782045541,15973,1101
5281.548856,2782053250,2782054356,15679,1106
5281.608987,2782097164,2782098269,15966,1105
5281.620992,2782105901,2782107010,15680,1109
5281.637040,2782119061,2782120164,15638,1103
5281.741227,2782193641,2782194751,15808,1110
5281.753260,2782202438,2782203546,15896,1108
5281.771295,2782215660,2782216764,15977,1104
5281.783301,2782224402,2782225508,15686,1106
5281.795335,2782233191,2782234296,15655,1105
5281.816381,2782248569,2782249678,15985,1109
5281.828386,2782257368,2782258476,15681,1108
5281.855452,2782277147,2782278247,16031,1100
5281.867472,2782285893,2782286999,15718,1106
5281.879500,2782294691,2782295790,15981,1099
5281.891507,2782303428,2782304529,15683,1101
5281.912558,2782318787,2782319859,15829,1072
5281.924587,2782327517,2782328590,15786,1073
5281.960655,2782353774,2782354879,15978,1105
5281.972674,2782362659,2782363758,15892,1099
5281.993712,2782378023,2782379129,15640,1106
5282.005740,2782386815,2782387919,15974,1104
5282.023774,2782399946,2782401049,15973,1103
5282.035789,2782408694,2782409793,15640,1099
5282.053815,2782421856,2782422967,15678,1111
5282.065849,2782430611,2782431686,15787,1075
5282.089884,2782448148,2782449251,15681,1103
5282.100422,2782456067,2782457171,15948,1104
5282.112428,2782464890,2782465990,15598,1100
5282.124459,2782473672,2782474782,15835,1110
5282.148495,2782491239,2782492336,15682,1097
5282.160529,2782499990,2782501091,15652,1101
5282.172556,2782508782,2782509891,16056,1109
5282.184571,2782517546,2782518637,15650,1091
5282.259718,2782572329,2782573430,15712,1101
5282.289782,2782594306,2782595411,15999,1105
5282.301787,2782603098,2782604199,15679,1101
5282.373924,2782655739,2782656836,15679,1097
5282.385959,2782664550,2782665654,15826,1104
5282.409993,2782682086,2782683187,15679,1101
5282.422027,2782690839,2782691940,15637,1101
5282.494164,2782743423,2782744526,15636,1103
5282.506192,2782752213,2782753312,15931,1099
5282.525228,2782767493,2782768598,15676,1105
5282.584330,2782809179,2782810276,15814,1097
5282.596361,2782817999,2782819104,15853,1105
5282.701558,2782894744,2782895848,15647,1104
5282.713585,2782903536,2782904636,16043,1100
5282.791726,2782960444,2782961545,15637,1101
5282.803755,2782969271,2782970369,15944,1098
5282.815766,2782978056,2782979153,15674,1097
5282.827805,2782986796,2782987904,15709,1108
5282.839826,2782995579,2782996689,15971,1110
5282.851833,2783004340,2783005444,15681,1104
5282.869867,2783017495,2783018602,15680,1107
5282.881896,2783026303,2783027412,15809,1109
5282.908953,2783046050,2783047161,15636,1111
5282.920981,2783054826,2783055926,15979,1100
5282.954038,2783078919,2783080025,15650,1106
5282.966065,2783087705,2783088805,16049,1100
5282.996107,2783109612,2783110715,15753,1103
5283.008140,2783118440,2783119549,15844,1109
5283.020168,2783127231,2783128335,15967,1104
5283.032192,2783136021,2783137125,15951,1104
5283.044207,2783144806,2783145910,15812,1104
5283.056238,2783153587,2783154687,15972,1100
5283.068244,2783162334,2783163439,15680,1105
5283.080273,2783171117,2783172227,15811,1110
5283.092305,2783179947,2783181025,15790,1078
5283.107330,2783190848,2783191923,15831,1075
5283.119358,2783199589,2783200698,15981,1109
5283.131365,2783208403,2783209503,15684,1100
5283.143398,2783217150,2783218225,15832,1075
5283.200513,2783258774,2783259883,15986,1109
5283.212521,2783267575,2783268683,15680,1108
5283.224559,2783276339,2783277441,15670,1102
5283.248588,2783293927,2783295034,15680,1107
5283.260621,2783302724,2783303827,15633,1103
5283.348800,2783368490,2783369595,15707,1105
5283.407907,2783410118,2783411217,16065,1099
5283.419926,2783418944,2783420043,15941,1099
5283.431947,2783427694,2783428795,15641,1101
5283.443975,2783436470,2783437580,15986,1110
5283.455994,2783445293,2783446402,15937,1109
5283.558183,2783519851,2783520956,15599,1105
5283.570215,2783528619,2783529733,16057,1114
5283.606282,2783554971,2783556073,15961,1102
5283.619811,2783565283,2783566390,15932,1107
5283.667885,2783600383,2783601484,15684,1101
5283.679915,2783609185,2783610291,15675,1106
5283.691947,2783617943,2783619048,16061,1105
5283.703967,2783626745,2783627844,16033,1099
5283.715987,2783635505,2783636603,15633,1098
5283.728017,2783644298,2783645407,16000,1109
5283.740026,2783653059,2783654169,15768,1110
5283.758057,2783666204,2783667315,15761,1111
5283.770097,2783674956,2783676062,15747,1106
5283.785108,2783685914,2783687015,15759,1101
5283.800153,2783696885,2783697988,15982,1103
5283.818187,2783710096,2783711209,15977,1113
5283.830197,2783718936,2783720042,15679,1106
5283.842228,2783727679,2783728777,15602,1098
5283.887314,2783760531,2783761636,15642,1105
5283.899342,2783769305,2783770414,15983,1109
5283.911354,2783778137,2783779243,15633,1106
5283.923377,2783786923,2783788033,15815,1110
5283.935411,2783795740,2783796849,15980,1109
5283.947417,2783804492,2783805595,15645,1103
5283.959450,2783813248,2783814323,15832,1075
5283.971478,2783821976,2783823080,15952,1104
5283.983485,2783830738,2783831843,15681,1105
5283.995519,2783839497,2783840602,15600,1105
5284.007548,2783848319,2783849424,15964,1105
5284.025583,2783861488,2783862590,15987,1102
5284.037589,2783870292,2783871393,15758,1101
5284.073657,2783896561,2783897663,15693,1102
5284.085686,2783905356,2783906462,15674,1106
5284.104721,2783920739,2783921853,15982,1114
5284.121755,2783931749,2783932853,15815,1104
5284.148811,2783951477,2783952574,15636,1097
5284.160836,2783960292,2783961401,15947,1109
5284.172845,2783969052,2783970150,15684,1098
5284.208914,2783995347,2783996452,15756,1105
5284.220943,2784004128,2784005237,15807,1109
5284.232973,2784012952,2784014065,15946,1113
5284.244984,2784021759,2784022856,15600,1097
5284.257016,2784030514,2784031615,15641,1101
5284.309126,2784069934,2784071042,15642,1108
5284.353188,2784100658,2784101768,15684,1110
5284.365228,2784109425,2784110531,15708,1106
5284.377250,2784118208,2784119312,15978,1104
5284.413319,2784144460,2784145569,15973,1109
5284.425327,2784153240,2784154341,15680,1101
5284.437360,2784161997,2784163099,15639,1102
5284.449385,2784170824,2784171927,15934,1103
5284.515504,2784218960,2784220071,15638,1111
5284.527527,2784227804,2784228906,15594,1102
5284.539560,2784236634,2784237733,15923,1099
5284.551565,2784245383,2784246486,15678,1103
5284.572617,2784260674,2784261779,15639,1105
5284.599670,2784274340,2784274962,11960,622
5284.613202,2784279512,2784280340,13394,828
5284.625221,2784288349,2784289508,16382,1159
5284.637230,2784297503,2784298657,16087,1154
5284.652274,2784309266,2784310420,16471,1154
5284.664288,2784318630,2784319815,16087,1185
5284.676313,2784328007,2784329192,15962,1185
5284.688338,2784337336,2784338530,16345,1194
5284.727400,2784367705,2784368886,16083,1181
5284.739434,2784376993,2784378175,16123,1182
5284.757468,2784391005,2784392191,16042,1186
5284.769497,2784400436,2784401595,16453,1159
5284.787531,2784414448,2784415617,16472,1169
5284.799539,2784423716,2784424869,16084,1153
5284.811578,2784433028,2784434158,16327,1130
5284.829605,2784447013,2784448198,16117,1185
5284.841633,2784456397,2784457561,16467,1164
5284.853643,2784465753,2784466939,16081,1186
5284.865669,2784475055,2784476243,16232,1188
5284.901743,2784503278,2784504439,16049,1161
5284.913770,2784512590,2784513754,16360,1164
5284.925777,2784521866,2784523054,16044,1188
5284.937811,2784531230,2784532416,16044,1186
5284.949838,2784540591,2784541772,16336,1181
5284.961853,2784549911,2784551096,16041,1185
5284.973881,2784559302,2784560465,16230,1163
5284.988897,2784570929,2784572110,16157,1181
5285.000931,2784580184,2784581350,16049,1166
5285.012959,2784589535,2784590728,16364,1193
5285.027979,2784601254,2784602440,16120,1186
5285.040012,2784610651,2784611784,16228,1133
5285.052030,2784620009,2784621173,16424,1164
5285.065055,2784631742,2784632904,16379,1162
5285.088087,2784648216,2784649402,16080,1186
5285.101611,2784656864,2784657970,15639,1106
5285.113641,2784665656,2784666765,15818,1109
5285.125673,2784674439,2784675544,15967,1105
5285.140695,2784685837,2784686947,15633,1110
5285.161742,2784701211,2784702311,15954,1100
5285.173749,2784709998,2784711104,15640,1106
5285.185780,2784718802,2784719905,15633,1103
5285.200814,2784729800,2784730911,15949,1111
5285.212829,2784738593,2784739693,15896,1100
5285.227855,2784749551,2784750657,15761,1106
5285.239884,2784758338,2784759443,15826,1105
5285.251913,2784767110,2784768220,15972,1110
5285.264943,2784778054,2784779160,15626,1106
5285.276951,2784786840,2784787951,15974,1111
5285.299989,2784802222,2784803327,15678,1105
5285.312022,2784811032,2784812141,15836,1109
5285.324050,2784819829,2784820938,15972,1109
5285.336070,2784828649,2784829754,15929,1105
5285.348091,2784837418,2784838515,15560,1097
5285.360118,2784846252,2784847362,15867,1110
5285.372125,2784855028,2784856138,15596,1110
5285.384160,2784863794,2784864906,15651,1112
5285.396187,2784872688,2784873800,15905,1112
5285.408213,2784881538,2784882652,16014,1114
5285.420228,2784890438,2784891547,15869,1109
5285.432256,2784899289,2784900398,15852,1109
5285.444277,2784908173,2784909287,15955,1114
5285.456299,2784917009,2784918117,15646,1108
5285.468326,2784925889,2784927003,16014,1114
5285.480343,2784934731,2784935841,15964,1110
5285.492366,2784943536,2784944640,15921,1104
5285.504390,2784952359,2784953465,15847,1106
5285.516402,2784961157,2784962262,15680,1105
5285.528434,2784969948,2784971051,15643,1103
5285.540462,2784978728,2784979835,16053,1107
5285.552469,2784987481,2784988587,15755,1106
5285.564503,2784996250,2784997358,15650,1108
5285.576531,2785005031,2785006104,15720,1073
5285.591552,2785015999,2785017110,15809,1111
5285.603583,2785024827,2785025932,15967,1105
5285.615591,2785033625,2785034725,15683,1100
5285.633623,2785046753,2785047855,15682,1102
5285.645657,2785055510,2785056611,15643,1101
5285.657684,2785064290,2785065399,16030,1109
5285.669706,2785073087,2785074186,15947,1099
5285.681726,2785081847,2785082958,15641,1111
5285.693754,2785090642,2785091751,15975,1109
5285.705768,2785099471,2785100574,15599,1103
5285.741831,2785125832,2785126934,15681,1102
5285.753870,2785134587,2785135690,15713,1103
5285.765890,2785143363,2785144469,15927,1106
5285.777911,2785152135,2785153234,15956,1099
5285.796955,2785167471,2785168579,15630,1108
5285.813968,2785178501,2785179598,15678,1097
5285.826000,2785187248,2785188320,15831,1072
5285.838025,2785196028,2785197132,16023,1104
5285.850035,2785204777,2785205888,15679,1111
5285.868078,2785217936,2785219041,15673,1105
5285.880101,2785226764,2785227868,15819,1104
5285.892130,2785235547,2785236656,15882,1109
5285.904145,2785244332,2785245430,15633,1098
5285.916171,2785253107,2785254212,15641,1105
5285.928199,2785261893,2785262997,15973,1104
5285.949231,2785277356,2785278466,15610,1110
5285.961263,2785286214,2785287324,15941,1110
5285.973286,2785295107,2785296220,16058,1113
5285.988312,2785306153,2785307232,15743,1079
5286.000334,2785315014,2785316127,15941,1113
5286.012357,2785323886,2785324996,15856,1110
5286.033400,2785339428,2785340541,16024,1113
5286.045422,2785348338,2785349442,15971,1104
5286.063455,2785361624,2785362732,15950,1108
5286.076986,2785371607,2785372715,15987,1108
5286.088999,2785380692,2785381803,15944,1111
5286.101029,2785389552,2785390665,15862,1113
5286.113049,2785398424,2785399537,15950,1113
5286.125068,2785407293,2785408407,15810,1114
5286.152117,2785427220,2785428323,15615,1103
5286.164143,2785436011,2785437113,15737,1102
5286.176171,2785444781,2785445859,15801,1078
5286.188178,2785453492,2785454600,15676,1108
5286.215229,2785473309,2785474415,15681,1106
5286.230274,2785484271,2785485380,15978,1109
5286.242281,2785493042,2785494143,15680,1101
5286.257324,2785504020,2785505093,15797,1073
5286.269334,2785512773,2785513881,15682,1108
5286.288387,2785528263,2785529367,15826,1104
5286.308418,2785541415,2785542521,15642,1106
5286.320447,2785550206,2785551315,15974,1109
5286.356515,2785576613,2785577720,15987,1107
5286.368535,2785585415,2785586519,15951,1104
5286.392582,2785602944,2785604044,15981,1100
5286.404589,2785611695,2785612796,15682,1101
5286.419634,2785622675,2785623782,15968,1107
5286.431641,2785631428,2785632534,15682,1106
5286.443675,2785640188,2785641289,15640,1101
5286.455704,2785649058,2785650167,15957,1109
5286.467710,2785657815,2785658916,15684,1101
5286.479743,2785666607,2785667709,15639,1102
5286.491768,2785675445,2785676550,15938,1105
5286.509805,2785688620,2785689724,15967,1104
5286.521812,2785697380,2785698487,15681,1107
5286.560897,2785725955,2785727064,15817,1109
5286.572925,2785734738,2785735842,15977,1104
5286.596973,2785752254,2785753359,15712,1105
5286.608996,2785761041,2785762114,15822,1073
5286.624018,2785771942,2785773014,15915,1072
5286.636046,2785780728,2785781833,15961,1105
5286.648063,2785789942,2785791058,15838,1116
5286.660082,2785798785,2785799891,15606,1106
5286.672114,2785807572,2785808677,15978,1105
5286.684121,2785816354,2785817456,15685,1102
5286.696161,2785825140,2785826246,15714,1106
5286.708180,2785833956,2785835065,15939,1109
5286.720190,2785842715,2785843812,15760,1097
5286.732224,2785851457,2785852558,15643,1101
5286.744253,2785860241,2785861350,15980,1109
5286.756259,2785869037,2785870140,15682,1103
5286.771303,2785879991,2785881100,15969,1109
5286.783310,2785888747,2785889848,15688,1101
5286.795350,2785897492,2785898602,15711,1110
5286.807368,2785906326,2785907436,15938,1110
5286.819378,2785915074,2785916175,15681,1101
5286.831408,2785923842,2785924951,15638,1109
5286.843440,2785932631,2785933741,15970,1110
5286.855448,2785941420,2785942523,15680,1103
5286.867481,2785950168,2785951266,15640,1098
5286.879511,2785958932,2785960005,15824,1073
5286.891530,2785967735,2785968840,15952,1105
5286.909550,2785980895,2785982001,15760,1106
5286.921584,2785989645,2785990743,15721,1098
5286.933611,2785998434,2785999540,16051,1106
5286.951648,2786011659,2786012764,16071,1105
5286.963654,2786020500,2786021598,15757,1098
5286.975687,2786029255,2786030361,15641,1106
5286.996732,2786044600,2786045698,15955,1098
5287.008740,2786053400,2786054506,15609,1106
5287.047819,2786081929,2786083032,15813,1103
5287.059851,2786090720,2786091826,16052,1106
5287.071858,2786099471,2786100573,15682,1102
5287.083892,2786108232,2786109343,15644,1111
5287.095920,2786117042,2786118142,15951,1100
5287.107927,2786125801,2786126902,15685,1101
5287.119961,2786134540,2786135638,15645,1098
5287.131989,2786143320,2786144427,15981,1107
5287.144003,2786152107,2786153204,15637,1097
5287.162031,2786165326,2786166422,15680,1096
5287.174064,2786174084,2786175185,15719,1101
5287.267246,2786242050,2786243150,16053,1100
5287.282270,2786252978,2786254089,15645,1111
5287.297289,2786263999,2786265103,15683,1104
5287.309320,2786272932,2786274036,15826,1104
5287.369425,2786316878,2786317980,15760,1102
5287.381459,2786325662,2786326767,15725,1105
5287.465620,2786387072,2786388186,15944,1114
5287.477632,2786395836,2786396937,15684,1101
5287.489671,2786404620,2786405722,15713,1102
5287.501692,2786413397,2786414511,15972,1114
5287.516712,2786424465,2786425566,15605,1101
5287.528743,2786433246,2786434355,15972,1109
5287.573829,2786466203,2786467312,15971,1109
5287.585837,2786475002,2786476105,15680,1103
5287.597869,2786483751,2786484856,15601,1105
5287.609897,2786492517,2786493619,15970,1102
5287.676007,2786540709,2786541815,15677,1106
5287.688047,2786549466,2786550571,15712,1105
5287.700069,2786558253,2786559367,15974,1114
5287.712092,2786567071,2786568166,15956,1095
5287.724110,2786575851,2786576953,15722,1102
5287.736139,2786584670,2786585777,15964,1107
5287.748146,2786593455,2786594562,15681,1107
5287.760174,2786602238,2786603344,15636,1106
5287.772208,2786611037,2786612117,15821,1080
5287.790241,2786624212,2786625321,15960,1109
5287.802249,2786633045,2786634147,15683,1102
5287.841328,2786661540,2786662644,15823,1104
5287.853363,2786670399,2786671477,15803,1078
5287.892419,2786698903,2786700009,15677,1106
5287.904449,2786707698,2786708805,15634,1107
5287.916482,2786716497,2786717604,15898,1107
5287.928487,2786725260,2786726361,15682,1101
5287.943533,2786736276,2786737381,15990,1105
5287.955539,2786745046,2786746148,15681,1102
5287.967573,2786753814,2786754916,15643,1102
5287.979600,2786762608,2786763711,15976,1103
5287.991607,2786771368,2786772476,15676,1108
5288.003641,2786780125,2786781231,15646,1106
5288.015671,2786788993,2786790098,15956,1105
5288.069772,2786828530,2786829634,16052,1104
5288.081779,2786837288,2786838400,15686,1112
5288.120864,2786865767,2786866842,15913,1075
5288.132893,2786874602,2786875711,15911,1109
5288.153916,2786889986,2786891083,15675,1097
5288.164454,2786898136,2786899252,16025,1116
5288.176461,2786906999,2786908105,15756,1106
5288.188488,2786915775,2786916883,15895,1108
5288.200518,2786924587,2786925692,15936,1105
5288.221544,2786939973,2786941084,15678,1111
5288.233585,2786948749,2786949851,15709,1102
5288.263641,2786970649,2786971755,15974,1106
5288.305715,2787001347,2787002453,15639,1106
5288.317744,2787010118,2787011228,15977,1110
5288.329751,2787018881,2787019986,15677,1105
5288.344796,2787029891,2787030994,15961,1103
5288.356802,2787038645,2787039747,15681,1102
5288.371847,2787049606,2787050709,15974,1103
5288.383861,2787058408,2787059514,15638,1106
5288.395887,2787067232,2787068305,15656,1073
5288.407915,2787075981,2787077089,15973,1108
5288.419923,2787084761,2787085862,15682,1101
5288.440973,2787100106,2787101212,15648,1106
5288.452996,2787108921,2787110030,15838,1109
5288.469021,2787122083,2787123187,15960,1104
5288.489070,2787135234,2787136343,15983,1109
5288.501078,2787144026,2787145132,15677,1106
5288.525138,2787161600,2787162707,15974,1107
5288.537157,2787170423,2787171532,15926,1109
5288.549177,2787179264,2787180373,15836,1109
5288.561204,2787188100,2787189205,16021,1105
5288.573215,2787196928,2787198030,15755,1102
5288.636334,2787243019,2787244125,15756,1106
5288.648368,2787251790,2787252901,15713,1111
5288.663387,2787262812,2787263921,15678,1109
5288.675419,2787271573,2787272681,15639,1108
5288.687448,2787280409,2787281518,15988,1109
5288.699454,2787289173,2787290275,15679,1102
5288.711486,2787298003,2787299112,15823,1109
5288.723515,2787306797,2787307901,15885,1104
5288.735522,2787315538,2787316645,15602,1107
5288.747557,2787324376,2787325489,15830,1113
5288.759585,2787333250,2787334363,15951,1113
5288.771593,2787342053,2787343154,15681,1101
5288.789627,2787355273,2787356381,15683,1108
5288.801658,2787364106,2787365210,15818,1104
5288.813691,2787373064,2787374173,15980,1109
5288.825695,2787381855,2787382963,15759,1108
5288.852747,2787401666,2787402772,15686,1106
5288.864777,2787410478,2787411593,15819,1115
5288.903860,2787439124,2787440229,15979,1105
5288.915867,2787447909,2787449014,15681,1105
5288.927901,2787456720,2787457794,15681,1074
5288.948945,2787472109,2787473219,15975,1110
5288.960954,2787480953,2787482053,15756,1100
5289.057151,2787551392,2787552497,15978,1105
5289.069159,2787560225,2787561327,15683,1102
5289.156340,2787624026,2787625126,15977,1100
5289.172856,2787636205,2787637313,15677,1108
5289.184887,2787645049,2787646158,15849,1109
5289.223969,2787673687,2787674801,15981,1114
5289.235976,2787682473,2787683574,15680,1101
5289.248007,2787691261,2787692370,15903,1109
5289.266041,2787704465,2787705569,15900,1104
5289.278070,2787713328,2787714431,16041,1103
5289.365229,2787777204,2787778313,15817,1109
5289.377258,2787786219,2787787319,15870,1100
5289.449397,2787839040,2787840145,15984,1105
5289.461405,2787847816,2787848912,15768,1096
5289.572630,2787929307,2787930412,15965,1105
5289.584656,2787938184,2787939289,16020,1105
5289.599676,2787949190,2787950294,15901,1104
5289.611706,2787958017,2787959130,15981,1113
5289.623722,2787966855,2787967965,15849,1110
5289.644762,2787982339,2787983417,15651,1078
5289.656792,2787991119,2787992228,15985,1109
5289.668799,2787999888,2788000993,15682,1105
5289.680831,2788009130,2788010242,15927,1112
5289.695851,2788020197,2788021305,15690,1108
5289.707881,2788029032,2788030137,15822,1105
5289.719912,2788037876,2788038979,15959,1103
5289.737946,2788051097,2788052197,15961,1100
5289.749953,2788059861,2788060964,15683,1103
5289.761984,2788068675,2788069787,15821,1112
5289.774012,2788077503,2788078612,15981,1109
5289.786033,2788086356,2788087456,15936,1100
5289.798053,2788095205,2788096314,15824,1109
5289.813074,2788106211,2788107312,15691,1101
5289.825101,2788115030,2788116139,15732,1109
5289.837135,2788123858,2788124969,15977,1111
5289.849142,2788132675,2788133776,15682,1101
5289.861173,2788141494,2788142598,15822,1104
5289.897242,2788167927,2788169042,15829,1115
5289.909272,2788176739,2788177843,15981,1104
5289.921285,2788185553,2788186651,15603,1098
5289.933310,2788194391,2788195499,15790,1108
5289.945340,2788203210,2788204317,15975,1107
5289.960361,2788214200,2788215309,15818,1109
5289.972389,2788223026,2788224131,15948,1105
5289.993416,2788238480,2788239575,15684,1095
5290.005447,2788247299,2788248407,15824,1108
5290.024490,2788262764,2788263869,15940,1105
5290.128673,2788337623,2788338723,15680,1100
5290.140704,2788346432,2788347542,15815,1110
5290.161752,2788361829,2788362932,15957,1103
5290.173772,2788370644,2788371753,15958,1109
5290.185789,2788379469,2788380573,15715,1104
5290.200811,2788390450,2788391552,15688,1102
5290.212842,2788399324,2788400432,15832,1108
5290.224872,2788408179,2788409292,15941,1113
5290.239893,2788419168,2788420282,15820,1114
5290.251924,2788428038,2788429147,15958,1109
5290.281976,2788450098,2788451203,15940,1105
5290.293994,2788458920,2788460029,15841,1109
5290.342095,2788494191,2788495300,15984,1109
5290.354102,2788502993,2788504094,15757,1101
5290.384168,2788525039,2788526139,15908,1100
5290.396198,2788533865,2788534979,15979,1114
5290.408216,2788542717,2788543826,15939,1109
5290.420233,2788551585,2788552696,15817,1111
5290.432266,2788560435,2788561542,15975,1107
5290.444274,2788569253,2788570360,15694,1107
5290.456307,2788578105,2788579216,15824,1111
5290.555493,2788650895,2788652002,15900,1107
5290.567521,2788659716,2788660823,15952,1107
5290.579531,2788668524,2788669627,15687,1103
5290.591563,2788677331,2788678409,15657,1078
5290.603592,2788686115,2788687213,15982,1098
5290.615611,2788694927,2788696036,15848,1109
5290.627630,2788703741,2788704845,15815,1104
5290.664698,2788732359,2788733464,15947,1105
5290.729832,2788778643,2788779749,15983,1106
5290.741840,2788787427,2788788529,15687,1102
5290.759874,2788800642,2788801745,15688,1103
5290.771906,2788809507,2788810616,15845,1109
5290.783935,2788818327,2788819430,15976,1103
5290.795943,2788827121,2788828232,15691,1111
5290.807974,2788835952,2788837061,15779,1109
5290.820006,2788844778,2788845887,16067,1109
5290.832011,2788853573,2788854669,15683,1096
5290.844042,2788862391,2788863499,15736,1108
5290.856072,2788871241,2788872354,15870,1113
5290.874106,2788884516,2788885630,15947,1114
5290.889128,2788895563,2788896662,15781,1099
5290.904148,2788906573,2788907673,15683,1100
5290.922183,2788919766,2788920872,15682,1106
5290.934214,2788928563,2788929676,15824,1113
5290.946244,2788937402,2788938512,15979,1110
5290.985302,2788966021,2788967127,15683,1106
5290.997336,2788974873,2788975977,15827,1104
5291.021371,2788992488,2788993588,15683,1100
5291.033405,2789001351,2789002451,15840,1100
5291.081499,2789036649,2789037758,16028,1109
5291.093520,2789045498,2789046592,15945,1094
5291.159648,2789093982,2789095086,15877,1104
5291.184702,2789113856,2789114965,15800,1109
5291.201716,2789125337,2789126443,15681,1106
5291.233275,2789148688,2789149794,15686,1106
5291.245307,2789157535,2789158645,15829,1110
5291.257335,2789166396,2789167496,15953,1100
5291.269343,2789175169,2789176267,15685,1098
5291.299408,2789197249,2789198358,15817,1109
5291.311436,2789206079,2789207182,15947,1103
5291.323446,2789214918,2789216025,15684,1107
5291.341480,2789228112,2789229213,15678,1101
5291.353511,2789236922,2789238022,15816,1100
5291.371545,2789250125,2789251239,15820,1114
5291.404600,2789274333,2789275438,15682,1105
5291.416631,2789283188,2789284293,15800,1105
5291.428661,2789291999,2789293106,15979,1107
5291.443682,2789302993,2789304097,15820,1104
5291.464730,2789318475,2789319578,16031,1103
5291.476737,2789327259,2789328369,15684,1110
5291.509813,2789351526,2789352631,15955,1105
5291.521822,2789360352,2789361454,15756,1102
5291.593964,2789413214,2789414318,15841,1104
5291.605996,2789422025,2789423136,15965,1111
5291.648063,2789452885,2789453993,15682,1108
5291.660090,2789461729,2789462833,15889,1104
5291.690158,2789483719,2789484833,15982,1114
5291.702166,2789492509,2789493609,15682,1100
5291.717208,2789503586,2789504695,16021,1109
5291.783320,2789552051,2789553152,15760,1101
5291.795351,2789560857,2789561971,15826,1114
5291.807379,2789569684,2789570793,15955,1109
5291.819399,2789578526,2789579631,15940,1105
5291.831418,2789587328,2789588437,15799,1109
5291.852467,2789602748,2789603861,15975,1113
5291.864486,2789611603,2789612711,15941,1108
5291.897553,2789635874,2789636981,15958,1107
5291.912574,2789646888,2789648001,15842,1113
5291.924606,2789655707,2789656806,15888,1099
5291.975694,2789693158,2789694261,15820,1103
5291.987724,2789701969,2789703073,15974,1104
5291.999732,2789710751,2789711853,15600,1102
5292.017766,2789723961,2789725069,15682,1108
5292.029799,2789732827,2789733941,15810,1114
5292.059862,2789754870,2789755978,15996,1108
5292.071869,2789763675,2789764778,15602,1103
5292.083900,2789772532,2789773636,15828,1104
5292.101940,2789785718,2789786832,15876,1114
5292.113963,2789794566,2789795675,15859,1109
5292.128986,2789805563,2789806674,15818,1111
5292.141016,2789814428,2789815535,15957,1107
5292.162041,2789829829,2789830931,15685,1102
5292.177085,2789840818,2789841920,15975,1102
5292.189092,2789849607,2789850707,15684,1100
5292.231188,2789880456,2789881565,15975,1109
5292.246209,2789891480,2789892575,15772,1095
5292.258239,2789900316,2789901420,15898,1104
5292.270248,2789909104,2789910202,15683,1098
5292.285291,2789920155,2789921254,16060,1099
5292.297298,2789928945,2789930047,15761,1102
5292.309329,2789937796,2789938909,15851,1113
5292.324349,2789948846,2789949953,15755,1107
5292.340393,2789962063,2789963164,15685,1101
5292.393496,2789999489,2790000599,15973,1110
5292.405515,2790008314,2790009423,15952,1109
5292.444586,2790036914,2790038019,15817,1105
5292.459606,2790047939,2790049041,15682,1102
5292.480654,2790063399,2790064503,15811,1104
5292.492685,2790072237,2790073346,15957,1109
5292.504704,2790081088,2790082190,15958,1102
5292.544774,2790111927,2790113036,15981,1109
5292.648972,2790186836,2790187939,15604,1103
5292.664010,2790197883,2790198992,15969,1109
5292.677045,2790208904,2790210013,15824,1109
5292.709095,2790231001,2790232105,15949,1104
5292.721106,2790240180,2790241283,15685,1103
5292.733135,2790249017,2790250126,15822,1109
5292.760186,2790268847,2790269955,15824,1108
5292.772217,2790277705,2790278814,15961,1109
5292.784224,2790286488,2790287591,15686,1103
5292.796261,2790295292,2790296400,15884,1108
5292.808284,2790304149,2790305258,15944,1109
5292.820293,2790312950,2790314057,15691,1107
5292.832323,2790321762,2790322871,15818,1109
5292.847349,2790332768,2790333871,15597,1103
5292.871406,2790350446,2790351556,15981,1110
5292.883411,2790359275,2790360380,15760,1105
5292.895450,2790368119,2790369223,15899,1104
5292.907473,2790376965,2790378070,15953,1105
5292.919481,2790385746,2790386852,15686,1106
5292.931512,2790394607,2790395717,15834,1110
5292.943542,2790403431,2790404534,16057,1103
5292.955549,2790412225,2790413333,15762,1108
5292.967580,2790421092,2790422205,15908,1113
5292.979611,2790429927,2790431037,16059,1110
5292.991618,2790438710,2790439801,15763,1091
5293.003649,2790447530,2790448634,15842,1104
5293.015679,2790456344,2790457449,15976,1105
5293.027698,2790465162,2790466271,15943,1109
5293.039718,2790474010,2790475120,15829,1110
5293.051749,2790482825,2790483929,15995,1104
5293.063755,2790491607,2790492712,15684,1105
5293.081789,2790504855,2790505961,15681,1106
5293.093827,2790513683,2790514786,15885,1103
5293.129889,2790540165,2790541275,15815,1110
5293.141919,2790549020,2790550123,15957,1103
5293.160954,2790564402,2790565513,15682,1111
5293.172984,2790573231,2790574326,15811,1095
5293.193015,2790586437,2790587541,15881,1104
5293.205038,2790595294,2790596408,15941,1114
5293.256129,2790632679,2790633783,15816,1104
5293.268160,2790641498,2790642601,16059,1103
5293.280178,2790650320,2790651429,16019,1109
5293.292207,2790659185,2790660292,15860,1107
5293.304228,2790668063,2790669166,15956,1103
5293.316235,2790676855,2790677960,15687,1105
5293.328266,2790685718,2790686820,15825,1102
5293.340297,2790694567,2790695672,15956,1105
5293.352304,2790703363,2790704469,15686,1106
5293.364336,2790712185,2790713263,15653,1078
5293.391392,2790732002,2790733107,15883,1105
5293.403415,2790740845,2790741954,15942,1109
5293.415424,2790749635,2790750740,15687,1105
5293.481558,2790798085,2790799185,15816,1100
5293.493587,2790806919,2790808024,15960,1105
5293.505608,2790815805,2790816914,15945,1109
5293.604784,2790888571,2790889679,15686,1108
5293.616815,2790897396,2790898496,15815,1100
5293.700981,2790959095,2790960198,15947,1103
5293.807670,2791037546,2791038643,15687,1097
5293.831733,2791049067,2791049685,12030,618
5293.845261,2791054251,2791055081,13483,830
5293.857279,2791063125,2791064274,16352,1149
5293.869295,2791072401,2791073559,16247,1158
5293.881324,2791081737,2791082897,16315,1160
5293.893347,2791091112,2791092295,16385,1183
5293.908376,2791102841,2791104027,16314,1186
5293.920400,2791112284,2791113447,16401,1163
5293.948457,2791135839,2791137034,16233,1195
5293.992536,2791168936,2791170103,16384,1167
5294.007566,2791180764,2791181923,16296,1159
5294.019589,2791190146,2791191308,16395,1162
5294.031604,2791199541,2791200726,16236,1185
5294.043634,2791208982,2791210172,16317,1190
5294.055656,2791218332,2791219525,16378,1193
5294.067672,2791227775,2791228964,16251,1189
5294.079703,2791237230,2791238418,16311,1188
5294.115772,2791265525,2791266689,16320,1164
5294.127793,2791274912,2791276106,16289,1194
5294.139810,2791284333,2791285512,16142,1179
5294.151838,2791293764,2791294953,16314,1189
5294.163863,2791303255,2791304448,16396,1193
5294.175878,2791312772,2791313960,16235,1188
5294.187909,2791322131,2791323325,16249,1194
5294.199930,2791331594,2791332754,16382,1160
5294.224978,2791352803,2791353967,16380,1164
5294.237008,2791361820,2791363022,16308,1202
5294.249525,2791371363,2791372552,16384,1189
5294.261542,2791380769,2791381958,16244,1189
5294.279576,2791394925,2791396094,16244,1169
5294.291605,2791404413,2791405609,16302,1196
5294.303629,2791413885,2791415079,16400,1194
5294.315645,2791423372,2791424537,16241,1165
5294.328331,2791432547,2791433443,15123,896
5294.341200,2791441198,2791442306,15905,1108
5294.353222,2791450059,2791451173,15970,1114
5294.365241,2791458913,2791460026,15828,1113
5294.377269,2791467786,2791468892,15902,1106
5294.395302,2791481087,2791482195,15906,1108
5294.407326,2791489955,2791491066,15987,1111
5294.419341,2791498801,2791499910,15827,1109
5294.431370,2791507656,2791508761,15909,1105
5294.443393,2791516500,2791517610,15935,1110
5294.464427,2791532005,2791533115,15802,1110
5294.476457,2791540856,2791541971,15904,1115
5294.488480,2791549736,2791550850,15989,1114
5294.500496,2791558588,2791559692,15828,1104
5294.512525,2791567437,2791568542,15907,1105
5294.524549,2791576269,2791577376,15988,1107
5294.536564,2791585138,2791586241,15800,1103
5294.548595,2791593992,2791595105,15906,1113
5294.572633,2791611720,2791612829,15849,1109
5294.584662,2791620594,2791621703,15909,1109
5294.599685,2791631669,2791632778,15836,1109
5294.611713,2791640540,2791641649,15864,1109
5294.623737,2791649411,2791650511,15946,1100
5294.635753,2791658256,2791659370,15841,1114
5294.653787,2791671547,2791672661,15841,1114
5294.665818,2791680390,2791681495,15821,1105
5294.677839,2791689247,2791690352,15974,1105
5294.689856,2791698109,2791699213,15824,1104
5294.701885,2791706976,2791708079,15908,1103
5294.713909,2791715823,2791716932,15949,1109
5294.725925,2791724681,2791725790,15827,1109
5294.743959,2791737971,2791739075,15862,1104
5294.755987,2791746826,2791747925,15904,1099
5294.768010,2791755687,2791756796,15962,1109
5294.780032,2791764550,2791765650,15887,1100
5294.792055,2791773410,2791774523,15907,1113
5294.804079,2791782272,2791783374,15976,1102
5294.816096,2791791126,2791792235,15843,1109
5294.828124,2791799986,2791801100,15910,1114
5294.840147,2791808842,2791809937,15965,1095
5294.852164,2791817671,2791818776,15862,1105
5294.864194,2791826507,2791827611,15905,1104
5294.876215,2791835370,2791836481,15959,1111
5294.888233,2791844225,2791845339,15841,1114
5294.900263,2791853106,2791854216,15908,1110
5294.912285,2791861974,2791863078,15976,1104
5294.924302,2791870817,2791871924,15845,1107
5294.936331,2791879674,2791880783,15906,1109
5294.948352,2791888558,2791889663,15873,1105
5294.960370,2791897419,2791898527,15856,1108
5294.972399,2791906253,2791907362,15908,1109
5294.996439,2791923987,2791925102,15845,1115
5295.008467,2791932862,2791933971,15905,1109
5295.032507,2791950578,2791951683,15851,1105
5295.044536,2791959439,2791960550,15989,1111
5295.056558,2791968313,2791969412,16042,1099
5295.068576,2791977162,2791978267,15864,1105
5295.092628,2791994876,2791995987,15977,1111
5295.104647,2792003732,2792004841,15843,1109
5295.143725,2792032496,2792033604,15903,1108
5295.155747,2792041377,2792042486,15960,1109
5295.167765,2792050245,2792051353,15858,1108
5295.203834,2792076823,2792077932,15845,1109
5295.215861,2792085680,2792086789,15906,1109
5295.227884,2792094541,2792095646,15913,1105
5295.239902,2792103388,2792104497,15856,1109
5295.251931,2792112254,2792113353,15911,1099
5295.263952,2792121090,2792122199,15962,1109
5295.275975,2792129936,2792131042,15825,1106
5295.294005,2792143209,2792144318,15840,1109
5295.306032,2792152085,2792153183,15822,1098
5295.316331,2792160930,2792162034,15975,1104
5295.330073,2792169780,2792170894,15855,1114
5295.348108,2792183074,2792184188,15858,1114
5295.360138,2792191938,2792193043,15819,1105
5295.372160,2792200797,2792201901,15974,1104
5295.384176,2792209627,2792210732,15826,1105
5295.396205,2792218478,2792219582,15911,1104
5295.408230,2792227318,2792228422,15992,1104
5295.420245,2792236176,2792237285,15829,1109
5295.432275,2792245056,2792246161,15902,1105
5295.444296,2792253935,2792255048,15904,1113
5295.465337,2792269511,2792270621,15913,1110
5295.477360,2792278406,2792279516,15909,1110
5295.489383,2792287302,2792288410,15910,1108
5295.513428,2792305086,2792306194,15913,1108
5295.525452,2792313947,2792315056,15913,1109
5295.544494,2792329468,2792330582,15869,1114
5295.561520,2792340570,2792341670,15929,1100
5295.573542,2792349406,2792350512,15904,1106
5295.612617,2792378177,2792379286,15990,1109
5295.624640,2792387025,2792388129,15998,1104
5295.648687,2792404736,2792405841,15909,1105
5295.660709,2792413605,2792414719,15914,1114
5295.684756,2792431398,2792432512,15911,1114
5295.696777,2792440293,2792441406,15885,1113
5295.720824,2792458070,2792459179,15911,1109
5295.732847,2792466902,2792468007,15991,1105
5295.744863,2792475749,2792476855,15824,1106
5295.756893,2792484995,2792486102,15906,1107
5295.776423,2792499595,2792500701,15792,1106
5295.788451,2792508467,2792509571,15821,1104
5295.812491,2792526184,2792527293,15828,1109
5295.824521,2792535046,2792536153,15996,1107
5295.840556,2792548341,2792549453,15989,1112
5295.860590,2792561639,2792562748,15914,1109
5295.872613,2792570499,2792571594,15911,1095
5295.884628,2792579350,2792580455,15825,1105
5295.896657,2792588201,2792589306,15821,1105
5295.911680,2792599281,2792600390,15832,1109
5295.923710,2792608145,2792609256,15915,1111
5295.935731,2792617002,2792618116,15974,1114
5295.947748,2792625865,2792626974,15844,1109
5295.965782,2792639143,2792640252,15843,1109
5295.977810,2792648016,2792649125,15906,1109
5296.040931,2792694470,2792695579,15903,1109
5296.052953,2792703324,2792704429,15961,1105
5296.064971,2792712205,2792713313,15854,1108
5296.149138,2792774195,2792775303,15916,1108
5296.161161,2792783062,2792784167,15967,1105
5296.173177,2792791925,2792793028,15801,1103
5296.185206,2792800798,2792801907,15905,1109
5296.200228,2792811857,2792812966,15824,1109
5296.212257,2792820726,2792821835,15865,1109
5296.224280,2792829570,2792830674,15982,1104
5296.237311,2792840612,2792841722,15903,1110
5296.263348,2792858309,2792859413,15844,1104
5296.329481,2792907005,2792908114,15910,1109
5296.341503,2792915863,2792916974,15976,1111
5296.353520,2792924729,2792925828,15810,1099
5296.365551,2792933574,2792934678,15911,1104
5296.377574,2792942431,2792943545,15993,1114
5296.392601,2792953510,2792954615,15904,1105
5296.425657,2792977882,2792978991,15853,1109
5296.437687,2792986748,2792987862,15912,1114
5296.473755,2793013301,2793014410,15908,1109
5296.485779,2793022170,2793023273,15947,1103
5296.575951,2793088534,2793089642,15992,1108
5296.587968,2793097407,2793098502,15834,1095
5296.599995,2793106264,2793107373,15964,1109
5296.612019,2793115122,2793116226,16044,1104
5296.624034,2793123978,2793125081,15852,1103
5296.645082,2793139470,2793140574,15990,1104
5296.657104,2793148328,2793149436,15981,1108
5296.681149,2793166063,2793167172,15915,1109
5296.693174,2793174932,2793176035,15995,1103
5296.717219,2793192646,2793193756,15913,1110
5296.729241,2793201490,2793202595,15987,1105
5296.741257,2793210330,2793211440,15898,1110
5296.789355,2793245755,2793246867,15912,1112
5296.801380,2793254806,2793255906,15956,1100
5296.813402,2793263670,2793264779,15915,1109
5296.825425,2793272531,2793273645,15913,1114
5296.840446,2793283589,2793284699,15853,1110
5296.852476,2793292446,2793293551,15915,1105
5296.892557,2793323440,2793324545,15837,1105
5296.924614,2793345580,2793346689,15915,1109
5296.936635,2793354443,2793355548,15982,1105
5296.969698,2793378819,2793379929,15911,1110
5296.981722,2793387685,2793388791,16000,1106
5296.996749,2793398774,2793399879,15829,1105
5297.011779,2793409850,2793410955,15906,1105
5297.023801,2793418698,2793419806,15911,1108
5297.035822,2793427560,2793428669,15966,1109
5297.047840,2793436398,2793437502,15866,1104
5297.059870,2793445269,2793446383,15919,1114
5297.071892,2793454124,2793455236,15898,1112
5297.089927,2793467428,2793468539,15980,1111
5297.101943,2793476295,2793477401,15852,1106
5297.150041,2793511702,2793512810,15915,1108
5297.162064,2793520562,2793521667,15879,1105
5297.193128,2793544889,2793545994,15909,1105
5297.213161,2793558184,2793559294,15920,1110
5297.225183,2793567079,2793568189,15881,1110
5297.258247,2793591399,2793592503,15914,1104
5297.273270,2793602880,2793603992,15851,1112
5297.315354,2793633899,2793635005,15968,1106
5297.327372,2793642782,2793643886,15849,1104
5297.345406,2793656055,2793657169,15860,1114
5297.357435,2793664904,2793666019,15914,1115
5297.393503,2793691458,2793692567,15918,1109
5297.405527,2793700322,2793701434,15983,1112
5297.417544,2793709168,2793710268,15824,1100
5297.429576,2793718046,2793719155,15916,1109
5297.441595,2793726909,2793728015,15984,1106
5297.453612,2793735763,2793736867,15844,1104
5297.480664,2793755716,2793756826,15837,1110
5297.492692,2793764585,2793765695,15912,1110
5297.513733,2793780105,2793781214,15984,1109
5297.525749,2793788958,2793790063,15855,1105
5297.552801,2793808870,2793809974,15853,1104
5297.567836,2793819934,2793821039,15989,1105
5297.600898,2793844266,2793845375,15916,1109
5297.612921,2793853115,2793854217,16068,1102
5297.624938,2793861962,2793863071,15936,1109
5297.640980,2793875475,2793876574,15860,1099
5297.718122,2793930808,2793931912,15916,1104
5297.730143,2793939671,2793940780,15981,1109
5297.757196,2793959587,2793960692,15921,1105
5297.769212,2793968460,2793969569,15850,1109
5297.793265,2793986163,2793987273,15990,1110
5297.805287,2793995022,2793996134,15914,1112
5297.832332,2794014984,2794016089,15863,1105
5297.844365,2794023846,2794024959,15918,1113
5297.859384,2794034903,2794036012,15835,1109
5297.871413,2794043748,2794044851,15874,1103
5297.889447,2794057022,2794058126,15911,1104
5297.901472,2794065858,2794066972,15997,1114
5297.928522,2794085793,2794086907,15982,1114
5297.943551,2794096885,2794097990,15909,1105
5298.021692,2794154455,2794155561,15851,1106
5298.033722,2794163317,2794164422,15916,1105
5298.050250,2794175779,2794176889,15902,1110
5298.143419,2794244101,2794245181,15616,1080
5298.155452,2794252894,2794254000,16000,1106
5298.167471,2794261705,2794262809,15934,1104
5298.179488,2794270515,2794271588,15618,1073
5298.191524,2794279303,2794280407,16091,1104
5298.203539,2794288123,2794289218,15867,1095
5298.215556,2794296957,2794298030,15707,1073
5298.227593,2794305722,2794306834,16093,1112
5298.239608,2794314550,2794315653,15929,1103
5298.251638,2794323382,2794324460,15672,1078
5298.263661,2794332166,2794333274,16097,1108
5298.275676,2794341004,2794342113,16013,1109
5298.287693,2794349808,2794350881,15536,1073
5298.299729,2794358607,2794359719,15996,1112
5298.311747,2794367422,2794368527,15946,1105
5298.323762,2794376236,2794377314,15599,1078
5298.335797,2794385045,2794386143,16042,1098
5298.347813,2794393825,2794394934,15836,1109
5298.359831,2794402644,2794403722,15618,1078
5298.371866,2794411413,2794412519,16084,1106
5298.453018,2794470867,2794471959,15995,1092
5298.465040,2794479680,2794480788,16029,1108
5298.477054,2794488496,2794489574,15695,1078
5298.565240,2794554603,2794555676,15616,1073
5298.585260,2794567814,2794568893,15619,1079
5298.597297,2794576603,2794577706,16170,1103
5298.609313,2794585446,2794586545,15990,1099
5298.621329,2794594252,2794595328,15622,1076
5298.633364,2794603025,2794604129,16089,1104
5298.645379,2794611842,2794612951,15920,1109
5298.660416,2794622834,2794623935,16090,1101
5298.672431,2794631636,2794632744,15926,1108
5298.684449,2794640477,2794641556,15618,1079
5298.700497,2794653685,2794654796,15858,1111
5298.768621,2794702168,2794703275,16085,1107
5298.780332,2794711373,2794712481,15919,1108
5298.804687,2794729051,2794730161,15934,1110
5298.816706,2794737886,2794738986,15945,1100
5298.828723,2794746703,2794747777,15599,1074
5298.840758,2794755521,2794756620,15967,1099
5298.879827,2794784247,2794785352,15949,1105
5298.891843,2794793073,2794794147,15615,1074
5298.903876,2794801896,2794803000,15933,1104
5298.921913,2794815109,2794816211,16091,1102
5298.933928,2794823922,2794825031,16009,1109
5298.945957,2794832740,2794833814,15830,1074
5298.985033,2794861336,2794862435,16173,1099
5298.997048,2794870131,2794871240,15944,1109
5299.012084,2794881165,2794882269,16095,1104
5299.048150,2794907591,2794908693,15998,1102
5299.060168,2794916392,2794917491,15930,1099
5299.072186,2794925196,2794926274,15619,1078
5299.084221,2794933983,2794935086,16088,1103
5299.096237,2794942808,2794943912,15945,1104
5299.108254,2794951663,2794952741,15629,1078
5299.120290,2794960441,2794961546,16096,1105
5299.147338,2794980249,2794981351,16000,1102
5299.207443,2795024340,2795025418,15694,1078
5299.219478,2795033123,2795034225,16090,1102
5299.231495,2795041919,2795043027,16016,1108
5299.243524,2795050722,2795051800,15750,1078
5299.255547,2795059503,2795060610,16089,1107
5299.291616,2795085904,2795087002,16088,1098
5299.303633,2795094746,2795095847,15946,1101
5299.315648,2795103591,2795104664,15617,1073
5299.327685,2795112383,2795113492,16090,1109
5299.339700,2795121201,2795122301,15929,1100
5299.351717,2795130001,2795131079,15616,1078
5299.363753,2795138794,2795139901,16089,1107
5299.375768,2795147612,2795148721,15927,1109
5299.387786,2795156446,2795157519,15619,1073
5299.399819,2795165281,2795166395,15936,1114
5299.411839,2795174142,2795175246,15944,1104
5299.423855,2795182963,2795184037,15620,1074
5299.435890,2795191742,2795192846,16088,1104
5299.447905,2795200563,2795201672,15959,1109
5299.459923,2795209358,2795210438,15620,1080
5299.477957,2795222584,2795223658,15688,1074
5299.489993,2795231355,2795232448,16138,1093
5299.508028,2795244588,2795245692,16092,1104
5299.520043,2795253392,2795254505,15934,1113
5299.532060,2795262241,2795263321,15618,1080
5299.550094,2795275450,2795276531,15606,1081
5299.562130,2795284234,2795285327,16091,1093
5299.655300,2795352493,2795353597,16011,1104
5299.667317,2795361317,2795362391,15618,1074
5299.679353,2795370099,2795371206,16091,1107
5299.697385,2795383329,2795384443,16016,1114
5299.709405,2795392164,2795393274,15944,1110
5299.757489,2795427420,2795428506,15618,1086
5299.769526,2795436231,2795437335,16088,1104
5299.859696,2795502322,2795503428,16050,1106
5299.871712,2795511134,2795512238,16009,1104
5299.889746,2795524347,2795525451,15940,1104
5299.901763,2795533196,2795534274,15632,1078
5299.913801,2795542014,2795543108,16087,1094
5299.925815,2795550811,2795551911,15930,1100
5299.967902,2795581611,2795582711,16092,1100
5299.979919,2795590468,2795591578,15898,1110
5299.991939,2795599280,2795600380,15776,1100
5300.003968,2795608147,2795609250,15953,1103
5300.015986,2795616965,2795618075,15851,1110
5300.028004,2795625787,2795626864,15615,1077
5300.040036,2795634565,2795635672,15988,1107
5300.073089,2795658785,2795659863,15620,1078
5300.085126,2795667577,2795668684,16092,1107
5300.109158,2795685230,2795686303,15693,1073
5300.121193,2795694033,2795695145,16092,1112
5300.148244,2795713908,2795715011,16048,1103
5300.181295,2795738165,2795739245,15694,1080
5300.193329,2795746986,2795748094,15941,1108
5300.205346,2795755793,2795756895,15942,1102
5300.236411,2795779976,2795781081,16067,1105
5300.259449,2795795382,2795796492,15932,1110
5300.283502,2795813028,2795814131,16173,1103
5300.293521,2795820976,2795822084,15924,1108
5300.306045,2795829816,2795830915,16055,1099
5300.318061,2795838618,2795839713,16012,1095
5300.330078,2795847444,2795848522,15694,1078
5300.357130,2795867275,2795868349,15625,1074
5300.369164,2795876100,2795877213,16047,1113
5300.393198,2795893693,2795894770,15693,1077
5300.405234,2795902484,2795903587,16175,1103
5300.426266,2795917905,2795919014,15935,1109
5300.495406,2795968602,2795969705,16097,1103
5300.507421,2795977456,2795978570,15901,1114
5300.519438,2795986312,2795987388,15700,1076
5300.531474,2795995132,2795996244,16173,1112
5300.543491,2796004022,2796005136,16028,1114
5300.555507,2796012873,2796013956,15700,1083
5300.567542,2796021692,2796022801,16096,1109
5300.579558,2796030535,2796031638,15933,1103
5300.591575,2796039351,2796040429,15619,1078
5300.603611,2796048123,2796049225,16103,1102
5300.615630,2796056983,2796058087,16027,1104
5300.627644,2796065789,2796066863,15623,1074
5300.639678,2796074589,2796075699,15939,1110
5300.651695,2796083413,2796084512,15946,1099
5300.663713,2796092225,2796093298,15619,1073
5300.712812,2796129619,2796130728,15929,1109
5300.729851,2796140603,2796141707,16090,1104
5300.741868,2796149480,2796150584,15948,1104
5300.777935,2796175892,2796177006,15971,1114
5300.789953,2796184704,2796185782,15653,1078
5300.817009,2796204498,2796205603,15914,1105
5300.829042,2796213315,2796214427,16176,1112
5300.904177,2796268517,2796269622,15947,1105
5300.916197,2796277353,2796278458,15836,1105
5300.928228,2796286204,2796287309,15924,1105
5300.940246,2796295062,2796296162,15948,1100
5300.952266,2796303911,2796305018,15831,1107
5300.964296,2796312765,2796313878,15959,1113
5300.976314,2796321613,2796322720,15944,1107
5300.997351,2796337078,2796338178,15837,1100
5301.009382,2796345923,2796347023,15965,1100
5301.021400,2796354782,2796355877,15860,1095
5301.033422,2796363624,2796364729,15758,1105
5301.045450,2796372471,2796373576,16048,1105
5301.057468,2796381290,2796382390,16021,1100
5301.132609,2796436499,2796437604,15849,1105
5301.144642,2796445369,2796446443,15878,1074
5301.156657,2796454173,2796455273,15940,1100
5301.168674,2796462970,2796464072,15554,1102
5301.225789,2796504765,2796505865,15954,1100
5301.237811,2796513618,2796514726,15938,1108
5301.261858,2796531236,2796532339,15951,1103
5301.273878,2796540048,2796541151,15962,1103
5301.337000,2796586316,2796587424,15935,1108
5301.349022,2796595144,2796596256,15819,1112
5301.439189,2796661209,2796662305,15669,1096
5301.454221,2796672226,2796673331,15969,1105
5301.481275,2796692022,2796693131,15958,1109
5301.493294,2796700843,2796701942,15832,1099
5301.508324,2796711851,2796712963,16047,1112
5301.544393,2796738290,2796739390,15968,1100
5301.556412,2796747197,2796748304,15629,1107
5301.649595,2796815466,2796816576,16034,1110
5301.661616,2796824296,2796825403,15925,1107
5301.751787,2796890432,2796891543,15963,1111
5301.765313,2796900357,2796901457,15975,1100
5301.777334,2796909170,2796910279,15735,1109
5301.789361,2796917981,2796919086,16029,1105
5301.801381,2796926792,2796927899,15965,1107
5301.813400,2796935987,2796937089,15625,1102
5301.825434,2796944828,2796945932,15998,1104
5301.868514,2796977857,2796978962,15949,1105
5301.897567,2796997705,2796998814,15957,1109
5301.912589,2797008697,2797009794,15623,1097
5301.924620,2797017544,2797018656,15874,1112
5301.957675,2797041741,2797042844,15626,1103
5301.969704,2797050558,2797051672,16030,1114
5302.056863,2797114441,2797115539,15634,1098
5302.071896,2797125461,2797126571,15848,1110
5302.083915,2797134285,2797135391,15509,1106
5302.095944,2797143104,2797144209,15947,1105
5302.107964,2797151922,2797153022,15964,1100
5302.119991,2797160697,2797161800,15710,1103
5302.132012,2797169519,2797170624,15950,1105
5302.144033,2797178326,2797179436,15961,1110
5302.156052,2797187116,2797188219,15627,1103
5302.168083,2797195919,2797197024,16053,1105
5302.180102,2797204772,2797205871,16011,1099
5302.192120,2797213571,2797214669,15703,1098
5302.204150,2797222399,2797223509,16027,1110
5302.216170,2797231218,2797232320,16089,1102
5302.228189,2797239988,2797241093,15703,1105
5302.255240,2797259817,2797260922,15624,1105
5302.303338,2797295069,2797296174,16028,1105
5302.315359,2797303901,2797305009,16048,1108
5302.327378,2797312690,2797313792,15629,1102
5302.339411,2797321524,2797322634,15871,1110
5302.351428,2797330351,2797331457,15968,1106
5302.363446,2797339160,2797340260,15596,1100
5302.375480,2797348017,2797349120,16010,1103
5302.387496,2797356814,2797357914,15918,1100
5302.399514,2797365630,2797366726,15596,1096
5302.411544,2797374439,2797375547,15950,1108
5302.423569,2797383251,2797384365,15949,1114
5302.435584,2797392028,2797393135,15629,1107
5302.447613,2797400862,2797401967,15949,1105
5302.459633,2797409657,2797410765,15966,1108
5302.471655,2797418471,2797419579,15825,1108
5302.483683,2797427285,2797428361,15807,1076
5302.495702,2797436066,2797437171,15964,1105
5302.507720,2797444846,2797445949,15630,1103
5302.519753,2797453652,2797454751,15997,1099
5302.531771,2797462494,2797463596,15936,1102
5302.543789,2797471275,2797472385,15628,1110
5302.564835,2797486670,2797487780,15952,1110
5302.576856,2797495558,2797496667,15878,1109
5302.588875,2797504333,2797505438,15631,1105
5302.600904,2797513145,2797514255,15951,1110
5302.636973,2797539577,2797540691,15948,1114
5302.648993,2797548411,2797549510,15963,1099
5302.737159,2797614495,2797615603,16040,1108
5302.778235,2797643119,2797644230,15590,1111
5302.841355,2797689375,2797690473,15630,1098
5302.853384,2797698173,2797699278,16027,1105
5302.907487,2797737870,2797738980,15952,1110
5302.919510,2797746711,2797747816,15951,1105
5302.931527,2797755469,2797756572,15630,1103
5302.943556,2797764274,2797765381,15949,1107
5302.955576,2797773088,2797774191,15917,1103
5302.967598,2797781884,2797782997,15824,1113
5302.979627,2797790713,2797791792,15812,1079
5302.991645,2797799523,2797800626,15965,1103
5303.003664,2797808313,2797809414,15704,1101
5303.015696,2797817159,2797818263,16006,1104
5303.027713,2797825973,2797827082,15969,1109
5303.039732,2797834771,2797835868,15628,1097
5303.063782,2797846338,2797846951,11966,613
5303.077311,2797851516,2797852278,13336,762
5303.089337,2797860308,2797861467,16313,1159
5303.101360,2797869602,2797870761,16385,1159
5303.113374,2797878924,2797880083,16239,1159
5303.125405,2797888347,2797889530,16271,1183
5303.137428,2797897765,2797898952,16391,1187
5303.149444,2797907160,2797908335,16249,1175
5303.161473,2797916635,2797917829,16314,1194
5303.188524,2797937899,2797939063,16314,1164
5303.200549,2797947352,2797948516,16399,1164
5303.251646,2797987488,2797988650,16331,1162
5303.263669,2797996856,2797998038,16417,1182
5303.275684,2798006301,2798007456,16254,1155
5303.293719,2798020381,2798021550,16240,1169
5303.305749,2798029792,2798030981,16318,1189
5303.317772,2798039229,2798040418,16353,1189
5303.328294,2798047984,2798049173,16317,1189
5303.340313,2798057521,2798058710,16335,1189
5303.352332,2798066972,2798068165,16263,1193
5303.368373,2798081167,2798082356,16229,1189
5303.397416,2798102519,2798103717,16236,1198
5303.409444,2798112345,2798113509,16310,1164
5303.433484,2798131119,2798132302,16264,1183
5303.445511,2798140569,2798141758,16316,1189
5303.457536,2798150028,2798151207,16387,1179
5303.472563,2798161893,2798163082,16309,1189
5303.496604,2798180848,2798182036,16247,1188
5303.508633,2798190371,2798191569,16230,1198
5303.559723,2798230640,2798231799,16236,1159
5303.573249,2798239423,2798240532,15902,1109
5303.585279,2798248287,2798249395,15912,1108
5303.600301,2798259356,2798260464,15902,1108
5303.612332,2798268242,2798269351,15905,1109
5303.624353,2798277091,2798278205,15972,1114
5303.636370,2798285963,2798287072,15845,1109
5303.657418,2798301458,2798302562,15907,1104
5303.669439,2798310318,2798311428,15972,1110
5303.687473,2798323612,2798324725,15973,1113
5303.699490,2798332472,2798333574,15827,1102
5303.717524,2798345758,2798346863,15842,1105
5303.729556,2798354603,2798355712,15914,1109
5303.744576,2798365692,2798366796,15848,1104
5303.756606,2798374546,2798375651,15907,1105
5303.768628,2798383402,2798384509,15973,1107
5303.780644,2798392270,2798393381,15846,1111
5303.792675,2798401119,2798402219,15914,1100
5303.804696,2798409964,2798411069,15979,1105
5303.816713,2798418827,2798419935,15846,1108
5303.831748,2798429895,2798431007,15976,1112
5303.843764,2798438755,2798439859,15842,1104
5303.855795,2798447596,2798448698,15912,1102
5303.873829,2798460868,2798461973,15907,1105
5303.885850,2798469714,2798470828,15973,1114
5303.900881,2798480784,2798481890,15911,1106
5303.912902,2798489636,2798490745,15975,1109
5303.924919,2798498494,2798499603,15842,1109
5303.936949,2798507351,2798508461,15908,1110
5303.973018,2798533920,2798535024,15915,1104
5303.985039,2798542761,2798543870,15973,1109
5304.000069,2798553818,2798554929,15908,1111
5304.012091,2798562683,2798563787,15973,1104
5304.024108,2798571634,2798572743,15843,1109
5304.036138,2798580495,2798581605,15910,1110
5304.048159,2798589371,2798590467,15981,1096
5304.060176,2798598225,2798599334,15929,1109
5304.072207,2798607075,2798608182,15996,1107
5304.105260,2798631425,2798632530,15831,1105
5304.117292,2798640279,2798641387,15911,1108
5304.135326,2798653563,2798654667,15910,1104
5304.147348,2798662420,2798663529,15972,1109
5304.171395,2798680145,2798681254,15916,1109
5304.183416,2798689000,2798690110,15892,1110
5304.195433,2798697847,2798698946,15850,1099
5304.207463,2798706709,2798707813,15911,1104
5304.219486,2798715564,2798716669,15965,1105
5304.231502,2798724422,2798725524,15857,1102
5304.243531,2798733267,2798734376,15910,1109
5304.261565,2798746546,2798747650,15909,1104
5304.273586,2798755399,2798756506,15962,1107
5304.292630,2798770895,2798771999,15851,1104
5304.324685,2798793029,2798794137,15905,1108
5304.336706,2798801890,2798803000,15875,1110
5304.348725,2798810758,2798811871,15856,1113
5304.369771,2798826270,2798827375,15867,1105
5304.381792,2798835121,2798836222,15919,1101
5304.411844,2798857273,2798858377,15855,1104
5304.423877,2798866144,2798867253,15911,1109
5304.435896,2798875019,2798876126,15928,1107
5304.447914,2798883880,2798884982,15840,1102
5304.459944,2798892746,2798893850,15824,1104
5304.471965,2798901582,2798902692,15968,1110
5304.526068,2798941452,2798942556,15800,1104
5304.538087,2798950309,2798951423,15757,1114
5304.550116,2798959177,2798960282,15909,1105
5304.562137,2798968022,2798969131,15976,1109
5304.625257,2799014513,2799015618,15975,1105
5304.637276,2799023377,2799024479,15846,1102
5304.649304,2799032228,2799033335,15865,1107
5304.661325,2799041067,2799042169,15932,1102
5304.673342,2799049919,2799051019,15803,1100
5304.685372,2799058765,2799059870,15911,1105
5304.697396,2799067601,2799068700,15888,1099
5304.709411,2799076484,2799077598,15825,1114
5304.721441,2799085333,2799086438,15910,1105
5304.733462,2799094191,2799095305,15974,1114
5304.745479,2799103051,2799104165,15843,1114
5304.757510,2799111923,2799113026,15866,1103
5304.772531,2799122995,2799124108,15845,1113
5304.811613,2799151782,2799152891,15917,1109
5304.823634,2799160640,2799161753,15989,1113
5304.835652,2799169503,2799170607,15798,1104
5304.847682,2799178772,2799179872,15911,1100
5304.877737,2799200895,2799202005,15972,1110
5304.889754,2799209755,2799210864,15846,1109
5304.901786,2799218621,2799219727,15827,1106
5304.913805,2799227490,2799228595,15977,1105
5304.925822,2799236347,2799237456,15852,1109
5304.937853,2799245192,2799246301,15913,1109
5304.952874,2799256274,2799257374,15927,1100
5304.964904,2799265129,2799266236,15913,1107
5304.991956,2799285080,2799286185,15909,1105
5305.003977,2799293947,2799295046,15930,1099
5305.015994,2799302798,2799303908,15847,1110
5305.028024,2799311644,2799312753,15914,1109
5305.040046,2799320529,2799321637,15965,1108
5305.052062,2799329382,2799330487,15865,1105
5305.064091,2799338249,2799339356,15913,1107
5305.076112,2799347125,2799348225,15963,1100
5305.088131,2799355978,2799357083,15773,1105
5305.100160,2799364816,2799365924,15907,1108
5305.112181,2799373698,2799374803,15958,1105
5305.124199,2799382545,2799383655,15861,1110
5305.136228,2799391416,2799392525,15907,1109
5305.148250,2799400278,2799401390,15972,1112
5305.160268,2799409146,2799410251,15859,1105
5305.172297,2799418011,2799419111,15910,1100
5305.184318,2799426842,2799427949,15961,1107
5305.241422,2799468846,2799469951,15860,1105
5305.253455,2799477722,2799478831,15905,1109
5305.265474,2799486581,2799487695,15976,1114
5305.277491,2799495443,2799496548,15845,1105
5305.289521,2799504298,2799505393,15910,1095
5305.301543,2799513124,2799514233,15972,1109
5305.313559,2799521973,2799523072,15843,1099
5305.352641,2799550734,2799551843,15911,1109
5305.364663,2799559582,2799560680,15976,1098
5305.385697,2799575068,2799576182,15846,1114
5305.397727,2799583940,2799585052,15904,1112
5305.409748,2799592810,2799593923,15927,1113
5305.448817,2799621589,2799622699,15848,1110
5305.460846,2799630445,2799631554,15908,1109
5305.472867,2799639316,2799640419,15959,1103
5305.484886,2799648158,2799649253,15816,1095
5305.511937,2799668044,2799669149,15856,1105
5305.523966,2799676902,2799678011,15909,1109
5305.542000,2799690178,2799691287,15903,1109
5305.554021,2799699067,2799700177,15911,1110
5305.573063,2799714640,2799715749,15908,1109
5305.593096,2799728004,2799729113,15914,1109
5305.605119,2799736899,2799738009,15910,1110
5305.617141,2799745790,2799746900,15906,1110
5305.632170,2799756860,2799757975,15903,1115
5305.656211,2799774555,2799775664,15848,1109
5305.668240,2799783438,2799784540,15902,1102
5305.680264,2799792304,2799793411,15988,1107
5305.692278,2799801156,2799802259,15819,1103
5305.704309,2799810012,2799811117,15908,1105
5305.716333,2799818859,2799819966,15902,1107
5305.785463,2799869771,2799870876,15906,1105
5305.797487,2799878606,2799879710,15986,1104
5305.824539,2799898523,2799899632,15988,1109
5305.836554,2799907370,2799908475,15828,1105
5305.860608,2799925057,2799926166,15993,1109
5305.872623,2799933929,2799935024,15787,1095
5305.887659,2799944981,2799946090,15947,1109
5305.899674,2799953853,2799954967,15829,1114
5305.911703,2799962716,2799963830,15905,1114
5305.944760,2799987091,2799988195,15832,1104
5305.956789,2799995945,2799997054,15912,1109
5305.989845,2800020297,2800021406,15821,1109
5306.001874,2800029139,2800030241,15905,1102
5306.064994,2800075617,2800076725,15909,1108
5306.077019,2800084495,2800085597,15995,1102
5306.092046,2800095555,2800096657,15989,1102
5306.104070,2800104390,2800105495,15994,1105
5306.116086,2800113251,2800114360,15748,1109
5306.128115,2800122112,2800123214,15841,1102
5306.140139,2800130959,2800132061,15918,1102
5306.152155,2800139814,2800140919,15826,1105
5306.185225,2800164178,2800165282,15987,1104
5306.197240,2800173040,2800174152,15837,1112
5306.257362,2800217301,2800218406,15988,1105
5306.269377,2800226171,2800227285,15809,1114
5306.284412,2800237267,2800238371,15977,1104
5306.296429,2800246116,2800247218,15828,1102
5306.347532,2800283729,2800284833,15980,1104
5306.359548,2800293003,2800294108,15737,1105
5306.371576,2800301872,2800302981,15907,1109
5306.383601,2800310712,2800311817,15983,1105
5306.395617,2800319551,2800320654,15845,1103
5306.407645,2800328410,2800329519,15821,1109
5306.419670,2800337273,2800338378,15891,1105
5306.431686,2800346138,2800347248,15846,1110
5306.443713,2800354989,2800356098,15908,1109
5306.476771,2800379356,2800380460,15841,1104
5306.488803,2800388217,2800389326,15906,1109
5306.500825,2800397055,2800398164,15989,1109
5306.512840,2800405912,2800407008,15828,1096
5306.524869,2800414766,2800415874,15905,1108
5306.536893,2800423631,2800424745,16003,1114
5306.569955,2800447978,2800449082,15910,1104
5306.581979,2800456826,2800457935,15994,1109
5306.621046,2800485624,2800486729,15827,1105
5306.633075,2800494489,2800495594,15822,1105
5306.666132,2800518842,2800519960,15831,1118
5306.678160,2800527705,2800528810,15910,1105
5306.690185,2800536547,2800537652,15989,1105
5306.702202,2800545423,2800546527,15843,1104
5306.726252,2800563120,2800564229,15980,1109
5306.753304,2800583044,2800584149,15977,1105
5306.768331,2800594109,2800595213,15907,1104
5306.780355,2800602945,2800604052,15981,1107
5306.804399,2800620658,2800621763,15910,1105
5306.816424,2800629497,2800630601,15975,1104
5306.828440,2800638367,2800639472,15836,1105
5306.840468,2800647210,2800648323,15907,1113
5306.855492,2800658281,2800659381,15759,1100
5306.867519,2800667147,2800668261,15913,1114
5306.879544,2800676018,2800677124,15977,1106
5306.903588,2800693720,2800694820,15911,1100
5306.915613,2800702549,2800703656,15976,1107
5306.927629,2800711408,2800712517,15841,1109
5306.939657,2800720274,2800721383,15914,1109
5306.951681,2800729141,2800730250,15978,1109
5306.963698,2800737988,2800739095,15923,1107
5306.975725,2800746853,2800747958,15992,1105
5306.987749,2800755694,2800756799,15981,1105
5306.999766,2800764537,2800765641,15843,1104
5307.011794,2800773393,2800774497,15909,1104
5307.023818,2800782235,2800783344,15975,1109
5307.035835,2800791098,2800792198,15849,1100
5307.047862,2800799954,2800801059,15911,1105
5307.059886,2800808812,2800809926,15975,1114
5307.071903,2800817667,2800818772,15844,1105
5307.083931,2800826507,2800827616,15907,1109
5307.095955,2800835371,2800836471,15981,1100
5307.107972,2800844211,2800845316,15841,1105
5307.126006,2800857508,2800858615,15823,1107
5307.138035,2800866376,2800867481,15907,1105
5307.150060,2800875238,2800876352,15989,1114
5307.162077,2800884092,2800885190,15825,1098
5307.174104,2800892945,2800894050,15988,1105
5307.210172,2800919478,2800920587,15910,1109
5307.222197,2800928345,2800929451,15998,1106
5307.246241,2800946060,2800947171,15991,1111
5307.258265,2800954924,2800956034,16074,1110
5307.270285,2800963833,2800964936,15934,1103
5307.312364,2800994673,2800995780,15951,1107
5307.327394,2801005697,2801006800,15681,1103
5307.339416,2801014525,2801015634,15952,1109
5307.351436,2801023350,2801024457,15968,1107
5307.363458,2801032155,2801033260,15907,1105
5307.375485,2801040980,2801042089,15957,1109
5307.387507,2801049833,2801050941,15935,1108
5307.417558,2801071861,2801072963,15629,1102
5307.429590,2801080679,2801081786,15995,1107
5307.468660,2801109313,2801110426,15969,1113
5307.480680,2801118176,2801119282,15841,1106
5307.495711,2801129177,2801130275,15966,1098
5307.507729,2801137962,2801139064,15627,1102
5307.519759,2801146769,2801147877,15860,1108
5307.531782,2801155589,2801156699,15949,1110
5307.549813,2801168837,2801169950,15921,1113
5307.561832,2801177623,2801178718,15585,1095
5307.576865,2801188701,2801189810,15844,1109
5307.588884,2801197528,2801198630,15598,1102
5307.603916,2801208558,2801209667,15963,1109
5307.677063,2801263620,2801264726,15828,1106
5307.721139,2801294469,2801295573,15971,1104
5307.733158,2801303239,2801304336,15627,1097
5307.745192,2801312107,2801313214,15964,1107
5307.781260,2801338554,2801339659,15965,1105
5307.793277,2801347370,2801348470,15970,1100
5307.805295,2801356194,2801357295,15671,1101
5307.817324,2801364984,2801366084,15903,1100
5307.859398,2801395794,2801396895,15626,1101
5307.869427,2801403700,2801404807,15929,1107
5307.887957,2801416965,2801418078,15965,1113
5307.899975,2801425810,2801426916,15595,1106
5307.912005,2801434644,2801435745,16034,1101
5307.924025,2801443445,2801444549,15852,1104
5307.936044,2801452248,2801453344,15595,1096
5307.948073,2801461065,2801462174,15953,1109
5307.960095,2801469922,2801471031,15940,1109
5307.972120,2801478728,2801479834,15708,1106
5307.984142,2801487541,2801488646,15952,1105
5307.996162,2801496368,2801497471,16049,1103
5308.014197,2801509596,2801510701,16045,1105
5308.107370,2801577869,2801578966,15700,1097
5308.119403,2801586691,2801587790,16047,1099
5308.131418,2801595523,2801596635,15881,1112
5308.143438,2801604320,2801605422,15625,1102
5308.209571,2801652804,2801653903,15953,1099
5308.221591,2801661611,2801662720,15850,1109
5308.233610,2801670432,2801671535,15514,1103
5308.245639,2801679250,2801680359,15948,1109
5308.257659,2801688072,2801689177,15960,1105
5308.269686,2801696855,2801697956,15709,1101
5308.317776,2801732059,2801733163,15945,1104
5308.329798,2801740902,2801742011,15931,1109
5308.344828,2801751895,2801752988,15946,1093
5308.365865,2801767305,2801768405,15965,1100
5308.377884,2801776086,2801777186,15626,1100
5308.416965,2801804740,2801805848,15943,1108
5308.428987,2801813593,2801814705,15935,1112
5308.517158,2801879681,2801880786,15921,1105
5308.552223,2801903886,2801904989,16038,1103
5308.564242,2801912711,2801913818,15967,1107
5308.576261,2801921492,2801922595,15623,1103
5308.588291,2801930316,2801931425,15956,1109
5308.600311,2801939138,2801940244,15964,1106
5308.612330,2801947940,2801949051,15705,1111
5308.628377,2801961212,2801962319,15591,1107
5308.693484,2802007462,2802008558,15700,1096
5308.705513,2802016271,2802017380,16028,1109
5308.732565,2802036141,2802037255,15949,1114
5308.744585,2802044981,2802046073,16041,1092
5308.756604,2802053755,2802054847,15625,1092
5308.768637,2802062550,2802063652,15991,1102
5308.832755,2802111034,2802112137,15967,1103
5308.897877,2802157320,2802158430,16045,1110
5308.909896,2802166135,2802167242,15624,1107
5308.921931,2802174992,2802176069,15809,1077
5308.936947,2802185973,2802187074,15702,1101
5308.948977,2802194772,2802195883,16031,1111
5308.964007,2802205776,2802206882,15787,1106
5308.982036,2802219026,2802220126,15824,1100
5308.994063,2802227850,2802228953,15863,1103
5309.033134,2802256526,2802257629,15965,1103
5309.045153,2802265301,2802266406,15629,1105
5309.066202,2802280727,2802281836,15990,1109
5309.078220,2802289541,2802290648,15964,1107
5309.129324,2802326999,2802328109,15970,1110
5309.144341,2802338005,2802339114,15701,1109
5309.156371,2802346856,2802347958,15953,1102
5309.168394,2802355662,2802356776,15947,1114
5309.180410,2802364478,2802365581,15629,1103
5309.252548,2802417349,2802418447,15629,1098
5309.264580,2802426173,2802427278,15992,1105
5309.288616,2802443766,2802444869,15625,1103
5309.300645,2802452591,2802453700,15958,1109
5309.351736,2802490010,2802491113,15626,1103
5309.363769,2802498815,2802499918,16083,1103
5309.375786,2802507622,2802508726,15965,1104
5309.389313,2802518172,2802519277,15932,1105
5309.404347,2802529193,2802530303,15964,1110
5309.464454,2802573302,2802574407,15910,1105
5309.479484,2802584364,2802585469,16014,1105
5309.512552,2802608554,2802609663,16003,1109
5309.524568,2802617367,2802618470,15925,1103
5309.536588,2802626164,2802627264,15546,1100
5309.564650,2802648232,2802649341,15960,1109
5309.581674,2802659232,2802660332,15589,1100
5309.593703,2802668061,2802669154,15953,1093
5309.641792,2802703341,2802704450,15965,1109
5309.653811,2802712111,2802713219,15630,1108
5309.668845,2802723197,2802724301,15936,1104
5309.683876,2802734215,2802735293,15801,1078
5309.768033,2802795857,2802796965,15937,1108
5309.780051,2802804662,2802805766,15665,1104
5309.792082,2802813495,2802814595,15885,1100
5309.804100,2802822314,2802823409,15966,1095
5309.816120,2802831089,2802832187,15630,1098
5309.828149,2802839904,2802841009,15953,1105
5309.840169,2802848719,2802849823,15962,1104
5309.852188,2802857497,2802858602,15631,1105
5309.864222,2802866364,2802867473,15965,1109
5309.876238,2802875167,2802876260,15969,1093
5309.888256,2802883943,2802885045,15630,1102
5309.900286,2802892752,2802893857,15950,1105
5309.993460,2802960986,2802962083,16047,1097
5310.016005,2802977746,2802978851,15886,1105
5310.028022,2802986535,2802987636,15627,1101
5310.040051,2802995336,2802996436,15959,1100
5310.052072,2803004145,2803005254,15968,1109
5310.064091,2803012922,2803014029,15628,1107
5310.076120,2803021746,2803022844,16027,1098
5310.088141,2803030588,2803031693,16045,1105
5310.100160,2803039369,2803040475,15704,1106
5310.112195,2803048210,2803049320,15968,1110
5310.124205,2803057031,2803058139,15887,1108
5310.142246,2803070281,2803071381,15944,1100
5310.154270,2803079076,2803080184,15706,1108
5310.199348,2803112106,2803113217,15629,1111
5310.211381,2803120977,2803122090,16002,1113
5310.223398,2803129808,2803130916,15965,1108
5310.241432,2803143000,2803144100,15969,1100
5310.253459,2803151775,2803152885,15710,1110
5310.280502,2803171569,2803172670,15701,1101
5310.292534,2803180384,2803181457,15809,1073
5310.316571,2803197991,2803199097,15593,1106
5310.328600,2803206798,2803207903,15957,1105
5310.343622,2803217785,2803218890,15627,1105
5310.403741,2803261861,2803262963,15841,1102
5310.415760,2803270697,2803271803,15595,1106
5310.427789,2803279519,2803280623,15948,1104
5310.439809,2803288336,2803289440,15963,1104
5310.451836,2803297127,2803298233,15712,1106
5310.463857,2803305942,2803307047,15905,1105
5310.475879,2803314791,2803315885,15935,1094
5310.487897,2803323561,2803324663,15632,1102
5310.499928,2803332393,2803333472,15804,1079
5310.511948,2803341199,2803342304,15889,1105
5310.529981,2803354401,2803355513,15959,1112
5310.542000,2803363205,2803364301,15587,1096
5310.608136,2803411676,2803412781,15964,1105
5310.620152,2803420486,2803421595,15956,1109
5310.632171,2803429256,2803430357,15626,1101
5310.644200,2803438053,2803439162,15859,1109
5310.656222,2803446900,2803448014,15922,1114
5310.668243,2803455797,2803456910,15830,1113
5310.680269,2803464641,2803465751,15947,1110
5310.692289,2803473486,2803474593,16051,1107
5310.704311,2803482337,2803483447,15910,1110
5310.716338,2803491200,2803492310,15945,1110
5310.740377,2803508849,2803509950,15628,1101
5310.752409,2803517660,2803518769,16000,1109
5310.791478,2803546277,2803547382,16042,1105
5310.803500,2803555085,2803556184,15905,1099
5310.815528,2803563912,2803565016,16046,1104
5310.827547,2803572726,2803573831,15967,1105
5310.839565,2803581507,2803582603,15625,1096
5310.851598,2803590325,2803591434,16037,1109
5310.863615,2803599131,2803600231,15966,1100
5310.884651,2803614533,2803615639,15704,1106
5310.896683,2803623760,2803624869,15955,1109
5310.917718,2803639200,2803640309,15966,1109
5310.929737,2803647986,2803649087,15629,1101
5310.948784,2803663481,2803664595,15963,1114
5311.016907,2803711949,2803713059,15967,1110
5311.028926,2803720756,2803721859,15626,1103
5311.052979,2803738359,2803739467,16034,1108
5311.064995,2803747190,2803748296,15630,1106
5311.080027,2803758217,2803759325,15963,1108
5311.092046,2803766998,2803768092,15629,1094
5311.104079,2803775842,2803776946,15971,1104
5311.122109,2803789049,2803790154,16029,1105
5311.134130,2803797869,2803798983,16045,1114
5311.158178,2803815483,2803816583,15953,1100
5311.170198,2803824286,2803825391,16044,1105
5311.182217,2803833091,2803834197,15620,1106
5311.224301,2803863942,2803865047,15962,1105
5311.236320,2803872739,2803873840,15629,1101
5311.264383,2803894721,2803895826,16032,1105
5311.281406,2803905724,2803906824,15701,1100
5311.305457,2803923374,2803924479,15931,1105
5311.317474,2803932169,2803933275,15628,1106
5311.329508,2803941022,2803942127,15968,1105
5311.341524,2803949817,2803950925,16041,1108
5311.368576,2803969620,2803970725,15971,1105
5311.380595,2803978400,2803979502,15704,1102
5311.428692,2804013694,2804014804,15948,1110
5311.440715,2804022520,2804023619,15962,1099
5311.476782,2804048899,2804050008,15967,1109
5311.488800,2804057722,2804058828,15593,1106
5311.527881,2804086359,2804087468,15947,1109
5311.539901,2804095181,2804096290,15962,1109
5311.551920,2804103958,2804105064,15625,1106
5311.576984,2804123832,2804124935,15593,1103
5311.654121,2804178863,2804179973,15946,1110
5311.666142,2804187688,2804188790,16045,1102
5311.681172,2804198684,2804199784,15949,1100
5311.693193,2804207505,2804208613,15933,1108
5311.783364,2804273533,2804274638,16043,1105
5311.795386,2804282363,2804283468,15829,1105
5311.807412,2804291156,2804292265,15951,1109
5311.819433,2804299995,2804301095,15972,1100
5311.831452,2804308819,2804309921,15559,1102
5311.843485,2804317631,2804318740,15953,1109
5311.855503,2804326472,2804327574,15935,1102
5311.873536,2804339695,2804340799,15958,1104
5311.885555,2804348485,2804349591,15627,1106
5311.897588,2804357327,2804358427,15958,1100
5311.909606,2804366134,2804367239,15960,1105
5312.005790,2804436632,2804437736,16026,1104
5312.017811,2804445471,2804446585,15940,1114
5312.065898,2804480661,2804481763,15705,1102
5312.077928,2804489498,2804490598,15951,1100
5312.107982,2804511516,2804512614,15967,1098
5312.120001,2804520359,2804521465,15553,1106
5312.132030,2804529179,2804530278,15947,1099
5312.144050,2804537986,2804539093,15896,1107
5312.168103,2804555615,2804556720,15920,1105
5312.180119,2804564430,2804565534,15963,1104
5312.192141,2804573223,2804574335,15738,1112
5312.204167,2804582025,2804583140,15950,1115
5312.216188,2804590856,2804591961,15964,1105
5312.228210,2804599644,2804600751,15641,1107
5312.240239,2804608457,2804609557,15990,1100
5312.252258,2804617282,2804618385,15940,1103
5312.264278,2804626093,2804627202,15825,1109
5312.284332,2804635380,2804635999,12063,619
5312.301858,2804642216,2804643358,15852,1142
5312.313872,2804651420,2804652579,16265,1159
5312.325900,2804660738,2804661901,16317,1163
5312.337923,2804670091,2804671255,16318,1164
5312.349941,2804679506,2804680694,16248,1188
5312.364976,2804691256,2804692420,16385,1164
5312.380003,2804703079,2804704261,16308,1182
5312.392026,2804712525,2804713682,16373,1157
5312.404044,2804722789,2804723975,16250,1186
5312.425090,2804739375,2804740561,16230,1186
5312.437113,2804748803,2804749991,16323,1188
5312.467164,2804772401,2804773586,16260,1185
5312.482198,2804784197,2804785386,16288,1189
5312.494216,2804793599,2804794783,16165,1184
5312.506244,2804803085,2804804274,16268,1189
5312.533295,2804824325,2804825509,16310,1184
5312.545319,2804833757,2804834951,16338,1194
5312.560347,2804845516,2804846705,16308,1189
5312.572372,2804854959,2804856148,16290,1189
5312.596416,2804873929,2804875118,16306,1189
5312.608439,2804883413,2804884600,16385,1187
5312.659537,2804923672,2804924837,16327,1165
5312.671559,2804933086,2804934249,16384,1163
5312.689593,2804947210,2804948393,16380,1183
5312.701610,2804956662,2804957851,16250,1189
5312.713637,2804966098,2804967267,16314,1169
5312.725662,2804975510,2804976672,16390,1162
5312.776759,2805015668,2805016837,16314,1169
5312.788782,2805023174,2805024279,15964,1105
5312.815832,2805043099,2805044208,15965,1109
5312.827849,2805051958,2805053062,15856,1104
5312.839877,2805060807,2805061907,15819,1100
5312.851902,2805069660,2805070764,16056,1104
5312.863918,2805078510,2805079610,15921,1100
5312.875946,2805087360,2805088470,15912,1110
5312.887969,2805096240,2805097345,16044,1105
5312.899987,2805105095,2805106205,15860,1110
5312.912019,2805113973,2805115086,15901,1113
5312.924039,2805122827,2805123934,15975,1107
5312.936055,2805131691,2805132805,15830,1114
5312.948084,2805140552,2805141661,15909,1109
5312.960109,2805149400,2805150505,15904,1105
5312.972124,2805158251,2805159350,15834,1099
5312.984155,2805167102,2805168211,15912,1109
5312.996176,2805175941,2805177051,15974,1110
5313.008193,2805184804,2805185908,15804,1104
5313.020222,2805193678,2805194787,15903,1109
5313.032246,2805202521,2805203627,15914,1106
5313.044261,2805211362,2805212471,15831,1109
5313.056290,2805220211,2805221316,15910,1105
5313.068314,2805229051,2805230160,15987,1109
5313.080337,2805237918,2805239027,15905,1109
5313.092360,2805246780,2805247889,15913,1109
5313.104382,2805255645,2805256750,15975,1105
5313.116400,2805264521,2805265621,15835,1100
5313.128429,2805273378,2805274483,15906,1105
5313.140452,2805282229,2805283331,15946,1102
5313.152467,2805291081,2805292183,15829,1102
5313.176520,2805308803,2805309907,15989,1104
5313.188536,2805317650,2805318759,15851,1109
5313.212588,2805335396,2805336506,15974,1110
5313.224604,2805344266,2805345375,15844,1109
5313.236633,2805353128,2805354233,15903,1105
5313.248658,2805362002,2805363111,15992,1109
5313.260673,2805370868,2805371972,15834,1104
5313.284725,2805388579,2805389683,16062,1104
5313.296741,2805397432,2805398536,15850,1104
5313.317789,2805412923,2805414037,15864,1114
5313.352353,2805438382,2805439491,15972,1109
5313.364370,2805447238,2805448348,15758,1110
5313.388423,2805464958,2805466067,15946,1109
5313.400439,2805473795,2805474895,15828,1100
5313.415474,2805484844,2805485947,15900,1103
5313.427499,2805493708,2805494816,15902,1108
5313.439520,2805502571,2805503680,15906,1109
5313.451542,2805511432,2805512536,15895,1104
5313.463559,2805520255,2805521365,15847,1110
5313.475589,2805529123,2805530229,15907,1106
5313.487612,2805537983,2805539092,15992,1109
5313.499627,2805546843,2805547949,15828,1106
5313.511656,2805555705,2805556810,15818,1105
5313.523680,2805564539,2805565636,15986,1097
5313.535698,2805573401,2805574510,15861,1109
5313.547725,2805582277,2805583377,15915,1100
5313.559747,2805591114,2805592224,15966,1110
5313.571764,2805599992,2805601101,15943,1109
5313.584795,2805611067,2805612172,15973,1105
5313.601826,2805622127,2805623241,15988,1114
5313.619860,2805635427,2805636532,15987,1105
5313.631884,2805644265,2805645374,16043,1109
5313.643901,2805653121,2805654230,15859,1109
5313.655931,2805661963,2805663068,15914,1105
5313.667953,2805670820,2805671929,15964,1109
5313.679970,2805679683,2805680797,15838,1114
5313.691998,2805688542,2805689652,15909,1110
5313.704022,2805697390,2805698494,15887,1104
5313.722056,2805710674,2805711783,15970,1109
5313.734075,2805719537,2805720646,15852,1109
5313.770142,2805746099,2805747208,15840,1109
5313.782170,2805754947,2805756058,15902,1111
5313.845292,2805801445,2805802554,15905,1109
5313.857314,2805810318,2805811421,15975,1103
5313.893383,2805836901,2805838005,15986,1104
5313.905399,2805845752,2805846862,15828,1110
5313.917430,2805855004,2805856109,15906,1105
5313.929451,2805864095,2805865204,15951,1109
5313.944481,2805875193,2805876303,15865,1110
5313.956504,2805884050,2805885157,15973,1107
5313.968519,2805892905,2805894016,15842,1111
5313.980548,2805901768,2805902872,15864,1104
5313.995570,2805912837,2805913945,15832,1108
5314.007600,2805921679,2805922783,15867,1104
5314.019624,2805930543,2805931648,15948,1105
5314.031639,2805939422,2805940536,15845,1114
5314.049674,2805952701,2805953810,15848,1109
5314.061704,2805961574,2805962683,15863,1109
5314.097771,2805988178,2805989282,15908,1104
5314.109795,2805997027,2805998131,15944,1104
5314.133841,2806014725,2806015834,15913,1109
5314.145862,2806023598,2806024711,15972,1113
5314.164906,2806039075,2806040180,15818,1105
5314.181933,2806050140,2806051253,15986,1113
5314.193948,2806058991,2806060096,15828,1105
5314.208984,2806070069,2806071174,15986,1105
5314.221006,2806078927,2806080041,15904,1114
5314.245051,2806096642,2806097747,15975,1105
5314.257068,2806105482,2806106583,15844,1101
5314.272104,2806116540,2806117645,15909,1105
5314.284119,2806125393,2806126498,15829,1105
5314.296148,2806134248,2806135357,15907,1109
5314.308172,2806143092,2806144207,15988,1115
5314.320195,2806151953,2806153062,15909,1109
5314.332218,2806160812,2806161916,15909,1104
5314.344240,2806169684,2806170793,16041,1109
5314.356256,2806178556,2806179663,15861,1107
5314.368285,2806187419,2806188519,15907,1100
5314.380308,2806196261,2806197375,15979,1114
5314.392325,2806205119,2806206228,15842,1109
5314.455445,2806251569,2806252673,15860,1104
5314.467474,2806260445,2806261561,15909,1116
5314.479497,2806269311,2806270414,15975,1103
5314.491514,2806278174,2806279281,15755,1107
5314.503541,2806287054,2806288163,15904,1109
5314.515565,2806295906,2806297018,15977,1112
5314.527582,2806304780,2806305894,15859,1114
5314.539611,2806313625,2806314736,15828,1111
5314.557647,2806326927,2806328033,15903,1106
5314.569669,2806335785,2806336894,15909,1109
5314.584697,2806346840,2806347944,15907,1104
5314.596721,2806355687,2806356787,15992,1100
5314.701919,2806433178,2806434287,15901,1109
5314.713944,2806442014,2806443119,15989,1105
5314.725959,2806450869,2806451978,15841,1109
5314.737990,2806459725,2806460825,15905,1100
5314.750011,2806468583,2806469688,15977,1105
5314.762028,2806477455,2806478560,15842,1105
5314.805122,2806510655,2806511769,15826,1114
5314.888268,2806570407,2806571510,15827,1103
5314.900297,2806579247,2806580358,15862,1111
5314.921337,2806594737,2806595846,15978,1109
5314.933354,2806603607,2806604712,15843,1105
5314.957406,2806621325,2806622430,15974,1105
5314.969422,2806630197,2806631311,15825,1114
5314.987456,2806643481,2806644586,15827,1105
5314.999486,2806652323,2806653429,15864,1106
5315.011510,2806661188,2806662298,15986,1110
5315.023525,2806670025,2806671133,15842,1108
5315.035556,2806678876,2806679985,15911,1109
5315.047577,2806687724,2806688835,15978,1111
5315.065613,2806701006,2806702115,15915,1109
5315.077628,2806709845,2806710954,15825,1109
5315.113704,2806736373,2806737473,15901,1100
5315.125727,2806745238,2806746343,15904,1105
5315.149765,2806762955,2806764057,15848,1102
5315.161796,2806771827,2806772936,15907,1109
5315.176817,2806782928,2806784028,15845,1100
5315.209886,2806807267,2806808376,15975,1109
5315.221903,2806816141,2806817237,15864,1096
5315.257971,2806842675,2806843782,15859,1107
5315.269998,2806851541,2806852646,15905,1105
5315.330108,2806895819,2806896924,15853,1105
5315.342137,2806904675,2806905779,15864,1104
5315.369187,2806924583,2806925692,15901,1109
5315.381212,2806933452,2806934557,15975,1105
5315.402246,2806948946,2806950056,15842,1110
5315.414275,2806957792,2806958901,15914,1109
5315.424330,2806967030,2806968136,15920,1106
5315.441328,2806978133,2806979240,15912,1107
5315.453348,2806987006,2806988115,15873,1109
5315.489418,2807013576,2807014684,15978,1108
5315.501434,2807022444,2807023549,15840,1105
5315.528486,2807042344,2807043447,15860,1103
5315.540514,2807051167,2807052272,15906,1105
5315.576582,2807077727,2807078835,15905,1108
5315.588606,2807086624,2807087724,15890,1100
5315.600623,2807095465,2807096575,15844,1110
5315.648720,2807130867,2807131970,15911,1103
5315.660743,2807139720,2807140830,15908,1110
5315.672760,2807148611,2807149723,15842,1112
5315.717845,2807181936,2807183050,15857,1114
5315.729874,2807190833,2807191944,15904,1111
5315.748910,2807206369,2807207476,15955,1107
5315.783976,2807230711,2807231819,15901,1108
5315.796001,2807239591,2807240700,15933,1109
5315.808023,2807248453,2807249557,15903,1104
5315.820046,2807257316,2807258420,15913,1104
5315.832068,2807266186,2807267288,15958,1102
5315.868138,2807292751,2807293855,16051,1104
5315.880154,2807301609,2807302718,15847,1109
5315.892182,2807310463,2807311572,15904,1109
5315.913222,2807325952,2807327057,15960,1105
5315.925240,2807334807,2807335911,15771,1104
5315.937269,2807343661,2807344765,15909,1104
5315.949290,2807352513,2807353618,15958,1105
5315.961309,2807361373,2807362478,15838,1105
5315.976344,2807372438,2807373547,15974,1109
5315.988360,2807381313,2807382423,15841,1110
5316.000389,2807390185,2807391289,15821,1104
5316.012412,2807399028,2807400136,15979,1108
5316.069515,2807441113,2807442212,15833,1099
5316.081544,2807449959,2807451059,15865,1100
5316.129635,2807485406,2807486511,15974,1105
5316.141652,2807494255,2807495359,15849,1104
5316.156688,2807505315,2807506429,15996,1114
5316.168703,2807514170,2807515273,15909,1103
5316.189749,2807529645,2807530751,15906,1106
5316.201775,2807538509,2807539613,16071,1104
5316.213789,2807547391,2807548496,15928,1105
5316.240841,2807567325,2807568434,15849,1109
5316.252870,2807576177,2807577286,15908,1109
5316.276909,2807593879,2807594986,15825,1107
5316.288938,2807602739,2807603847,15906,1108
5316.303968,2807613820,2807614923,15909,1103
5316.377113,2807669189,2807670294,15905,1105
5316.400151,2807684670,2807685772,15942,1102
5316.412166,2807693539,2807694643,15857,1104
5316.424195,2807702378,2807703487,15907,1109
5316.436216,2807711243,2807712347,15891,1104
5316.448232,2807720032,2807721132,15640,1100
5316.460264,2807728876,2807729985,15949,1109
5316.472281,2807737682,2807738791,15960,1109
5316.484300,2807746492,2807747595,15560,1103
5316.496328,2807755300,2807756400,15937,1100
5316.512366,2807768513,2807769613,15948,1100
5316.533900,2807791766,2807792894,15818,1128
5316.545930,2807803769,2807804901,15955,1132
5316.557949,2807815685,2807816795,15955,1110
5316.569973,2807827939,2807829052,15876,1113
5316.582000,2807840311,2807841436,15961,1125
5316.594016,2807852529,2807853656,15930,1127
5316.606037,2807863969,2807865092,15838,1123
5316.618067,2807875596,2807876712,16054,1116
5316.630085,2807887136,2807888251,16027,1115
5316.642105,2807898698,2807899827,15914,1129
5316.654135,2807910193,2807911310,15974,1117
5316.666154,2807921583,2807922702,15954,1119
5316.678176,2807933645,2807934770,15839,1125
5316.690205,2807946270,2807947402,15970,1132
5316.702221,2807958392,2807959520,15926,1128
5316.714243,2807969990,2807971112,15904,1122
