time,start,end,count,diff
28803.742032,2339705392,2339706610,16368,1218
28803.754048,2339720084,2339721269,16347,1185
28803.766069,2339734715,2339735926,16229,1211
28803.778098,2339749342,2339750557,16373,1215
28803.790117,2339763993,2339765176,16351,1183
28803.802137,2339778492,2339779713,16232,1221
28803.814168,2339792987,2339794203,16376,1216
28803.826186,2339806691,2339807885,16249,1194
28803.838206,2339819355,2339820535,16224,1180
28803.850239,2339832151,2339833340,16414,1189
28803.860331,2339842898,2339844077,16234,1179
28803.878785,2339851110,2339851717,11957,607
28803.888339,2339857864,2339859002,16361,1138
28803.902840,2339869260,2339870348,16090,1088
28803.914851,2339880362,2339881463,15821,1101
28803.926882,2339891313,2339892409,15906,1096
28803.938905,2339902278,2339903382,15964,1104
28803.950923,2339913425,2339914535,15853,1110
28803.962949,2339924413,2339925519,15899,1106
28803.974971,2339935125,2339936226,15912,1101
28803.986988,2339946228,2339947329,15838,1101
28803.999020,2339957340,2339958435,15906,1095
28804.011042,2339967917,2339969013,15943,1096
28804.023062,2339979202,2339980298,15906,1096
28804.035087,2339990153,2339991253,15882,1100
28804.047110,2340000874,2340001970,15963,1096
28804.059125,2340011158,2340012264,15827,1106
28804.071155,2340021804,2340022909,15907,1105
28804.083177,2340032677,2340033783,15970,1106
28804.095194,2340043430,2340044526,15839,1096
28804.107225,2340054439,2340055522,15903,1083
28804.119246,2340065203,2340066304,15972,1101
28804.131262,2340076189,2340077287,15827,1098
28804.143291,2340086649,2340087756,15898,1107
28804.155316,2340097499,2340098598,15977,1099
28804.167331,2340108347,2340109448,15828,1101
28804.179361,2340119698,2340120803,15896,1105
28804.189876,2340129767,2340130872,15785,1105
28804.201904,2340141751,2340142870,15900,1119
28804.230452,2340166753,2340167847,15826,1094
28804.242480,2340177838,2340178939,15902,1101
28804.254506,2340189211,2340190307,15993,1096
28804.274042,2340207320,2340208433,15907,1113
28804.286066,2340218838,2340219948,15989,1110
28804.298081,2340229986,2340231086,15824,1100
28804.310110,2340241020,2340242120,15907,1100
28804.326644,2340257088,2340258188,15988,1100
28804.338658,2340268477,2340269581,15828,1104
28804.350686,2340279874,2340280983,15899,1109
28804.362711,2340292193,2340293304,15963,1111
28804.382249,2340312039,2340313144,15912,1105
28804.394271,2340320018,2340321113,15697,1095
28804.406288,2340331680,2340332779,15835,1099
28804.418317,2340343855,2340344958,15902,1103
28804.428335,2340355416,2340356525,15949,1109
28804.442355,2340367433,2340368547,15843,1114
28804.458893,2340384362,2340385476,15920,1114
28804.470914,2340395179,2340396275,15915,1096
28804.482931,2340406919,2340408027,15853,1108
28804.492335,2340416850,2340417955,15919,1105
28804.511492,2340435518,2340436630,15962,1112
28804.522012,2340445902,2340447014,15906,1112
28804.534038,2340458352,2340459457,15976,1105
28804.544338,2340470058,2340471167,15803,1109
28804.562591,2340487485,2340488592,15898,1107
28804.574614,2340499381,2340500490,15981,1109
28804.584643,2340509595,2340510691,15823,1096
28804.600154,2340520552,2340521658,15857,1106
28804.621199,2340535903,2340536997,15911,1094
28804.636222,2340546826,2340547925,15838,1099
28804.648250,2340555578,2340556676,15900,1098
28804.660274,2340564376,2340565474,15841,1098
28804.672300,2340573171,2340574270,15909,1099
28804.684321,2340581974,2340583078,15822,1104
28804.696345,2340590780,2340591879,15909,1099
28804.708367,2340599572,2340600670,15868,1098
28804.720390,2340608329,2340609422,15905,1093
28804.732414,2340617044,2340618114,15997,1070
28804.747441,2340627908,2340629001,15897,1093
28804.759463,2340636644,2340637737,15973,1093
28804.771479,2340645398,2340646483,15822,1085
28804.783508,2340654102,2340655190,15907,1088
28804.795533,2340662834,2340663927,15993,1093
28804.807550,2340671479,2340672572,15826,1093
28804.819579,2340680189,2340681276,15909,1087
28804.843619,2340697616,2340698709,15870,1093
28804.855647,2340706358,2340707426,15908,1068
28804.867670,2340715054,2340716142,15918,1088
28804.903737,2340741241,2340742334,15977,1093
28804.915760,2340749949,2340751037,15904,1088
28804.927783,2340758661,2340759726,15909,1065
28804.939805,2340767330,2340768416,15936,1086
28804.951822,2340776017,2340777110,15862,1093
28804.963851,2340784748,2340785836,15906,1088
28804.975874,2340793482,2340794575,16057,1093
28804.987891,2340802172,2340803260,15737,1088
28804.999918,2340810854,2340811942,15903,1088
28805.011943,2340819565,2340820663,15982,1098
28805.023959,2340828272,2340829369,15771,1097
28805.035989,2340836977,2340838065,15906,1088
28805.048010,2340845721,2340846809,15849,1088
28805.060028,2340854453,2340855546,15855,1093
28805.072056,2340863132,2340864220,15907,1088
28805.088591,2340875511,2340876609,15987,1098
28805.100605,2340884263,2340885356,15827,1093
28805.112634,2340892964,2340894034,15905,1070
28805.124657,2340901670,2340902759,15967,1089
28805.136674,2340910373,2340911471,15844,1098
28805.148704,2340919021,2340920114,15915,1093
28805.163731,2340929910,2340930998,15914,1088
28805.175754,2340938621,2340939714,15996,1093
28805.193788,2340951641,2340952725,15989,1084
28805.205813,2340960366,2340961452,15995,1086
28805.223846,2340973469,2340974566,15975,1097
28805.235863,2340982215,2340983284,15932,1069
28805.247893,2340990930,2340992022,15906,1092
28805.265926,2341003971,2341005064,15911,1093
28805.277950,2341012673,2341013761,15904,1088
28805.292977,2341023680,2341024769,15906,1089
28805.305002,2341032349,2341033441,15990,1092
28805.320030,2341043221,2341044309,15906,1088
28805.332052,2341051959,2341053028,15945,1069
28805.350086,2341064980,2341066068,15941,1088
28805.362108,2341073627,2341074715,15906,1088
28805.377139,2341084477,2341085569,15987,1092
28805.392166,2341095363,2341096451,15908,1088
28805.404191,2341104086,2341105178,15994,1092
28805.416206,2341112769,2341113857,15757,1088
28805.428236,2341121470,2341122558,15821,1088
28805.440257,2341130170,2341131267,15928,1097
28805.452274,2341138851,2341139939,15822,1088
28805.464303,2341147583,2341148671,15912,1088
28805.476328,2341156286,2341157374,15991,1088
28805.491355,2341167156,2341168249,15905,1093
28805.503379,2341175852,2341176922,15949,1070
28805.515394,2341184574,2341185662,15839,1088
28805.527425,2341193267,2341194360,15907,1093
28805.539446,2341201969,2341203031,15973,1062
28805.551463,2341210625,2341211718,15849,1093
28805.563492,2341219362,2341220455,15910,1093
28805.575516,2341228030,2341229123,15989,1093
28805.599560,2341245432,2341246525,15912,1093
28805.611583,2341254119,2341255211,15913,1092
28805.623600,2341262829,2341263921,15760,1092
28805.635630,2341271510,2341272598,15820,1088
28805.647652,2341280230,2341281318,15900,1088
28805.659674,2341288925,2341290012,15906,1087
28805.671698,2341297636,2341298734,15906,1098
28805.689731,2341310692,2341311794,15965,1102
28805.701756,2341319453,2341320545,15991,1092
28805.737823,2341345602,2341346689,15973,1087
28805.749840,2341354238,2341355326,15846,1088
28805.779904,2341376064,2341377150,15911,1086
28805.791928,2341384734,2341385832,15992,1098
28805.803943,2341393446,2341394534,15834,1088
28805.815973,2341402157,2341403250,15905,1093
28805.827995,2341410871,2341411958,15976,1087
28805.840011,2341419564,2341420633,15848,1069
28805.864065,2341436979,2341438066,15991,1087
28805.876080,2341445658,2341446745,15835,1087
28805.888109,2341454359,2341455452,15988,1093
28805.909148,2341469582,2341470675,15914,1093
28805.921166,2341478263,2341479351,15860,1088
28805.945217,2341495673,2341496761,15962,1088
28805.957239,2341504351,2341505438,15861,1087
28805.984286,2341523961,2341525048,15843,1087
28806.029371,2341556511,2341557599,15862,1088
28806.041402,2341565213,2341566311,15911,1098
28806.053424,2341573942,2341575028,15958,1086
28806.065440,2341582649,2341583719,15845,1070
28806.077467,2341591251,2341592344,15909,1093
28806.089492,2341599955,2341601046,15979,1091
28806.101509,2341608685,2341609778,15843,1093
28806.119543,2341621771,2341622864,15847,1093
28806.131574,2341630447,2341631545,15988,1098
28806.143595,2341639161,2341640247,15977,1086
28806.155617,2341647868,2341648950,15905,1082
28806.167640,2341656573,2341657661,15908,1088
28806.179665,2341665294,2341666380,15905,1086
28806.191681,2341673976,2341675069,15834,1093
28806.203709,2341682643,2341683741,15911,1098
28806.215732,2341691331,2341692429,15972,1098
28806.227748,2341700060,2341701147,15842,1087
28806.239779,2341708770,2341709844,15912,1074
28806.260820,2341723967,2341725054,15990,1087
28806.272835,2341732661,2341733753,15743,1092
28806.293881,2341747916,2341749009,15910,1093
28806.305904,2341756613,2341757709,15916,1096
28806.324947,2341771811,2341772903,15847,1092
28806.344972,2341784891,2341785983,15847,1092
28806.357001,2341793632,2341794731,15912,1099
28806.381040,2341811030,2341812118,15829,1088
28806.393069,2341819741,2341820834,15910,1093
28806.414110,2341834956,2341836049,15977,1093
28806.426126,2341843686,2341844779,15848,1093
28806.438156,2341852434,2341853492,15822,1058
28806.460699,2341868746,2341869838,15900,1092
28806.472723,2341877541,2341878638,15885,1097
28806.484743,2341886335,2341887433,15904,1098
28806.499774,2341897287,2341898385,15903,1098
28806.513299,2341907372,2341908469,15887,1097
28806.525321,2341916168,2341917266,15909,1098
28806.537343,2341924961,2341926059,15906,1098
28806.549367,2341933746,2341934834,15906,1088
28806.567400,2341946868,2341947955,15962,1087
28806.579418,2341955538,2341956625,15774,1087
28806.591446,2341964246,2341965329,15821,1083
28806.612487,2341979490,2341980578,15980,1088
28806.624503,2341988162,2341989249,15757,1087
28806.636531,2341996782,2341997875,15820,1093
28806.663584,2342016382,2342017470,15907,1088
28806.675606,2342025082,2342026170,15962,1088
28806.687623,2342033777,2342034864,15862,1087
28806.705657,2342046824,2342047920,15837,1096
28806.717685,2342055539,2342056627,15886,1088
28806.777795,2342099050,2342100141,15857,1091
28806.789824,2342107775,2342108864,15836,1089
28806.880997,2342175073,2342176166,15961,1093
28806.922069,2342203350,2342204446,15844,1096
28806.934098,2342212109,2342213202,15907,1093
28806.952134,2342225142,2342226234,15910,1092
28806.964156,2342233874,2342234966,15978,1092
28806.976172,2342242618,2342243705,15844,1087
28806.988203,2342251335,2342252420,15909,1085
28807.006236,2342264400,2342265493,15911,1093
28807.018260,2342273100,2342274193,15989,1093
28807.081379,2342318814,2342319879,15973,1065
28807.093395,2342327515,2342328613,15846,1098
28807.120447,2342347108,2342348200,15826,1092
28807.132477,2342355804,2342356874,15907,1070
28807.195597,2342401489,2342402577,15905,1088
28807.207620,2342410214,2342411307,15989,1093
28807.219636,2342418941,2342420028,15835,1087
28807.231664,2342427657,2342428745,15909,1088
28807.243688,2342436365,2342437458,15990,1093
28807.255704,2342445074,2342446172,15848,1098
28807.273738,2342458087,2342459179,15843,1092
28807.285768,2342466788,2342467876,15910,1088
28807.309807,2342484204,2342485297,15830,1093
28807.321836,2342492896,2342493981,15909,1085
28807.333860,2342501573,2342502671,15989,1098
28807.345883,2342510315,2342511407,15906,1092
28807.357906,2342519020,2342520118,15910,1098
28807.369927,2342527738,2342528825,15973,1087
28807.413009,2342560388,2342561480,15986,1092
28807.460099,2342593016,2342594103,15973,1087
28807.472115,2342601705,2342602797,15850,1092
28807.484146,2342610426,2342611520,15905,1094
28807.496168,2342619142,2342620234,15910,1092
28807.508184,2342627835,2342628928,15826,1093
28807.520213,2342636554,2342637641,15884,1087
28807.532237,2342645269,2342646362,15990,1093
28807.544262,2342654000,2342655098,15908,1098
28807.556283,2342662701,2342663794,15909,1093
28807.571304,2342673542,2342674638,15845,1096
28807.583335,2342682241,2342683316,15910,1075
28807.595357,2342690937,2342692000,15831,1063
28807.607373,2342699494,2342700567,15835,1073
28807.619401,2342708177,2342709270,15906,1093
28807.632432,2342719070,2342720157,15834,1087
28807.736625,2342793025,2342794112,15906,1087
28807.748647,2342801762,2342802849,15957,1087
28807.784714,2342827803,2342828895,15973,1092
28807.796733,2342836471,2342837553,15843,1082
28807.808760,2342845168,2342846266,15905,1098
28807.820785,2342853860,2342854940,15975,1080
28807.841824,2342869100,2342870188,15985,1088
28807.853847,2342877766,2342878847,15989,1081
28807.883903,2342899526,2342900610,15961,1084
28807.913956,2342921291,2342922379,15843,1088
28807.925983,2342929982,2342931070,15905,1088
28807.938008,2342938659,2342939745,15995,1086
28807.950026,2342947305,2342948393,15859,1088
28807.977075,2342966863,2342967951,15843,1088
28807.989106,2342975567,2342976664,15906,1097
28808.049213,2343019055,2343020142,15848,1087
28808.061244,2343027784,2343028877,15826,1093
28808.073265,2343036505,2343037598,15972,1093
28808.088295,2343047437,2343048528,15968,1091
28808.100313,2343056176,2343057234,15851,1058
28808.121347,2343071330,2343072414,15626,1084
28808.133377,2343079912,2343081004,15959,1092
28808.157416,2343097158,2343098242,15629,1084
28808.169446,2343105862,2343106921,15967,1059
28808.181466,2343114529,2343115622,15925,1093
28808.194992,2343126919,2343128019,15895,1100
28808.207013,2343138030,2343139129,15867,1099
28808.219045,2343149179,2343150260,15838,1081
28808.234059,2343160097,2343161187,15587,1090
28808.258115,2343179099,2343180185,15774,1086
28808.270135,2343190150,2343191235,15652,1085
28808.285163,2343202692,2343203787,15789,1095
28808.297185,2343212184,2343213273,15662,1089
28808.309211,2343221677,2343222772,15858,1095
28808.324233,2343234121,2343235210,15620,1089
28808.336262,2343243639,2343244723,15909,1084
28808.348284,2343253188,2343254283,15886,1095
28808.360308,2343262674,2343263766,15630,1092
28808.373832,2343273332,2343274424,15823,1092
28808.397879,2343292390,2343293448,15929,1058
28808.409901,2343303780,2343304863,15676,1083
28808.429438,2343318416,2343319504,15921,1088
28808.445966,2343334308,2343335408,15604,1100
28808.460997,2343346061,2343347153,15960,1092
28808.482033,2343362084,2343363169,15620,1085
28808.498571,2343377663,2343378762,15945,1099
28808.510592,2343387962,2343389064,15969,1102
28808.522611,2343397495,2343398584,15626,1089
28808.536144,2343407867,2343408959,15709,1092
28808.552673,2343421857,2343422956,15941,1099
28808.573711,2343437918,2343439006,15961,1088
28808.587231,2343450341,2343451440,15796,1099
28808.600763,2343461399,2343462494,15965,1095
28808.617293,2343475420,2343476515,15802,1095
28808.629321,2343484950,2343486048,15966,1098
28808.644342,2343497424,2343498521,15622,1097
28808.665388,2343513489,2343514587,15939,1098
28808.678919,2343526068,2343527170,15983,1102
28808.692445,2343537194,2343538297,15989,1103
28808.704460,2343546737,2343547836,15962,1099
28808.716480,2343556254,2343557352,15630,1098
28808.733019,2343570162,2343571257,15960,1095
28808.748042,2343582973,2343584078,15817,1105
28808.760072,2343592921,2343594032,15916,1111
28808.779602,2343608410,2343609513,15823,1103
28808.790128,2343618064,2343619169,15942,1105
28808.802145,2343627684,2343628775,15837,1091
28808.817176,2343640225,2343641320,16047,1095
28808.838213,2343656323,2343657411,15833,1088
28808.850241,2343667342,2343668444,15952,1102
28808.865262,2343679902,2343681000,15592,1098
28808.880296,2343692430,2343693525,15934,1095
28808.892314,2343701960,2343703053,15597,1093
28808.904343,2343711445,2343712537,15949,1092
28808.925380,2343727490,2343728578,15946,1088
28808.941915,2343743594,2343744691,15863,1097
28808.956941,2343755546,2343756646,15935,1100
28808.979484,2343773939,2343775032,15960,1093
28808.990012,2343783854,2343784955,15932,1101
28809.004532,2343796268,2343797355,15965,1087
28809.018563,2343807347,2343808451,15843,1104
28809.032088,2343818000,2343819093,15678,1093
28809.044113,2343827634,2343828729,15968,1095
28809.056131,2343836776,2343837869,15935,1093
28809.068148,2343845463,2343846553,15624,1090
28809.080177,2343854156,2343855220,15956,1064
28809.092199,2343862824,2343863917,15942,1093
28809.104216,2343871447,2343872538,15702,1091
28809.125263,2343886601,2343887694,15947,1093
28809.137286,2343895270,2343896362,16034,1092
28809.149302,2343903920,2343905005,15630,1085
28809.161333,2343912555,2343913648,15951,1093
28809.173352,2343921209,2343922297,15959,1088
28809.185374,2343929908,2343930995,15825,1087
28809.200404,2343940751,2343941843,15964,1092
28809.212417,2343949526,2343950621,15560,1095
28809.257511,2343982290,2343983383,15914,1093
28809.269537,2343991017,2343992101,15988,1084
28809.281558,2343999706,2344000794,15938,1088
28809.293576,2344008324,2344009381,15668,1057
28809.305606,2344016937,2344018030,15955,1093
28809.320628,2344027790,2344028881,15700,1091
28809.332660,2344036469,2344037562,16081,1093
28809.344678,2344045154,2344046241,16047,1087
28809.356697,2344053790,2344054875,15710,1085
28809.407798,2344090506,2344091587,15973,1081
28809.419816,2344099129,2344100212,15702,1083
28809.431849,2344107827,2344108914,15985,1087
28809.443866,2344116455,2344117547,15965,1092
28809.461901,2344129464,2344130552,15972,1088
28809.473919,2344138166,2344139256,15672,1090
28809.564091,2344203243,2344204328,15627,1085
28809.576120,2344211901,2344212988,15952,1087
28809.588142,2344220555,2344221642,15846,1087
28809.606175,2344233496,2344234589,15959,1093
28809.618194,2344242177,2344243256,15626,1079
28809.642243,2344259534,2344260602,15964,1068
28809.654262,2344268084,2344269169,15627,1085
28809.666292,2344276693,2344277780,15953,1087
28809.693347,2344296120,2344297207,16043,1087
28809.705364,2344304782,2344305870,15970,1088
28809.768483,2344350271,2344351362,15968,1091
28809.780505,2344358921,2344359985,15832,1064
28809.816574,2344384906,2344385998,15830,1092
28809.828605,2344393589,2344394680,16004,1091
28809.840621,2344402288,2344403375,15969,1087
28809.852640,2344410949,2344412036,15632,1087
28809.864669,2344419521,2344420589,16030,1068
28809.876691,2344428169,2344429267,15931,1098
28809.897725,2344443293,2344444355,15630,1062
28809.909757,2344451948,2344453015,15807,1067
28809.921775,2344460542,2344461640,15964,1098
28809.975877,2344499404,2344500492,15849,1088
28809.987897,2344508042,2344509127,15602,1085
28809.999930,2344516727,2344517815,15966,1088
28810.011947,2344525375,2344526468,15972,1093
28810.029984,2344538336,2344539422,15949,1086
28810.042000,2344547033,2344548118,15549,1085
28810.078071,2344572939,2344574025,15842,1086
28810.090097,2344581564,2344582651,15943,1087
28810.153218,2344626964,2344628057,16038,1093
28810.165238,2344635627,2344636714,16048,1087
28810.177260,2344644290,2344645383,15906,1093
28810.213326,2344670274,2344671359,15704,1085
28810.225358,2344678842,2344679929,16081,1087
28810.237375,2344687466,2344688558,15970,1092
28810.249396,2344696124,2344697214,15626,1090
28810.279462,2344717826,2344718913,15964,1087
28810.291478,2344726452,2344727550,15967,1098
28810.309513,2344739360,2344740452,15970,1092
28810.321539,2344747946,2344749031,15713,1085
28810.384651,2344793362,2344794441,15668,1079
28810.396680,2344802045,2344803104,15958,1059
28810.441771,2344834335,2344835400,15967,1065
28810.453788,2344842997,2344844084,15960,1087
28810.465806,2344851639,2344852700,15631,1061
28810.477840,2344860306,2344861372,15808,1066
28810.489856,2344868973,2344870064,15966,1091
28810.501874,2344877677,2344878746,15595,1069
28810.592046,2344942537,2344943622,15627,1085
28810.604075,2344951208,2344952306,15962,1098
28810.622113,2344964244,2344965308,15992,1064
28810.634130,2344972902,2344973994,15964,1092
28810.652164,2344985890,2344986986,15964,1096
28810.664183,2344994568,2344995630,15625,1062
28810.676216,2345003169,2345004233,15965,1064
28810.688233,2345011830,2345012917,15970,1087
28810.709268,2345027027,2345028117,15621,1090
28810.721301,2345035663,2345036760,15995,1097
28810.751349,2345057295,2345058375,15887,1080
28810.763371,2345065855,2345066940,15704,1085
28810.775405,2345074497,2345075595,16048,1098
28810.793435,2345087448,2345088535,15954,1087
28810.808457,2345098198,2345099283,15664,1085
28810.820490,2345106819,2345107917,16084,1098
28810.832507,2345115432,2345116501,15961,1069
28810.847540,2345126179,2345127200,15811,1021
28810.859559,2345134862,2345135948,15948,1086
28810.871580,2345143462,2345144554,15827,1092
28810.889615,2345156493,2345157586,15828,1093
28810.901641,2345165149,2345166244,15952,1095
28810.913661,2345173822,2345174909,15962,1087
28810.931696,2345186772,2345187859,15968,1087
28810.943715,2345195405,2345196495,15627,1090
28810.955744,2345204074,2345205110,15948,1036
28810.973782,2345216942,2345218034,15955,1092
28810.985799,2345225603,2345226700,15961,1097
28811.000832,2345236325,2345237391,15814,1066
28811.012850,2345244992,2345246079,15964,1087
28811.027881,2345255760,2345256857,15941,1097
28811.039901,2345264377,2345265464,15958,1087
28811.051921,2345272995,2345274059,15636,1064
28811.063952,2345281627,2345282718,15965,1091
28811.075971,2345290273,2345291366,15934,1093
28811.087989,2345298947,2345300037,15627,1090
28811.100023,2345307594,2345308687,15969,1093
28811.112039,2345316277,2345317369,15966,1092
28811.124058,2345324946,2345326031,15627,1085
28811.136087,2345333570,2345334658,15951,1088
28811.148107,2345342206,2345343293,15917,1087
28811.166143,2345356655,2345357738,15809,1083
28811.184176,2345369702,2345370787,15962,1085
28811.196195,2345378287,2345379372,15633,1085
28811.214237,2345391326,2345392421,15747,1095
28811.226258,2345400033,2345401126,16035,1093
28811.238279,2345408675,2345409734,16040,1059
28811.248327,2345417270,2345418320,15629,1050
28811.265330,2345428094,2345429181,15930,1087
28811.280361,2345438977,2345440064,16024,1087
28811.292381,2345447659,2345448745,15960,1086
28811.304401,2345456254,2345457339,15626,1085
28811.325447,2345471435,2345472498,15949,1063
28811.337467,2345480097,2345481189,15962,1092
28811.352501,2345490913,2345491979,15801,1066
28811.364518,2345499577,2345500670,15847,1093
28811.376538,2345508263,2345509343,15590,1080
28811.391570,2345519059,2345520151,15967,1092
28811.403590,2345527678,2345528762,15630,1084
28811.415621,2345536297,2345537384,16000,1087
28811.427640,2345544969,2345546056,15936,1087
28811.439658,2345553571,2345554626,15627,1055
28811.451690,2345562233,2345563298,15782,1065
28811.463707,2345570871,2345571930,15855,1059
28811.475728,2345579524,2345580607,15592,1083
28811.487756,2345588127,2345589197,15947,1070
28811.505790,2345601015,2345602102,15952,1087
28811.517813,2345609718,2345610804,15950,1086
28811.529829,2345618312,2345619397,15624,1085
28811.541858,2345627000,2345628087,15949,1087
28811.553879,2345635629,2345636716,15957,1087
28811.565901,2345644235,2345645293,15832,1058
28811.577927,2345652862,2345653949,15944,1087
28811.592949,2345663642,2345664727,15630,1085
28811.604978,2345672322,2345673408,15942,1086
28811.620001,2345683093,2345684183,15629,1090
28811.632030,2345691776,2345692868,15953,1092
28811.644052,2345700513,2345701581,15937,1068
28811.656069,2345709140,2345710224,15545,1084
28811.668103,2345717769,2345718855,15963,1086
28811.680119,2345726395,2345727487,15960,1092
28811.692138,2345735020,2345736105,15703,1085
28811.704167,2345743642,2345744700,16028,1058
28811.716190,2345752239,2345753326,15955,1087
28811.728207,2345760877,2345761972,15628,1095
28811.740235,2345769568,2345770660,15957,1092
28811.758273,2345782543,2345783609,15884,1066
28811.773293,2345793276,2345794366,15602,1090
28811.785322,2345801913,2345803006,16031,1093
28811.800344,2345812665,2345813748,15636,1083
28811.812376,2345821326,2345822413,16005,1087
28811.827395,2345832175,2345833242,15705,1067
28811.839424,2345840832,2345841896,16029,1064
28811.851445,2345849419,2345850505,15975,1086
28811.864476,2345860226,2345861290,16026,1064
28811.881498,2345871006,2345872091,15704,1085
28811.893527,2345879649,2345880718,16031,1069
28811.905548,2345888283,2345889342,16050,1059
28811.917566,2345896860,2345897943,15622,1083
28811.932599,2345907672,2345908759,16052,1087
28811.944618,2345916261,2345917347,15703,1086
28811.959650,2345927030,2345928117,15864,1087
28811.971672,2345935612,2345936671,15829,1059
28811.983701,2345944248,2345945312,15807,1064
28812.001735,2345957159,2345958226,15888,1067
28812.013756,2345965782,2345966869,16034,1087
28812.028784,2345976554,2345977642,15946,1088
28812.040805,2345985193,2345986280,15971,1087
28812.055836,2345995939,2345997026,16034,1087
28812.067858,2346004596,2346005664,15937,1068
28812.079875,2346013240,2346014330,15630,1090
28812.091904,2346021874,2346022966,15948,1092
28812.103927,2346030591,2346031683,15933,1092
28812.115944,2346039204,2346040289,15628,1085
28812.133979,2346052158,2346053241,15704,1083
28812.146007,2346060802,2346061865,16036,1063
28812.164047,2346073819,2346074857,15873,1038
28812.176062,2346082401,2346083487,16050,1086
28812.188081,2346091029,2346092089,15629,1060
28812.206123,2346103911,2346104995,15785,1084
28812.218147,2346112535,2346113601,15809,1066
28812.233167,2346123269,2346124319,15705,1050
28812.245196,2346131863,2346132932,15956,1069
28812.257216,2346140530,2346141617,15858,1087
28812.281265,2346157853,2346158945,16035,1092
28812.293285,2346166533,2346167619,16046,1086
28812.305314,2346175238,2346176325,15897,1087
28812.317333,2346183861,2346184947,15954,1086
28812.383457,2346231540,2346232607,15968,1067
28812.395475,2346240189,2346241274,15595,1085
28812.407508,2346248816,2346249903,16003,1087
28812.425539,2346261767,2346262854,16028,1087
28812.437559,2346270383,2346271442,16043,1059
28812.485647,2346304928,2346306013,15701,1085
28812.497676,2346313613,2346314700,15955,1087
28812.509699,2346322251,2346323315,15954,1064
28812.524727,2346333010,2346334097,15945,1087
28812.587852,2346378457,2346379544,15967,1087
28812.599868,2346387092,2346388172,15964,1080
28812.611887,2346395725,2346396815,15703,1090
28812.623921,2346404356,2346405443,16051,1087
28812.635937,2346412981,2346414068,15976,1087
28812.647956,2346421654,2346422740,15630,1086
28812.693041,2346454038,2346455123,15627,1085
28812.705074,2346462676,2346463735,16001,1059
28812.720096,2346473528,2346474620,15825,1092
28812.732125,2346482152,2346483195,15889,1043
28812.744142,2346490743,2346491817,16044,1074
28812.756164,2346499391,2346500478,15912,1087
28812.768195,2346508063,2346509161,15973,1098
28812.780211,2346516725,2346517789,15968,1064
28812.792230,2346525341,2346526426,15628,1085
28812.804262,2346533934,2346535021,15995,1087
28812.816279,2346542575,2346543655,15971,1080
28812.828298,2346551112,2346552173,15629,1061
28812.840330,2346559784,2346560804,15782,1020
28812.876399,2346585728,2346586771,15886,1043
28812.888417,2346594341,2346595428,16043,1087
28812.900444,2346602936,2346604020,15711,1084
28812.912465,2346611549,2346612636,15954,1087
28812.924487,2346620253,2346621316,16018,1063
28812.984606,2346663506,2346664595,16045,1089
28812.999632,2346674305,2346675367,15709,1062
28813.011654,2346682913,2346683999,15959,1086
28813.023674,2346691547,2346692634,16045,1087
28813.035693,2346700189,2346701279,15631,1090
28813.047722,2346708759,2346709846,15956,1087
28813.059744,2346717341,2346718396,15940,1055
28813.071761,2346725890,2346726975,15626,1085
28813.083791,2346734531,2346735623,16033,1092
28813.104331,2346743684,2346744284,11977,600
28813.121365,2346750705,2346751828,16306,1123
28813.133388,2346759768,2346760904,16356,1136
28813.145405,2346768849,2346769978,16257,1129
28813.172456,2346789301,2346790441,16253,1140
28813.184486,2346798411,2346799550,16208,1139
28813.235576,2346837086,2346838228,16239,1142
28813.247605,2346846239,2346847385,16224,1146
28813.259628,2346855365,2346856511,16302,1146
28813.271645,2346864503,2346865644,16240,1141
28813.283675,2346873641,2346874782,16322,1141
28813.295696,2346882784,2346883925,16384,1141
28813.328759,2346907895,2346909041,16316,1146
28813.340782,2346917069,2346918205,16385,1136
28813.355811,2346928437,2346929570,16226,1133
28813.367835,2346937524,2346938670,16372,1146
28813.379850,2346946669,2346947815,16237,1146
28813.391879,2346955805,2346956956,16303,1151
28813.403903,2346964950,2346966096,16396,1146
28813.415919,2346974098,2346975243,16248,1145
28813.427949,2346983235,2346984378,16335,1143
28813.439971,2346992377,2346993523,16385,1146
28813.451988,2347001515,2347002652,16250,1137
28813.464018,2347010640,2347011782,16322,1142
28813.476039,2347019780,2347020926,16380,1146
28813.488056,2347028925,2347030071,16237,1146
28813.500085,2347038046,2347039182,16318,1136
28813.512108,2347047182,2347048321,16383,1139
28813.524125,2347056325,2347057471,16209,1146
28813.536154,2347065469,2347066615,16222,1146
28813.548176,2347074615,2347075756,16399,1141
28813.560193,2347083759,2347084895,16236,1136
28813.572222,2347092877,2347094023,16321,1146
28813.584245,2347102034,2347103176,16390,1142
28813.596260,2347111180,2347112322,16217,1142
28813.609788,2347119877,2347121007,16238,1130
28813.621816,2347128975,2347130116,16316,1141
28813.636839,2347140401,2347141547,16235,1146
28813.648868,2347149541,2347150674,16319,1133
28813.664904,2347163236,2347164381,16311,1145
28813.676920,2347172382,2347173519,16395,1137
28813.700975,2347190648,2347191790,16311,1142
28813.717993,2347202062,2347203208,16235,1146
28813.730022,2347211200,2347212341,16314,1141
28813.742045,2347220349,2347221486,16386,1137
28813.754062,2347229521,2347230667,16230,1146
28813.769097,2347240925,2347242066,16379,1141
28813.781114,2347250066,2347251207,16247,1141
28813.805167,2347268378,2347269524,16403,1146
28813.817182,2347277519,2347278670,16236,1151
28813.832217,2347288982,2347290110,16391,1128
28813.844232,2347298102,2347299243,16240,1141
28813.856264,2347307247,2347308392,16318,1145
28813.868287,2347316388,2347317534,16398,1146
28813.880302,2347325528,2347326674,16254,1146
28813.892332,2347334653,2347335795,16414,1142
28813.904354,2347343786,2347344927,16381,1141
28813.940424,2347371218,2347372364,16398,1146
28813.952441,2347380386,2347381523,16243,1137
28813.964468,2347389511,2347390652,16315,1141
28813.976491,2347398648,2347399779,16376,1131
28813.988508,2347407770,2347408911,16250,1141
28814.000537,2347416911,2347418058,16315,1147
28814.012561,2347426066,2347427203,16400,1137
28814.024577,2347435209,2347436350,16236,1141
28814.036607,2347444354,2347445495,16316,1141
28814.048628,2347453494,2347454628,16390,1134
28814.063657,2347464906,2347466052,16313,1146
28814.076687,2347476346,2347477492,16222,1146
28814.093716,2347487746,2347488887,16424,1141
28814.105731,2347496881,2347498023,16235,1142
28814.117760,2347506010,2347507156,16320,1146
28814.129784,2347515216,2347516372,16317,1156
28814.141806,2347524421,2347525562,16304,1141
28814.153828,2347533607,2347534758,16317,1151
28814.165851,2347542825,2347543980,16311,1155
28814.180879,2347554324,2347555463,16316,1139
28814.192901,2347563492,2347564638,16383,1146
28814.207931,2347574940,2347576082,16316,1142
28814.219955,2347584091,2347585228,16302,1137
28814.231970,2347593265,2347594419,16259,1154
28814.244000,2347602473,2347603624,16322,1151
28814.256022,2347611654,2347612800,16381,1146
28814.268039,2347620851,2347621997,16263,1146
28814.280068,2347630018,2347631162,16310,1144
28814.292089,2347639175,2347640327,16382,1152
28814.304108,2347648329,2347649475,16263,1146
28814.316137,2347657469,2347658614,16318,1145
28814.328160,2347666609,2347667760,16296,1151
28814.341190,2347678053,2347679195,16316,1142
28814.361221,2347691746,2347692886,16317,1140
28814.373246,2347700884,2347702035,16387,1151
28814.385262,2347710023,2347711169,16260,1146
28814.409313,2347728318,2347729464,16370,1146
28814.421331,2347737487,2347738624,16228,1137
28814.475434,2347778583,2347779725,16248,1142
28814.487463,2347787725,2347788866,16317,1141
28814.499484,2347796875,2347798020,16372,1145
28814.511503,2347806036,2347807176,16254,1140
28814.535554,2347824349,2347825495,16391,1146
28814.547570,2347833492,2347834637,16263,1145
28814.559600,2347842638,2347843775,16319,1137
28814.571623,2347851809,2347852955,16398,1146
28814.583640,2347860948,2347862094,16336,1146
28814.595670,2347870090,2347871232,16322,1142
28814.613704,2347883814,2347884959,16317,1145
28814.625726,2347892970,2347894116,16382,1146
28814.691846,2347943255,2347944392,16253,1137
28814.703876,2347952375,2347953521,16318,1146
28814.715898,2347961519,2347962670,16386,1151
28814.727914,2347970670,2347971806,16250,1136
28814.739944,2347979809,2347980950,16314,1141
28814.751967,2347988948,2347990088,16393,1140
28814.763982,2347998105,2347999240,16235,1135
28814.776015,2348007227,2348008365,16404,1138
28814.788034,2348016357,2348017498,16480,1141
28814.800052,2348025517,2348026663,16340,1146
28814.812080,2348034660,2348035801,16318,1141
28814.824104,2348043806,2348044952,16405,1146
28814.836118,2348052970,2348054111,16223,1141
28814.848150,2348062134,2348063277,16318,1143
28814.860172,2348071293,2348072438,16385,1145
28814.872188,2348080448,2348081589,16249,1141
28814.884217,2348089572,2348090717,16311,1145
28814.896240,2348098713,2348099858,16384,1145
28814.908257,2348107822,2348108959,16145,1137
28814.920287,2348116968,2348118114,16328,1146
28814.932309,2348126108,2348127248,16382,1140
28814.944325,2348135266,2348136412,16232,1146
28814.956356,2348144403,2348145549,16317,1146
28814.977395,2348160422,2348161568,16387,1146
28814.989411,2348169554,2348170699,16246,1145
28815.040514,2348208350,2348209496,16383,1146
28815.052531,2348217503,2348218649,16251,1146
28815.088600,2348244970,2348246110,16237,1140
28815.100630,2348254101,2348255243,16320,1142
28815.112652,2348263252,2348264388,16383,1136
28815.140711,2348286079,2348287225,16230,1146
28815.184789,2348318031,2348319177,16399,1146
28815.196805,2348327182,2348328318,16248,1136
28815.244905,2348363758,2348364899,16320,1141
28815.259925,2348375188,2348376334,16245,1146
28815.305012,2348409510,2348410656,16236,1146
28815.317041,2348418651,2348419796,16318,1145
28815.329065,2348427783,2348428925,16400,1142
28815.345094,2348441483,2348442623,16393,1140
28815.392183,2348475743,2348476875,16378,1132
28815.404200,2348484886,2348486023,16146,1137
28815.416230,2348494009,2348495155,16331,1146
28815.428253,2348503139,2348504281,16398,1142
28815.440269,2348512275,2348513416,16234,1141
28815.452298,2348521419,2348522557,16318,1138
28815.545476,2348592225,2348593356,16394,1131
28815.557492,2348601353,2348602490,16231,1137
28815.596572,2348631003,2348632144,16318,1141
28815.608596,2348640159,2348641305,16359,1146
28815.620612,2348649314,2348650457,16247,1143
28815.656680,2348676783,2348677929,16246,1146
28815.668710,2348685951,2348687097,16231,1146
28815.683732,2348697385,2348698526,16249,1141
28815.756884,2348754487,2348755627,16315,1140
28815.773903,2348765884,2348767024,16231,1140
28815.785933,2348775039,2348776185,16318,1146
28815.797956,2348784168,2348785313,16403,1145
28815.815989,2348797901,2348799043,16383,1142
28815.828005,2348807062,2348808198,16251,1136
28815.840034,2348816197,2348817340,16310,1143
28815.870092,2348839084,2348840230,16382,1146
28815.882109,2348848238,2348849385,16246,1147
28815.894138,2348857376,2348858527,16317,1151
28815.912171,2348871096,2348872237,16318,1141
28815.924194,2348880256,2348881402,16286,1146
28815.942228,2348893960,2348895095,16365,1135
28815.954246,2348903088,2348904225,16207,1137
28815.981297,2348923671,2348924812,16241,1141
28815.993326,2348932820,2348933963,16333,1143
28816.008349,2348944255,2348945401,16252,1146
28816.020378,2348953433,2348954564,16303,1131
28816.041418,2348969409,2348970555,16379,1146
28816.053435,2348978544,2348979695,16244,1151
28816.083500,2349001391,2349002528,16320,1137
28816.095522,2349010538,2349011684,16406,1146
28816.107537,2349019685,2349020827,16250,1142
28816.119568,2349028825,2349029970,16322,1145
28816.131591,2349037961,2349039103,16361,1142
28816.143606,2349047122,2349048263,16229,1141
28816.161640,2349060818,2349061964,16242,1146
28816.173671,2349069969,2349071105,16317,1136
28816.191704,2349083666,2349084812,16316,1146
28816.203727,2349092800,2349093938,16389,1138
28816.215743,2349101942,2349103088,16233,1146
28816.227774,2349111092,2349112238,16320,1146
28816.239796,2349120214,2349121355,16382,1141
28816.251812,2349129359,2349130505,16246,1146
28816.269846,2349143063,2349144209,16226,1146
28816.281875,2349152201,2349153345,16317,1144
28816.296898,2349163632,2349164775,16248,1143
28816.308928,2349172786,2349173928,16316,1142
28816.329968,2349188813,2349189954,16402,1141
28816.341984,2349197954,2349199096,16233,1142
28816.360018,2349211670,2349212807,16247,1137
28816.372048,2349220804,2349221951,16312,1147
28816.384070,2349229935,2349231076,16294,1141
28816.396086,2349239090,2349240225,16248,1135
28816.408117,2349248237,2349249375,16313,1138
28816.420139,2349257378,2349258524,16400,1146
28816.432155,2349266575,2349267717,16249,1142
28816.444185,2349275705,2349276851,16314,1146
28816.456206,2349284860,2349286006,16381,1146
28816.468224,2349294003,2349295144,16249,1141
28816.480253,2349303148,2349304288,16309,1140
28816.501293,2349319149,2349320295,16379,1146
28816.513309,2349328293,2349329436,16195,1143
28816.561407,2349364884,2349366025,16315,1141
28816.573431,2349374033,2349375174,16412,1141
28816.585446,2349383168,2349384314,16250,1146
28816.597477,2349392310,2349393455,16314,1145
28816.612498,2349403740,2349404875,16254,1135
28816.624527,2349412872,2349414012,16317,1140
28816.675618,2349451732,2349452883,16238,1151
28816.687649,2349460880,2349462026,16232,1146
28816.699670,2349469999,2349471145,16384,1146
28816.711687,2349479150,2349480296,16240,1146
28816.723717,2349488312,2349489454,16319,1142
28816.735739,2349497461,2349498603,16397,1142
28816.753774,2349511187,2349512324,16399,1137
28816.765789,2349520341,2349521487,16233,1146
28816.789842,2349538627,2349539778,16393,1151
28816.801859,2349547769,2349548915,16243,1146
28816.816894,2349559194,2349560331,16389,1137
28816.828910,2349568353,2349569493,16250,1140
28816.840940,2349577529,2349578667,16320,1138
28816.852962,2349586640,2349587777,16392,1137
28816.864978,2349595785,2349596930,16235,1145
28816.877007,2349604928,2349606074,16319,1146
28816.889031,2349614053,2349615199,16399,1146
28816.904059,2349625463,2349626603,16324,1140
28816.916083,2349634595,2349635731,16399,1136
28816.928098,2349643731,2349644863,16235,1132
28816.940129,2349652872,2349654004,16231,1132
28816.952150,2349661995,2349663135,16380,1140
28816.964167,2349671128,2349672271,16285,1143
28816.976197,2349680285,2349681436,16327,1151
28816.988220,2349689440,2349690581,16312,1141
28817.000236,2349698591,2349699737,16246,1146
28817.012266,2349707733,2349708863,16329,1130
28817.024289,2349716857,2349717997,16313,1140
28817.036304,2349725991,2349727122,16246,1131
28817.048331,2349735345,2349736492,16317,1147
28817.063354,2349746776,2349747920,16252,1144
28817.141508,2349806194,2349807331,16372,1137
28817.153527,2349815348,2349816489,16262,1141
28817.165555,2349824482,2349825638,16312,1156
28817.177579,2349833651,2349834793,16396,1142
28817.189595,2349842790,2349843936,16260,1146
28817.243698,2349883915,2349885051,16261,1136
28817.255729,2349893328,2349894465,16313,1137
28817.267752,2349902633,2349903770,16371,1137
28817.348904,2349964150,2349965301,16373,1151
28817.360921,2349973262,2349974402,16359,1140
28817.372942,2349982375,2349983514,16109,1139
28817.448091,2350039257,2350040403,16369,1146
28817.460112,2350048675,2350049816,16259,1141
28817.472130,2350057766,2350058904,16102,1138
28817.484159,2350066854,2350067995,16441,1141
28817.496179,2350075969,2350077109,16377,1140
28817.508198,2350085047,2350086187,16033,1140
28817.520232,2350094188,2350095329,16375,1141
28817.556296,2350121520,2350122661,16442,1141
28817.568318,2350130646,2350131787,16351,1141
28817.607387,2350160228,2350161361,16030,1133
28817.619422,2350169365,2350170484,16221,1119
28817.652473,2350194383,2350195526,16026,1143
28817.664507,2350203493,2350204639,16433,1146
28817.676524,2350212657,2350213794,16346,1137
28817.760686,2350276397,2350277532,16126,1135
28817.772708,2350285525,2350286667,16269,1142
28817.859875,2350351547,2350352691,16114,1144
28817.871898,2350361032,2350362173,16377,1141
28817.895936,2350379243,2350380390,16022,1147
28817.907965,2350388361,2350389507,16367,1146
28817.919987,2350397503,2350398649,16349,1146
28817.932004,2350406594,2350407729,16024,1135
28817.944034,2350415709,2350416846,16446,1137
28817.956053,2350424808,2350425954,16447,1146
28817.968072,2350433900,2350435043,16098,1143
28817.989119,2350449802,2350450943,16436,1141
28818.001138,2350458898,2350460044,16366,1146
28818.064263,2350506749,2350507900,16443,1151
28818.076279,2350515889,2350517023,15995,1134
28818.088309,2350525020,2350526166,16382,1146
28818.100327,2350534124,2350535270,16353,1146
28818.112350,2350543251,2350544386,16313,1135
28818.181481,2350595640,2350596782,16439,1142
28818.193501,2350604772,2350605909,16045,1137
28818.217554,2350622987,2350624133,16442,1146
28818.229571,2350632070,2350633213,16032,1143
28818.247604,2350645727,2350646867,16030,1140
28818.259637,2350654835,2350655981,16410,1146
28818.277668,2350668536,2350669677,16434,1141
28818.289688,2350677635,2350678781,16448,1146
28818.313741,2350695879,2350697030,16355,1151
28818.325756,2350704998,2350706135,16356,1137
28818.376857,2350743674,2350744811,16360,1137
28818.388877,2350752791,2350753937,16376,1146
28818.400896,2350761906,2350763041,16027,1135
28818.412928,2350771039,2350772180,16355,1141
28818.473033,2350816522,2350817666,16030,1144
28818.485062,2350825639,2350826790,16356,1151
28818.500085,2350837033,2350838181,16032,1148
28818.512119,2350846180,2350847324,16273,1144
28818.524136,2350855320,2350856462,16337,1142
28818.600328,2350914493,2350915636,16354,1143
28818.629339,2350935010,2350936156,16367,1146
28818.641358,2350944132,2350945268,16382,1136
28818.680427,2350973740,2350974877,16028,1137
28818.692457,2350982869,2350984015,16271,1146
28818.707482,2350994293,2350995429,16248,1136
28818.719509,2351003408,2351004545,16367,1137
28818.731527,2351012515,2351013661,16357,1146
28818.743548,2351021605,2351022739,16032,1134
28818.755580,2351030727,2351031868,16404,1141
28818.773611,2351044371,2351045517,16377,1146
28818.785632,2351053496,2351054628,16283,1132
28818.816698,2351078566,2351079712,16375,1146
28818.875802,2351121799,2351122940,16445,1141
28818.887825,2351130917,2351132063,16313,1146
28818.899851,2351140055,2351141192,16373,1137
28818.911874,2351149162,2351150299,16365,1137
28818.923890,2351158247,2351159391,16019,1144
28818.935920,2351167377,2351168508,16360,1131
28818.947939,2351176452,2351177594,16319,1142
28818.959959,2351185540,2351186675,16026,1135
28818.971991,2351194641,2351195761,16212,1120
28818.984009,2351203713,2351204849,16377,1136
28819.026091,2351235584,2351236735,16353,1151
28819.038110,2351244718,2351245869,16364,1151
28819.092215,2351285629,2351286765,16375,1136
28819.104236,2351294768,2351295905,16253,1137
28819.116264,2351303852,2351304993,16375,1141
28819.128282,2351312957,2351314105,16403,1148
28819.140302,2351322068,2351323203,15990,1135
28819.152336,2351331189,2351332326,16432,1137
28819.233487,2351392652,2351393799,16454,1147
28819.245507,2351401754,2351402900,16505,1146
28819.263539,2351415458,2351416614,16421,1156
28819.275563,2351424584,2351425731,16055,1147
28819.287589,2351433727,2351434883,16371,1156
28819.299609,2351442883,2351444031,16251,1148
28819.312641,2351454361,2351455512,16356,1151
28819.341693,2351474875,2351476012,16373,1137
28819.353714,2351483973,2351485124,16341,1151
28819.401802,2351520452,2351521598,16238,1146
28819.413829,2351529560,2351530697,16357,1137
28819.425849,2351538673,2351539819,16368,1146
28819.443884,2351552368,2351553502,16377,1134
28819.455902,2351561479,2351562607,15991,1128
28819.467932,2351570565,2351571711,16366,1146
28819.479952,2351579692,2351580843,16375,1151
28819.497986,2351593384,2351594530,16341,1146
28819.510005,2351602512,2351603655,15994,1143
28819.522035,2351611636,2351612779,16367,1143
28819.534054,2351620745,2351621881,16365,1136
28819.553102,2351636646,2351637795,16026,1149
28819.624224,2351689058,2351690198,16438,1140
28819.657293,2351714088,2351715225,16462,1137
28819.669310,2351723207,2351724353,16356,1146
28819.705384,2351750539,2351751679,16315,1140
28819.717400,2351759659,2351760786,16028,1127
28819.760494,2351793777,2351794931,16029,1154
28819.864686,2351871206,2351872343,16353,1137
28819.876705,2351880321,2351881455,16360,1134
28819.912775,2351907612,2351908748,16369,1136
28819.924794,2351916730,2351917864,16072,1134
28819.969880,2351950874,2351952009,16104,1135
28819.981909,2351959983,2351961121,16357,1138
28819.993929,2351969088,2351970228,16253,1140
28820.008962,2351980496,2351981642,16381,1146
28820.023983,2351991923,2351993066,15982,1143
28820.073082,2352030679,2352031814,16347,1135
28820.105137,2352053436,2352054565,15991,1129
28820.117171,2352062542,2352063683,16356,1141
28820.129188,2352071679,2352072816,16350,1137
28820.153237,2352089903,2352091045,16382,1142
28820.165255,2352099019,2352100155,16380,1136
28820.180286,2352110375,2352111521,16433,1146
28820.219357,2352140007,2352141158,16360,1151
28820.231381,2352149086,2352150220,16047,1134
28820.243410,2352158163,2352159302,16487,1139
28820.255425,2352167277,2352168423,16442,1146
28820.267445,2352176406,2352177549,16104,1143
28820.279477,2352185507,2352186653,16456,1146
28820.291496,2352194629,2352195775,16253,1146
28820.303513,2352203730,2352204868,16072,1138
28820.315545,2352212827,2352213968,16372,1141
28820.327567,2352221996,2352223137,16346,1141
28820.339591,2352231097,2352232231,16113,1134
28820.351612,2352240182,2352241328,16269,1146
28820.372650,2352256099,2352257236,16372,1137
28820.384669,2352265192,2352266325,15986,1133
28820.400716,2352278852,2352279985,15994,1133
28820.423749,2352294765,2352295911,16360,1146
28820.435770,2352303895,2352305042,16461,1147
28820.447792,2352313021,2352314167,16310,1146
28820.459820,2352322135,2352323256,16214,1121
28820.477852,2352335741,2352336878,16438,1137
28820.489873,2352344851,2352345991,16257,1140
28820.507907,2352358525,2352359666,16457,1141
28820.519926,2352367591,2352368734,16031,1143
28820.531957,2352376718,2352377864,16387,1146
28820.544990,2352388157,2352389304,16230,1147
28820.610098,2352435994,2352437136,16105,1142
28820.622127,2352445076,2352446222,16363,1146
28820.682235,2352490598,2352491727,16027,1129
28820.694269,2352499702,2352500827,16204,1125
28820.712299,2352513328,2352514464,16363,1136
28820.724319,2352522426,2352523563,16330,1137
28820.757384,2352547498,2352548639,16354,1141
28820.769405,2352556626,2352557762,16339,1136
28820.812488,2352590755,2352591901,16355,1146
28820.865590,2352629465,2352630603,16357,1138
28820.877610,2352638565,2352639717,16329,1152
28820.895646,2352652260,2352653406,16341,1146
28820.907666,2352661383,2352662524,16226,1141
28820.919695,2352670486,2352671637,16365,1151
28820.931712,2352679627,2352680768,16361,1141
28820.943732,2352688718,2352689854,16109,1136
28820.976797,2352713750,2352714894,16447,1144
28820.988820,2352722879,2352724015,16280,1136
28821.000851,2352732002,2352733148,16415,1146
28821.012866,2352741102,2352742243,16446,1141
28821.024889,2352750220,2352751356,16236,1136
28821.036918,2352759322,2352760459,16415,1137
28821.130089,2352829929,2352831075,16359,1146
28821.142110,2352839021,2352840153,16028,1132
28821.161156,2352854994,2352856135,16374,1141
28821.232289,2352907325,2352908468,16114,1143
28821.244310,2352916429,2352917570,16359,1141
28821.332481,2352984797,2352985943,16398,1146
28821.349502,2352996171,2352997311,15938,1140
28821.361539,2353005308,2353006456,16375,1148
28821.436677,2353062235,2353063377,16370,1142
28821.448693,2353071382,2353072521,15991,1139
28821.536875,2353139633,2353140776,16022,1143
28821.559910,2353155538,2353156683,16362,1145
28821.571932,2353164677,2353165823,16347,1146
28821.583952,2353173797,2353174933,16236,1136
28821.595979,2353182891,2353184028,16367,1137
28821.607997,2353191993,2353193130,16441,1137
28821.620018,2353201099,2353202232,16106,1133
28821.632052,2353210218,2353211354,16518,1136
28821.653083,2353226139,2353227280,16428,1141
28821.665104,2353235244,2353236378,16031,1134
28821.704185,2353264858,2353266004,16364,1146
28821.716204,2353273977,2353275118,16359,1141
28821.728231,2353283062,2353284204,16112,1142
28821.740255,2353292154,2353293271,16219,1117
28821.752272,2353301242,2353302388,16352,1146
28821.764293,2353310331,2353311460,16028,1129
28821.776323,2353319457,2353320604,16456,1147
28821.872498,2353392304,2353393442,16104,1138
28821.884530,2353401435,2353402572,16425,1137
28821.896547,2353410537,2353411678,16356,1141
28821.908567,2353419629,2353420770,16105,1141
28821.923600,2353431063,2353432205,16354,1142
28821.935618,2353440162,2353441305,16025,1143
28821.947647,2353449274,2353450415,16372,1141
28821.959666,2353458387,2353459532,16445,1145
28821.971691,2353467525,2353468667,16225,1142
28821.983719,2353476672,2353477812,16359,1140
28822.055855,2353531286,2353532432,16389,1146
28822.067871,2353540388,2353541534,16353,1146
28822.079895,2353549500,2353550641,16238,1141
28822.091922,2353558594,2353559734,16445,1140
28822.103945,2353567715,2353568856,16368,1141
28822.115961,2353576826,2353577969,16032,1143
28822.127994,2353585949,2353587100,16405,1151
28822.140009,2353595077,2353596214,16351,1137
28822.152030,2353604155,2353605295,16031,1140
28822.164062,2353613277,2353614418,16362,1141
28822.176080,2353622381,2353623526,16236,1145
28822.188099,2353631513,2353632651,15991,1138
28822.206133,2353645165,2353646302,16023,1137
28822.218163,2353654268,2353655414,16286,1146
28822.248216,2353677033,2353678166,16368,1133
28822.260234,2353686132,2353687280,15948,1148
28822.278276,2353696945,2353697582,13738,637
28822.292332,2353702455,2353703060,12045,605
28822.305325,2353708497,2353709622,16046,1125
28822.317354,2353717560,2353718693,16400,1133
28822.329374,2353726620,2353727758,16359,1138
28822.341391,2353735691,2353736814,15948,1123
28822.353420,2353744747,2353745880,16370,1133
28822.365438,2353753835,2353754968,16364,1133
28822.377461,2353762917,2353764068,16157,1151
28822.389487,2353772054,2353773195,16359,1141
28822.401510,2353781190,2353782330,16258,1140
28822.413527,2353790271,2353791409,16026,1138
28822.425559,2353799371,2353800515,16437,1144
28822.437575,2353808484,2353809625,16437,1141
28822.452608,2353820465,2353821606,16444,1141
28822.464628,2353829592,2353830737,16373,1145
28822.476650,2353838715,2353839857,16245,1142
28822.488676,2353847824,2353848970,16355,1146
28822.500697,2353856935,2353858076,16378,1141
28822.512716,2353866042,2353867179,16001,1137
28822.524748,2353875154,2353876294,16489,1140
28822.539767,2353886558,2353887701,15993,1143
28822.551798,2353895681,2353896822,16380,1141
28822.563815,2353904800,2353905941,16434,1141
28822.584853,2353920781,2353921924,16076,1143
28822.596883,2353929910,2353931056,16369,1146
28822.608901,2353939038,2353940178,16262,1140
28822.620930,2353948136,2353949280,16121,1144
28822.632950,2353957255,2353958401,16354,1146
28822.647973,2353968637,2353969780,16033,1143
28822.660002,2353977752,2353978908,16353,1156
28822.672023,2353987162,2353988308,16249,1146
28822.684042,2353996293,2353997431,15994,1138
28822.697571,2354006890,2354008028,16250,1138
28822.709597,2354015984,2354017127,16366,1143
28822.721618,2354025095,2354026237,16248,1142
28822.736651,2354036526,2354037672,16343,1146
28822.748667,2354045647,2354046788,16355,1141
28822.760690,2354054770,2354055907,16233,1137
28822.781735,2354070681,2354071823,16377,1142
28822.792251,2354077112,2354078244,15837,1132
28822.805778,2354087746,2354088889,16020,1143
28822.817803,2354096860,2354097996,16359,1136
28822.829826,2354105994,2354107131,16361,1137
28822.841842,2354115108,2354116245,16079,1137
28822.853871,2354124223,2354125369,16366,1146
28822.865891,2354133339,2354134476,16365,1137
28822.889939,2354151530,2354152671,16442,1141
28822.901958,2354160659,2354161795,16450,1136
28822.913981,2354169756,2354170902,16232,1146
28822.926012,2354178922,2354180069,16366,1147
28822.956063,2354201700,2354202838,16368,1138
28822.968090,2354210785,2354211928,16118,1143
28822.980110,2354219892,2354221032,16350,1140
28822.992129,2354228998,2354230143,16350,1145
28823.004151,2354238149,2354239292,16032,1143
28823.016179,2354247277,2354248415,16364,1138
28823.028203,2354256402,2354257548,16448,1146
28823.040219,2354265505,2354266644,15997,1139
28823.052248,2354274612,2354275753,16367,1141
28823.064269,2354283686,2354284831,16423,1145
28823.076290,2354292834,2354293985,16319,1151
28823.088317,2354301955,2354303096,16439,1141
28823.124389,2354329273,2354330412,16439,1139
28823.136404,2354338373,2354339514,16441,1141
28823.148425,2354347468,2354348611,16037,1143
28823.160455,2354356596,2354357742,16457,1146
28823.172475,2354365749,2354366895,16351,1146
28823.184492,2354374843,2354375978,15990,1135
28823.196523,2354383939,2354385070,16368,1131
28823.208545,2354393124,2354394266,16348,1142
28823.220565,2354402273,2354403424,16239,1151
28823.232592,2354411394,2354412540,16370,1146
28823.244610,2354420522,2354421664,16357,1142
28823.256629,2354429618,2354430746,15990,1128
28823.268663,2354438721,2354439862,16326,1141
28823.283682,2354450105,2354451248,15995,1143
28823.295713,2354459228,2354460373,16369,1145
28823.307733,2354468351,2354469494,16342,1143
28823.319753,2354477460,2354478597,16320,1137
28823.331779,2354486579,2354487720,16269,1141
28823.343800,2354495691,2354496827,16286,1136
28823.355819,2354504767,2354505905,15957,1138
28823.373853,2354518418,2354519566,16033,1148
28823.385884,2354527552,2354528698,16352,1146
28823.397902,2354536672,2354537814,16365,1142
28823.409924,2354545763,2354546906,16035,1143
28823.421955,2354554913,2354556059,16350,1146
28823.433973,2354564064,2354565215,16352,1151
28823.445991,2354573199,2354574333,15999,1134
28823.461021,2354584584,2354585730,16354,1146
28823.473042,2354593691,2354594824,16034,1133
28823.488072,2354605068,2354606205,16348,1137
28823.500094,2354614166,2354615301,16036,1135
28823.512124,2354623267,2354624402,16378,1135
28823.524144,2354632378,2354633517,16339,1139
28823.536162,2354641465,2354642609,16062,1144
28823.548192,2354650568,2354651710,16377,1142
28823.560212,2354659678,2354660824,16375,1146
28823.572231,2354668778,2354669921,16083,1143
28823.584259,2354677897,2354679043,16435,1146
28823.608299,2354696081,2354697217,16078,1136
28823.620333,2354705243,2354706385,16370,1142
28823.656399,2354732576,2354733706,16374,1130
28823.668420,2354741695,2354742837,16361,1142
28823.684450,2354755363,2354756504,16361,1141
28823.752572,2354805520,2354806658,16034,1138
28823.764605,2354814648,2354815790,16407,1142
28823.776622,2354823770,2354824911,16359,1141
28823.788645,2354832872,2354834003,16237,1131
28823.815697,2354853414,2354854555,16237,1141
28823.827723,2354862562,2354863708,16352,1146
28823.839745,2354871683,2354872818,16316,1135
28823.875812,2354899004,2354900150,16370,1146
28823.887831,2354908135,2354909273,15999,1138
28823.899860,2354917242,2354918388,16357,1146
28823.911880,2354926398,2354927534,16251,1136
28823.923899,2354935509,2354936641,15998,1132
28823.935932,2354944656,2354945802,16280,1146
28823.947949,2354953791,2354954932,16371,1141
28823.959976,2354962877,2354964025,16032,1148
28823.971998,2354971986,2354973137,16371,1151
28823.984016,2354981119,2354982267,16360,1148
28824.002050,2354994780,2354995926,16358,1146
28824.014074,2355003897,2355005043,16234,1146
28824.026106,2355013053,2355014194,16369,1141
28824.050140,2355031248,2355032376,16033,1128
28824.062173,2355040338,2355041484,16430,1146
28824.086208,2355058533,2355059666,16113,1133
28824.098238,2355067627,2355068773,16451,1146
28824.113263,2355079059,2355080200,16244,1141
28824.137308,2355097310,2355098456,16315,1146
28824.149327,2355106426,2355107569,15998,1143
28824.167363,2355120058,2355121196,16031,1138
28824.179393,2355129162,2355130308,16369,1146
28824.191411,2355138270,2355139416,16358,1146
28824.203431,2355147361,2355148504,16036,1143
28824.215464,2355156512,2355157657,16375,1145
28824.227483,2355165641,2355166787,16371,1146
28824.239498,2355174731,2355175863,16026,1132
28824.251529,2355183856,2355184997,16358,1141
28824.263552,2355192997,2355194133,16360,1136
28824.275567,2355202076,2355203219,16036,1143
28824.287602,2355211217,2355212365,16386,1148
28824.299617,2355220400,2355221542,16233,1142
28824.311646,2355229576,2355230718,16318,1142
28824.323670,2355238768,2355239912,16396,1144
28824.335685,2355247943,2355249093,16195,1150
28824.347716,2355257133,2355258284,16232,1151
28824.359738,2355266312,2355267463,16412,1151
28824.371753,2355275462,2355276603,16363,1141
28824.383774,2355284563,2355285696,16029,1133
28824.395803,2355293672,2355294814,16353,1142
28824.407824,2355302799,2355303941,16249,1142
28824.419843,2355311897,2355313037,16003,1140
28824.431873,2355321021,2355322155,16378,1134
28824.443892,2355330109,2355331255,16413,1146
28824.455919,2355339212,2355340349,16115,1137
28824.467941,2355348339,2355349485,16374,1146
28824.479961,2355357458,2355358609,16381,1151
28824.491980,2355366544,2355367693,16109,1149
28824.504010,2355375672,2355376813,16462,1141
28824.516031,2355384804,2355385941,16346,1137
28824.528049,2355393892,2355395020,16114,1128
28824.540077,2355402972,2355404116,16361,1144
28824.552097,2355412099,2355413244,16443,1145
28824.564117,2355421193,2355422331,16030,1138
28824.576145,2355430307,2355431453,16349,1146
28824.588167,2355439442,2355440579,16384,1137
28824.600186,2355448564,2355449707,15995,1143
28824.618220,2355462256,2355463391,16076,1135
28824.633252,2355473655,2355474792,16455,1137
28824.645270,2355482778,2355483906,15993,1128
28824.729438,2355546465,2355547607,16354,1142
28824.741457,2355555578,2355556720,16317,1142
28824.765506,2355573793,2355574939,16437,1146
28824.777525,2355582930,2355584070,16444,1140
28824.831630,2355624013,2355625154,16379,1141
28824.843653,2355633142,2355634283,16179,1141
28824.855680,2355642249,2355643389,16355,1140
28824.867698,2355651356,2355652497,16377,1141
28824.885732,2355665022,2355666159,16283,1137
28824.897752,2355674089,2355675232,16053,1143
28824.909784,2355683243,2355684389,16458,1146
28824.936832,2355703756,2355704892,16441,1136
28824.948853,2355712870,2355714011,16381,1141
28824.984920,2355740189,2355741340,16444,1151
28824.996940,2355749297,2355750440,16112,1143
28825.011974,2355760730,2355761871,16348,1141
28825.033008,2355776678,2355777818,16033,1140
28825.045039,2355785789,2355786929,16376,1140
28825.060060,2355797189,2355798332,16000,1143
28825.072090,2355806303,2355807443,16464,1140
28825.084110,2355815435,2355816566,16460,1131
28825.096129,2355824510,2355825659,16112,1149
28825.108161,2355833645,2355834791,16350,1146
28825.120177,2355842759,2355843905,16364,1146
28825.132196,2355851850,2355852988,16037,1138
28825.144226,2355860975,2355862116,16361,1141
28825.156250,2355870097,2355871237,16424,1140
28825.168266,2355879185,2355880333,15990,1148
28825.180295,2355888289,2355889427,16268,1138
28825.192316,2355897402,2355898548,16377,1146
28825.237400,2355931570,2355932716,16360,1146
28825.249428,2355940675,2355941819,16132,1144
28825.261451,2355950008,2355951150,16374,1142
28825.351623,2356018383,2356019520,16483,1137
28825.363640,2356027501,2356028647,16368,1146
28825.375660,2356036584,2356037727,16031,1143
28825.393694,2356050232,2356051375,16104,1143
28825.405726,2356059364,2356060508,16359,1144
28825.456818,2356098091,2356099233,16242,1142
28825.468843,2356107443,2356108585,16436,1142
28825.543982,2356164343,2356165489,16438,1146
28825.556003,2356173445,2356174581,16032,1136
28825.577052,2356189403,2356190544,16354,1141
28825.589069,2356198527,2356199670,16444,1143
28825.601092,2356207645,2356208782,16344,1137
28825.625137,2356225886,2356227027,16441,1141
28825.637158,2356234951,2356236094,16032,1143
28825.664209,2356255457,2356256595,16111,1138
28825.676238,2356264593,2356265744,16351,1151
28825.688257,2356273706,2356274842,16359,1136
28825.700280,2356282804,2356283955,16241,1151
28825.712307,2356291927,2356293073,16445,1146
28825.772415,2356337447,2356338589,16108,1142
28825.784444,2356346578,2356347719,16358,1141
28825.799469,2356357993,2356359135,16237,1142
28825.811496,2356367108,2356368254,16445,1146
28825.823516,2356376200,2356377343,16379,1143
28825.835535,2356385283,2356386422,16033,1139
28825.847566,2356394407,2356395553,16414,1146
28825.868602,2356410367,2356411508,16386,1141
28825.880621,2356419484,2356420627,16016,1143
28825.895653,2356430888,2356432034,16278,1146
28825.907671,2356440024,2356441167,16088,1143
28825.919699,2356449144,2356450286,16342,1142
28825.931723,2356458279,2356459416,16347,1137
28825.943747,2356467364,2356468507,16032,1143
28825.955772,2356476498,2356477642,16262,1144
28825.967790,2356485614,2356486760,16374,1146
28825.979812,2356494722,2356495864,16243,1142
28825.992840,2356506144,2356507290,16340,1146
28826.057960,2356554013,2356555154,16357,1141
28826.069981,2356563104,2356564244,16045,1140
28826.082015,2356572259,2356573395,16425,1136
28826.094030,2356581373,2356582514,16358,1141
28826.106048,2356590492,2356591635,16014,1143
28826.118080,2356599587,2356600733,16382,1146
28826.130098,2356608699,2356609845,16360,1146
28826.142126,2356617787,2356618926,16122,1139
28826.154148,2356626897,2356628034,16371,1137
28826.166166,2356636007,2356637144,16356,1137
28826.199237,2356661046,2356662197,16453,1151
28826.214254,2356672439,2356673584,16031,1145
28826.229286,2356683841,2356684987,16354,1146
28826.241315,2356692936,2356694079,16115,1143
28826.253338,2356702037,2356703159,16212,1122
28826.280387,2356722489,2356723620,16354,1131
28826.292408,2356731636,2356732771,16255,1135
28826.304427,2356740730,2356741864,16079,1134
28826.319459,2356752110,2356753256,16373,1146
28826.376563,2356795297,2356796441,16030,1144
28826.388593,2356804418,2356805563,16314,1145
28826.400615,2356813562,2356814708,16339,1146
28826.412632,2356822671,2356823809,16035,1138
28826.424665,2356832049,2356833187,16461,1138
28826.487782,2356879838,2356880989,16368,1151
28826.499803,2356889057,2356890194,16292,1137
28826.517835,2356902696,2356903842,16352,1146
28826.529856,2356911794,2356912937,16001,1143
28826.541889,2356920910,2356922052,16442,1142
28826.553905,2356930021,2356931161,16464,1140
28826.565924,2356939139,2356940282,16071,1143
28826.609019,2356973270,2356974418,16112,1148
28826.626042,2356984663,2356985799,16452,1136
28826.638069,2356993779,2356994919,16082,1140
28826.650092,2357002902,2357004044,16373,1142
28826.692167,2357034737,2357035874,16235,1137
28826.704193,2357043840,2357044978,16360,1138
28826.716214,2357052947,2357054084,16377,1137
28826.728233,2357062026,2357063169,16028,1143
28826.749279,2357077937,2357079078,16356,1141
28826.761298,2357087042,2357088174,16362,1132
28826.821417,2357132539,2357133683,16361,1144
28826.833440,2357141670,2357142806,16364,1136
28826.875519,2357173528,2357174674,16442,1146
28826.896558,2357189492,2357190633,16437,1141
28826.908576,2357198659,2357199797,16074,1138
28826.920605,2357207763,2357208894,16366,1131
28826.983726,2357255547,2357256688,16379,1141
28827.028810,2357289681,2357290827,16354,1146
28827.040834,2357298783,2357299923,16357,1140
28827.079904,2357328359,2357329500,16314,1141
28827.091934,2357337512,2357338649,16429,1137
28827.103950,2357346619,2357347768,16368,1149
28827.115970,2357355912,2357357055,16028,1143
28827.127999,2357365001,2357366152,16367,1151
28827.140021,2357374122,2357375263,16347,1141
28827.152039,2357383221,2357384359,16030,1138
28827.164069,2357392320,2357393472,16371,1152
28827.176087,2357401430,2357402571,16357,1141
28827.188110,2357410519,2357411663,16239,1144
28827.200138,2357419636,2357420778,16377,1142
28827.212158,2357428752,2357429891,16347,1139
28827.224176,2357437855,2357438993,16031,1138
28827.236208,2357446949,2357448086,16408,1137
28827.248226,2357456060,2357457206,16377,1146
28827.260244,2357465145,2357466283,16024,1138
28827.272274,2357474255,2357475393,16360,1138
28827.287299,2357485627,2357486766,16225,1139
28827.299325,2357494735,2357495872,16273,1137
28827.311348,2357503864,2357505004,16416,1140
28827.323364,2357512955,2357514094,16068,1139
28827.335397,2357522061,2357523207,16413,1146
28827.347415,2357531201,2357532347,16356,1146
28827.359433,2357540291,2357541434,16023,1143
28827.371464,2357549410,2357550555,16466,1145
28827.383482,2357558523,2357559669,16242,1146
28827.395502,2357567642,2357568785,15914,1143
28827.407534,2357576774,2357577916,16360,1142
28827.425565,2357590385,2357591536,16355,1151
28827.437587,2357599508,2357600658,16342,1150
28827.468649,2357624533,2357625676,16377,1143
28827.512725,2357656453,2357657596,16109,1143
28827.524757,2357665620,2357666771,16391,1151
28827.572844,2357702056,2357703196,16346,1140
28827.587878,2357713475,2357714619,16369,1144
28827.623942,2357740789,2357741933,16441,1144
28827.673041,2357779473,2357780607,16031,1134
28827.726133,2357818183,2357819324,16355,1141
28827.738153,2357827483,2357828626,16034,1143
28827.750183,2357836583,2357837724,16369,1141
28827.777234,2357857029,2357858171,16445,1142
28827.789256,2357866172,2357867318,16432,1146
28827.849371,2357911668,2357912809,16361,1141
28827.861392,2357920772,2357921912,16373,1140
28827.873411,2357929858,2357931001,16026,1143
28827.912493,2357959493,2357960639,16466,1146
28827.924513,2357968631,2357969771,16431,1140
28827.939544,2357980027,2357981170,16379,1143
28827.969595,2358002890,2358004030,16435,1140
28827.981619,2358011997,2358013134,16314,1137
28827.993646,2358021119,2358022260,16368,1141
28828.041734,2358057563,2358058694,16374,1131
28828.053756,2358066667,2358067803,16231,1136
28828.084821,2358091753,2358092896,16338,1143
28828.104855,2358105418,2358106560,16376,1142
28828.116874,2358114528,2358115657,16076,1129
28828.143925,2358134981,2358136124,16034,1143
28828.155954,2358144105,2358145246,16360,1141
28828.167976,2358153245,2358154386,16430,1141
28828.186010,2358166921,2358168052,16352,1131
28828.198030,2358176042,2358177183,16236,1141
28828.240112,2358207943,2358209089,16463,1146
28828.252130,2358217053,2358218182,15992,1129
28828.264162,2358226141,2358227261,16217,1120
28828.282199,2358239801,2358240938,16458,1137
28828.294213,2358248888,2358250034,16448,1146
28828.348319,2358289863,2358291005,16431,1142
28828.360336,2358298982,2358300115,16106,1133
28828.372366,2358308061,2358309207,16437,1146
28828.393401,2358324032,2358325178,16437,1146
28828.405423,2358333104,2358334247,16033,1143
28828.456522,2358371811,2358372948,16365,1137
28828.468551,2358380924,2358382067,16189,1143
28828.480574,2358390127,2358391280,16475,1153
28828.492591,2358399296,2358400447,16146,1151
28828.504621,2358408471,2358409623,16309,1152
28828.516643,2358417645,2358418787,16393,1142
28828.531672,2358429125,2358430273,16327,1148
28828.543696,2358438315,2358439462,16318,1147
28828.555713,2358447503,2358448654,16261,1151
28828.573744,2358461289,2358462437,16229,1148
28828.585773,2358470681,2358471817,16313,1136
28828.603807,2358484457,2358485608,16310,1151
28828.616839,2358495973,2358497118,16261,1145
28828.633866,2358507438,2358508584,16389,1146
28828.645882,2358516625,2358517771,16246,1146
28828.660916,2358528110,2358529261,16373,1151
28828.672932,2358537302,2358538453,16204,1151
28828.719528,2358573164,2358574309,16373,1145
28828.731545,2358582379,2358583525,16262,1146
28828.743573,2358591575,2358592717,16219,1142
28828.755593,2358600673,2358601815,16350,1142
28828.776633,2358616618,2358617764,16349,1146
28828.788651,2358625724,2358626864,16040,1140
28828.821718,2358650847,2358651993,16269,1146
28828.833737,2358659968,2358661103,16007,1135
28828.872819,2358689556,2358690698,16386,1142
28828.884836,2358698659,2358699795,16346,1136
28828.905874,2358714572,2358715715,16045,1143
28828.917903,2358723683,2358724820,16368,1137
28828.984026,2358773790,2358774921,16376,1131
28829.026113,2358805798,2358806939,16455,1141
28829.038130,2358814910,2358816051,16462,1141
28829.077198,2358844446,2358845590,16030,1144
28829.089229,2358853556,2358854702,16360,1146
28829.101249,2358862682,2358863819,16459,1137
28829.113271,2358871783,2358872924,16312,1141
28829.128302,2358883165,2358884302,16347,1137
28829.140326,2358892221,2358893359,16072,1138
28829.188420,2358928696,2358929842,16355,1146
28829.200440,2358937827,2358938973,16369,1146
28829.212457,2358946919,2358948053,16104,1134
28829.239509,2358967376,2358968514,16036,1138
28829.251538,2358976507,2358977648,16368,1141
28829.263559,2358985652,2358986788,16346,1136
28829.281591,2358999298,2359000438,16360,1140
28829.293611,2359008367,2359009500,16028,1133
28829.305645,2359017539,2359018685,16315,1146
28829.317667,2359026721,2359027867,16334,1146
28829.329683,2359035890,2359037038,16239,1148
28829.344719,2359047358,2359048503,16391,1145
28829.401817,2359090804,2359091938,16032,1134
28829.413848,2359099908,2359101050,16391,1142
28829.455921,2359131817,2359132961,16031,1144
28829.467952,2359140937,2359142069,16413,1132
28829.479968,2359150048,2359151188,16362,1140
28829.491987,2359159149,2359160283,15996,1134
28829.510026,2359172805,2359173919,16339,1114
28829.522056,2359181920,2359183061,16454,1141
28829.561124,2359211490,2359212631,16454,1141
28829.573142,2359220590,2359221723,16026,1133
28829.609210,2359247905,2359249054,16027,1149
28829.621244,2359257054,2359258190,16338,1136
28829.636263,2359268411,2359269545,16027,1134
28829.663322,2359288892,2359290035,16116,1143
28829.675344,2359298000,2359299151,16364,1151
28829.687363,2359307101,2359308241,16370,1140
28829.699383,2359316221,2359317364,15993,1143
28829.711412,2359325331,2359326473,16357,1142
28829.723434,2359334457,2359335598,16343,1141
28829.735451,2359343514,2359344655,16031,1141
28829.747485,2359352632,2359353778,16375,1146
28829.768521,2359368563,2359369706,16357,1143
28829.780539,2359377650,2359378792,16027,1142
28829.816609,2359405033,2359406184,16331,1151
28829.828635,2359414161,2359415292,16358,1131
28829.879726,2359452854,2359453992,16022,1138
28829.891757,2359461947,2359463093,16381,1146
28829.903777,2359471092,2359472243,16338,1151
28829.921813,2359484788,2359485934,16360,1146
28829.933829,2359493910,2359495049,15996,1139
28829.960891,2359514397,2359515511,16348,1114
28829.972909,2359523479,2359524619,16355,1140
28829.984929,2359532565,2359533710,16360,1145
28829.996949,2359541646,2359542779,16028,1133
28830.024001,2359562194,2359563337,15999,1143
28830.036030,2359571313,2359572458,16373,1145
28830.048048,2359580443,2359581583,16353,1140
28830.060077,2359589530,2359590673,16117,1143
28830.072098,2359598655,2359599797,16357,1142
28830.090132,2359612337,2359613488,16355,1151
28830.102154,2359621448,2359622587,16363,1139
28830.153253,2359660191,2359661343,16362,1152
28830.165274,2359669310,2359670451,16345,1141
28830.183306,2359682953,2359684099,16369,1146
28830.195326,2359692085,2359693222,15988,1137
28830.213363,2359705751,2359706897,16240,1146
28830.225390,2359714868,2359716014,16354,1146
28830.237412,2359724015,2359725161,16348,1146
28830.249429,2359733133,2359734281,16080,1148
28830.261461,2359742243,2359743389,16491,1146
28830.300529,2359771830,2359772966,16447,1136
28830.312551,2359780976,2359782113,16312,1137
28830.400730,2359849285,2359850420,16027,1135
28830.432784,2359872050,2359873201,16366,1151
28830.444805,2359881193,2359882324,16373,1131
28830.504921,2359926676,2359927813,16441,1137
28830.516943,2359935817,2359936948,16431,1131
28830.568043,2359974481,2359975615,16374,1134
28830.580062,2359983602,2359984744,16372,1142
28830.592081,2359992677,2359993815,16027,1138
28830.613131,2360008633,2360009774,16371,1141
28830.625146,2360017740,2360018880,16357,1140
28830.637166,2360026861,2360028004,16028,1143
28830.658217,2360042821,2360043963,16385,1142
28830.670237,2360051967,2360053107,16365,1140
28830.682252,2360061097,2360062240,16074,1143
28830.716333,2360088413,2360089561,15996,1148
28830.820521,2360165921,2360167067,16355,1146
28830.832540,2360175029,2360176165,16351,1136
28830.865607,2360200030,2360201176,16359,1146
28830.877629,2360209169,2360210300,16341,1131
28830.889647,2360218237,2360219368,16036,1131
28830.901676,2360227349,2360228493,16447,1144
28830.916701,2360238776,2360239917,16235,1141
28830.931732,2360250210,2360251352,16427,1142
28830.943749,2360259309,2360260442,16030,1133
28830.955782,2360268423,2360269563,16282,1140
28830.967798,2360277511,2360278653,16361,1142
28830.979821,2360286613,2360287730,16272,1117
28831.021903,2360318473,2360319613,16380,1140
28831.033921,2360327596,2360328736,15995,1140
28831.051963,2360341260,2360342399,16076,1139
28831.063984,2360350372,2360351509,16358,1137
28831.076005,2360359484,2360360612,16360,1128
28831.088027,2360368543,2360369686,16144,1143
28831.100057,2360377679,2360378819,16385,1140
28831.112075,2360386827,2360387973,16358,1146
28831.124092,2360395933,2360397076,15991,1143
28831.136121,2360405061,2360406202,16439,1141
28831.148141,2360414178,2360415329,16409,1151
28831.160161,2360423288,2360424421,16026,1133
28831.172190,2360432387,2360433524,16359,1137
28831.184209,2360441479,2360442626,16450,1147
28831.196229,2360450569,2360451712,16102,1143
28831.208262,2360459703,2360460849,16444,1146
28831.220279,2360468819,2360469965,16456,1146
28831.232301,2360477908,2360479030,16266,1122
28831.244327,2360486989,2360488130,16245,1141
28831.260363,2360500636,2360501782,16458,1146
28831.277387,2360512036,2360513173,16330,1137
28831.289415,2360521160,2360522311,16464,1151
28831.364552,2360578084,2360579230,16360,1146
28831.376572,2360587188,2360588331,16027,1143
28831.424675,2360623619,2360624759,16385,1140
28831.444331,2360632890,2360633495,11969,605
28831.483284,2360655753,2360656885,16388,1132
28831.496812,2360666198,2360667336,16401,1138
28831.508827,2360675287,2360676417,16236,1130
28831.520856,2360684422,2360685573,16313,1151
28831.532879,2360693579,2360694710,16378,1131
28831.544895,2360702717,2360703858,16251,1141
28831.559932,2360714146,2360715292,16397,1146
28831.571947,2360723305,2360724446,16237,1141
28831.583977,2360732442,2360733585,16335,1143
28831.596000,2360741580,2360742720,16398,1140
28831.608016,2360750715,2360751852,16236,1137
28831.620044,2360759855,2360760996,16312,1141
28831.632069,2360768992,2360770123,16398,1131
28831.644084,2360778120,2360779256,16242,1136
28831.656115,2360787261,2360788407,16333,1146
28831.668138,2360796404,2360797546,16402,1142
28831.680152,2360805528,2360806669,16232,1141
28831.692183,2360814695,2360815841,16312,1146
28831.704204,2360823833,2360824974,16383,1141
28831.716221,2360832997,2360834137,16247,1140
28831.728252,2360842143,2360843280,16225,1137
28831.740273,2360851280,2360852422,16384,1142
28831.752290,2360860405,2360861551,16246,1146
28831.803393,2360899239,2360900376,16357,1137
28831.815410,2360908371,2360909512,16251,1141
28831.827441,2360917528,2360918674,16232,1146
28831.839462,2360926668,2360927819,16386,1151
28831.851478,2360935813,2360936964,16235,1151
28831.863509,2360944953,2360946089,16324,1136
28831.875532,2360954082,2360955228,16396,1146
28831.887547,2360963242,2360964379,16238,1137
28831.899577,2360972380,2360973512,16306,1132
28831.911599,2360981519,2360982665,16390,1146
28831.923616,2360990658,2360991795,16316,1137
28831.935646,2360999795,2361000941,16319,1146
28831.949170,2361008393,2361009522,16307,1129
28831.961195,2361017488,2361018634,16400,1146
28831.973210,2361026622,2361027768,16255,1146
28831.985240,2361035741,2361036887,16327,1146
28832.009279,2361054022,2361055168,16250,1146
28832.021308,2361063180,2361064326,16388,1146
28832.033331,2361072323,2361073467,16387,1144
28832.045346,2361081466,2361082605,16220,1139
28832.072399,2361102073,2361103219,16247,1146
28832.084428,2361111217,2361112363,16301,1146
28832.096452,2361120362,2361121508,16415,1146
28832.108467,2361129512,2361130649,16231,1137
28832.120496,2361138635,2361139778,16315,1143
28832.132519,2361147791,2361148926,16391,1135
28832.144534,2361156956,2361158097,16227,1141
28832.156565,2361166092,2361167229,16357,1137
28832.180604,2361184363,2361185494,16238,1131
28832.192633,2361193503,2361194649,16353,1146
28832.204657,2361202653,2361203794,16302,1141
28832.216673,2361211804,2361212943,16251,1139
28832.231709,2361223276,2361224417,16399,1141
28832.243723,2361232409,2361233550,16241,1141
28832.255753,2361241541,2361242677,16319,1136
28832.267777,2361250686,2361251827,16394,1141
28832.279793,2361259836,2361260973,16232,1137
28832.297827,2361273539,2361274685,16250,1146
28832.309858,2361282711,2361283862,16319,1151
28832.327892,2361296428,2361297566,16294,1138
28832.339915,2361305549,2361306695,16396,1146
28832.351930,2361314709,2361315851,16323,1142
28832.363959,2361323872,2361325018,16353,1146
28832.375984,2361333005,2361334151,16435,1146
28832.387999,2361342166,2361343303,16240,1137
28832.406033,2361355878,2361357024,16242,1146
28832.418062,2361365019,2361366163,16405,1144
28832.433085,2361376455,2361377593,16258,1138
28832.445114,2361385593,2361386734,16360,1141
28832.457136,2361394721,2361395866,16295,1145
28832.481183,2361413026,2361414172,16316,1146
28832.493205,2361422190,2361423327,16316,1137
28832.505222,2361431326,2361432472,16163,1146
28832.517251,2361440462,2361441604,16213,1142
28832.532273,2361451866,2361453001,16236,1135
28832.544304,2361461009,2361462155,16317,1146
28832.556325,2361470151,2361471297,16387,1146
28832.568342,2361479286,2361480432,16235,1146
28832.580371,2361488437,2361489584,16326,1147
28832.604410,2361506736,2361507878,16318,1142
28832.616441,2361515866,2361517005,16326,1139
28832.628463,2361524997,2361526138,16387,1141
28832.640478,2361534144,2361535285,16180,1141
28832.652508,2361543289,2361544426,16316,1137
28832.664531,2361552436,2361553582,16296,1146
28832.676548,2361561589,2361562726,16233,1137
28832.688577,2361570760,2361571906,16225,1146
28832.703599,2361582197,2361583333,16232,1136
28832.715632,2361591391,2361592546,16317,1155
28832.727653,2361600526,2361601668,16401,1142
28832.739666,2361609667,2361610810,16213,1143
28832.817824,2361669112,2361670256,16405,1144
28832.829840,2361678263,2361679399,16238,1136
28832.844874,2361689711,2361690846,16388,1135
28832.856891,2361698859,2361700001,16144,1142
28832.868921,2361707998,2361709144,16321,1146
28832.889961,2361723994,2361725134,16415,1140
28832.901977,2361733140,2361734286,16251,1146
28832.915500,2361743808,2361744961,16079,1153
28832.928532,2361755413,2361756559,16357,1146
28832.951571,2361771394,2361772536,16247,1142
28832.963600,2361780553,2361781698,16329,1145
28832.975621,2361789698,2361790835,16376,1137
28832.987640,2361798819,2361799965,16177,1146
28833.008685,2361814841,2361815978,16309,1137
28833.020707,2361823986,2361825132,16362,1146
28833.032725,2361833146,2361834285,16249,1139
28833.047758,2361844578,2361845714,16370,1136
28833.059776,2361853716,2361854862,16261,1146
28833.071805,2361862835,2361863986,16317,1151
28833.083828,2361872001,2361873149,16384,1148
28833.095845,2361881146,2361882292,16172,1146
28833.109371,2361891832,2361892973,16247,1141
28833.121400,2361900993,2361902144,16316,1151
28833.133423,2361910187,2361911332,16386,1145
28833.145439,2361919325,2361920462,16248,1137
28833.156974,2361930028,2361931179,16345,1151
28833.180012,2361946099,2361947250,16318,1151
28833.192033,2361955256,2361956397,16371,1141
28833.204050,2361964411,2361965557,16260,1146
28833.216079,2361973534,2361974675,16225,1141
28833.228101,2361982684,2361983826,16369,1142
28833.240119,2361991828,2361992965,16262,1137
28833.252148,2362000964,2362002107,16322,1143
28833.265675,2362011633,2362012773,16321,1140
28833.277699,2362020805,2362021951,16471,1146
28833.313764,2362048245,2362049382,16284,1137
28833.325782,2362057386,2362058531,16175,1145
28833.373881,2362093988,2362095134,16330,1146
28833.385903,2362103133,2362104274,16488,1141
28833.421972,2362130555,2362131701,16386,1146
28833.433987,2362139700,2362140842,16224,1142
28833.476074,2362171692,2362172839,16389,1147
28833.488091,2362180837,2362181983,16338,1146
28833.500122,2362189999,2362191137,16317,1138
28833.518155,2362203719,2362204850,16326,1131
28833.530179,2362212860,2362214006,16317,1146
28833.578263,2362249440,2362250586,16238,1146
28833.590291,2362258602,2362259748,16316,1146
28833.629367,2362288313,2362289458,16401,1145
28833.641382,2362297458,2362298604,16249,1146
28833.680463,2362327189,2362328332,16399,1143
28833.692486,2362337105,2362338242,16391,1137
28833.737572,2362376902,2362378039,16388,1137
28833.749586,2362386849,2362387992,16086,1143
28833.761619,2362396817,2362397963,16397,1146
28833.780650,2362414732,2362415887,16395,1155
28833.833756,2362459199,2362460345,16351,1146
28833.845777,2362468773,2362469919,16384,1146
28833.875826,2362494789,2362495929,16009,1140
28833.896875,2362511093,2362512234,16350,1141
28833.908899,2362520206,2362521352,16311,1146
28833.929929,2362536119,2362537258,15999,1139
28833.941962,2362545240,2362546386,16350,1146
28833.984032,2362577188,2362578328,16079,1140
28834.089242,2362656930,2362658077,16401,1147
28834.101254,2362666031,2362667174,15997,1143
28834.113288,2362675160,2362676301,16356,1141
28834.125309,2362684284,2362685425,16395,1141
28834.137323,2362693408,2362694543,16001,1135
28834.149356,2362702504,2362703643,16436,1139
28834.161377,2362711653,2362712799,16377,1146
28834.185425,2362729869,2362731015,16343,1146
28834.197446,2362739007,2362740153,16380,1146
28834.215482,2362752684,2362753829,16402,1145
28834.227494,2362761793,2362762937,16035,1144
28834.245529,2362775458,2362776601,15997,1143
28834.257562,2362784562,2362785700,16349,1138
28834.308649,2362823298,2362824441,16002,1143
28834.320682,2362832414,2362833555,16434,1141
28834.336717,2362846161,2362847309,16322,1148
28834.356749,2362859961,2362861108,16320,1147
28834.368772,2362869179,2362870329,16318,1150
28834.380794,2362878393,2362879541,16280,1148
28834.392816,2362887586,2362888732,16275,1146
28834.407837,2362899036,2362900176,16094,1140
28834.419868,2362908144,2362909281,16420,1137
28834.431890,2362917230,2362918374,16458,1144
28834.443906,2362926362,2362927499,16020,1137
28834.455937,2362935494,2362936640,16307,1146
28834.467959,2362944611,2362945757,16366,1146
28834.479974,2362953702,2362954837,16016,1135
28834.492007,2362962815,2362963958,16352,1143
28834.504027,2362971946,2362973088,16284,1142
28834.516043,2362981023,2362982167,16017,1144
28834.528072,2362990137,2362991257,16149,1120
28834.552112,2363008323,2363009472,16016,1149
28834.564144,2363017444,2363018588,16263,1144
28834.576165,2363026710,2363027856,16385,1146
28834.588180,2363035796,2363036934,16019,1138
28834.600210,2363044940,2363046077,16226,1137
28834.612235,2363054056,2363055193,16391,1137
28834.624249,2363063158,2363064296,16019,1138
28834.642284,2363076802,2363077945,16015,1143
28834.663332,2363092750,2363093891,16345,1141
28834.675355,2363101877,2363103023,16322,1146
28834.687368,2363110971,2363112104,16017,1133
28834.699398,2363120086,2363121213,16150,1127
28834.711422,2363129158,2363130300,16370,1142
28834.723438,2363138267,2363139411,16022,1144
28834.735468,2363147394,2363148530,16348,1136
28834.747492,2363156507,2363157647,16293,1140
28834.759506,2363165617,2363166750,16016,1133
28834.771537,2363174759,2363175899,16321,1140
28834.783561,2363184043,2363185180,16384,1137
28834.795574,2363193158,2363194296,16096,1138
28834.807607,2363202271,2363203417,16438,1146
28834.819629,2363211368,2363212509,16462,1141
28834.831646,2363220472,2363221617,16262,1145
28834.843674,2363229580,2363230721,16357,1141
28834.855696,2363238707,2363239847,16371,1140
28834.867714,2363247825,2363248971,16330,1146
28834.879743,2363256947,2363258088,16336,1141
28834.891765,2363266084,2363267221,16366,1137
28834.903786,2363275194,2363276335,16285,1141
28834.915813,2363284296,2363285443,16267,1147
28834.927834,2363293437,2363294578,16367,1141
28834.960897,2363318457,2363319597,16333,1140
28834.972921,2363327571,2363328713,16312,1142
28834.984937,2363336870,2363338010,16245,1140
28834.999972,2363348264,2363349406,16383,1142
28835.011986,2363357344,2363358477,16022,1133
28835.024017,2363366444,2363367586,16331,1142
28835.036041,2363375550,2363376691,16296,1141
28835.048057,2363384647,2363385791,16162,1144
28835.060084,2363393765,2363394887,16065,1122
28835.072109,2363402869,2363404006,16398,1137
28835.084126,2363411978,2363413124,16255,1146
28835.096155,2363421096,2363422242,16347,1146
28835.108177,2363430226,2363431377,16387,1151
28835.120192,2363439333,2363440468,16017,1135
28835.132224,2363448455,2363449580,16176,1125
28835.144246,2363457538,2363458675,16389,1137
28835.171297,2363478036,2363479182,16384,1146
28835.183317,2363487208,2363488344,16351,1136
28835.195344,2363496318,2363497461,16260,1143
28835.207365,2363505476,2363506627,16368,1151
28835.219381,2363514584,2363515719,16016,1135
28835.231410,2363523705,2363524824,16050,1119
28835.243433,2363532794,2363533945,16369,1151
28835.255451,2363541897,2363543043,16164,1146
28835.273486,2363555588,2363556729,16246,1141
28835.285516,2363564708,2363565854,16343,1146
28835.321583,2363592011,2363593152,16344,1141
28835.333607,2363601146,2363602292,16396,1146
28835.357653,2363619413,2363620549,16350,1136
28835.369675,2363628534,2363629675,16404,1141
28835.381690,2363637636,2363638780,16093,1144
28835.393721,2363646805,2363647951,16350,1146
28835.471861,2363706016,2363707150,16081,1134
28835.483893,2363715110,2363716256,16417,1146
28835.495917,2363724241,2363725373,16485,1132
28835.507933,2363733337,2363734478,16238,1141
28835.519961,2363742457,2363743579,16152,1122
28835.531984,2363751540,2363752687,16378,1147
28835.543998,2363760645,2363761779,15921,1134
28835.556030,2363769755,2363770901,16335,1146
28835.568054,2363778877,2363780018,16414,1141
28835.586087,2363792553,2363793689,16380,1136
28835.601117,2363804041,2363805183,16398,1142
28835.613137,2363813412,2363814553,16378,1141
28835.625146,2363822518,2363823656,16081,1138
28835.697283,2363876945,2363878087,16088,1142
28835.709315,2363886046,2363887187,16225,1141
28835.721344,2363895127,2363896278,16397,1151
28835.733360,2363904183,2363905319,16104,1136
28835.784464,2363942751,2363943897,16380,1146
28835.796485,2363951869,2363953018,16343,1149
28835.877625,2364013179,2364014317,16083,1138
28835.889659,2364022247,2364023391,16039,1144
28835.901687,2364031326,2364032467,16378,1141
28835.913701,2364040385,2364041527,16038,1142
28835.943761,2364063081,2364064200,16239,1119
28835.955790,2364072133,2364073275,16397,1142
28835.967802,2364081188,2364082328,16122,1140
28835.979830,2364090272,2364091387,16318,1115
28835.991857,2364099334,2364100456,16276,1122
28836.009893,2364112938,2364114089,16389,1151
28836.021901,2364122030,2364123165,16084,1135
28836.039934,2364135623,2364136761,16163,1138
28836.051968,2364144673,2364145813,16052,1140
28836.063996,2364153749,2364154889,16414,1140
28836.076002,2364162804,2364163942,16083,1138
28836.088036,2364171870,2364172988,16241,1118
28836.100065,2364180919,2364182061,16391,1142
28836.112079,2364189999,2364191131,16121,1132
28836.124105,2364199077,2364200215,16116,1138
28836.202244,2364258001,2364259130,16081,1129
28836.214272,2364267279,2364268426,16218,1147
28836.226305,2364276358,2364277494,16387,1136
28836.236327,2364285438,2364286581,16035,1143
28836.259369,2364301361,2364302509,16112,1148
28836.271390,2364310448,2364311588,16386,1140
28836.283396,2364319488,2364320626,16082,1138
28836.295431,2364328528,2364329662,16039,1134
28836.307460,2364337611,2364338731,16232,1120
28836.319467,2364346666,2364347804,16086,1138
28836.331499,2364355706,2364356823,16150,1117
28836.343527,2364364759,2364365905,16387,1146
28836.355534,2364373825,2364374963,16086,1138
28836.367567,2364382908,2364384054,16242,1146
28836.379596,2364391998,2364393142,16386,1144
28836.391603,2364401064,2364402204,16082,1140
28836.409644,2364414682,2364415820,16036,1138
28836.421671,2364423784,2364424924,16121,1140
28836.433699,2364432871,2364434002,16469,1131
28836.448723,2364444193,2364445336,16043,1143
28836.460750,2364453252,2364454389,16373,1137
28836.475774,2364464587,2364465727,16118,1140
28836.548908,2364521377,2364522523,16395,1146
28836.617031,2364571319,2364572462,16082,1143
28836.629065,2364580389,2364581524,16040,1135
28836.641095,2364589478,2364590625,16316,1147
28836.653112,2364598564,2364599710,16253,1146
28836.728254,2364655255,2364656388,16037,1133
28836.740282,2364664357,2364665508,16387,1151
28836.755312,2364675699,2364676842,16107,1143
28836.809407,2364716642,2364717788,16323,1146
28836.821437,2364725720,2364726866,16484,1146
28836.833444,2364734837,2364735977,16159,1140
28836.845473,2364743928,2364745069,16038,1141
28836.857504,2364753014,2364754155,16365,1141
28836.875536,2364766679,2364767820,16435,1141
28836.905588,2364789338,2364790476,16041,1138
28836.917614,2364798442,2364799577,16041,1135
28836.929642,2364807495,2364808635,16478,1140
28836.944665,2364818860,2364819998,16037,1138
28836.965711,2364834760,2364835901,16470,1141
28836.977717,2364843868,2364845001,16160,1133
28837.028830,2364882451,2364883591,16472,1140
28837.040839,2364891652,2364892786,16087,1134
28837.055882,2364903058,2364904190,16376,1132
28837.067890,2364912110,2364913244,16084,1134
28837.079923,2364921167,2364922300,15960,1133
28837.097953,2364934741,2364935879,16041,1138
28837.109985,2364943852,2364945003,16393,1151
28837.134026,2364961979,2364963119,16051,1140
28837.146052,2364971052,2364972194,16370,1142
28837.173106,2364991484,2364992621,16394,1137
28837.185114,2365000531,2365001674,16090,1143
28837.197146,2365009618,2365010761,16036,1143
28837.236226,2365039198,2365040334,16383,1136
28837.248234,2365048308,2365049446,16084,1138
28837.260266,2365057369,2365058507,16080,1138
28837.276326,2365070978,2365072127,16042,1149
28837.320370,2365102754,2365103883,16086,1129
28837.332403,2365111833,2365112976,16040,1143
28837.380498,2365148139,2365149286,16364,1147
28837.392506,2365157215,2365158350,16082,1135
28837.404535,2365166298,2365167444,16145,1146
28837.416567,2365175393,2365176534,16375,1141
28837.428575,2365184466,2365185604,16082,1138
28837.440608,2365193521,2365194664,16057,1143
28837.455631,2365204839,2365205970,16070,1131
28837.467660,2365214088,2365215231,16039,1143
28837.479688,2365223180,2365224316,16471,1136
28837.491695,2365232249,2365233378,16161,1129
28837.503728,2365241363,2365242504,16254,1141
28837.515755,2365250427,2365251564,16409,1137
28837.533789,2365264052,2365265194,16444,1142
28837.545800,2365273112,2365274250,16092,1138
28837.599908,2365313904,2365315048,16040,1144
28837.611934,2365322995,2365324127,16041,1132
28837.623963,2365332059,2365333202,16397,1143
28837.641997,2365345667,2365346818,16468,1151
28837.654005,2365354742,2365355881,16163,1139
28837.666039,2365363851,2365364997,16232,1146
28837.705119,2365393391,2365394528,16488,1137
28837.717124,2365402461,2365403590,16161,1129
28837.729158,2365411534,2365412671,16043,1137
28837.807296,2365470575,2365471710,16087,1135
28837.819325,2365479661,2365480804,16110,1143
28837.831357,2365488737,2365489873,16338,1136
28837.843365,2365497820,2365498953,16086,1133
28837.855396,2365506892,2365508009,15972,1117
28837.867427,2365515940,2365517059,16228,1119
28837.879439,2365525266,2365526398,16036,1132
28837.897474,2365538855,2365540004,15953,1149
28837.909500,2365547953,2365549091,16041,1138
28837.921530,2365557066,2365558212,16381,1146
28837.933535,2365566154,2365567289,16078,1135
28837.948580,2365577482,2365578624,16359,1142
28837.960587,2365586535,2365587667,16083,1132
28837.972620,2365595583,2365596700,16236,1117
28837.984650,2365604653,2365605790,16399,1137
28838.023719,2365634219,2365635355,16347,1136
28838.035737,2365643310,2365644445,15953,1135
28838.047768,2365652417,2365653563,16400,1146
28838.059777,2365661487,2365662622,16110,1135
28838.080826,2365677344,2365678474,16032,1130
28838.092851,2365686468,2365687614,16356,1146
28838.119907,2365706918,2365708064,16324,1146
28838.131924,2365716030,2365717166,16339,1136
28838.143953,2365725093,2365726226,16107,1133
28838.155974,2365734172,2365735313,16389,1141
28838.174009,2365747789,2365748934,16387,1145
28838.186028,2365756871,2365758008,16347,1137
28838.229114,2365790886,2365792024,16083,1138
28838.249135,2365804491,2365805629,16080,1138
28838.261169,2365813540,2365814648,16314,1108
28838.273195,2365822620,2365823740,16263,1120
28838.288216,2365833939,2365835083,16035,1144
28838.300250,2365843074,2365844214,16487,1140
28838.312256,2365852145,2365853287,16097,1142
28838.324289,2365861248,2365862382,16118,1134
28838.336319,2365870314,2365871434,16314,1120
28838.348324,2365879377,2365880509,16078,1132
28838.360354,2365888453,2365889591,16032,1138
28838.375375,2365899785,2365900919,16075,1134
28838.441519,2365949707,2365950842,16115,1135
28838.453540,2365958793,2365959934,16387,1141
28838.465547,2365967861,2365969001,16137,1140
28838.492606,2365988247,2365989385,16120,1138
28838.504633,2365997401,2365998538,16308,1137
28838.516661,2366006493,2366007632,16490,1139
28838.544721,2366029244,2366030384,16350,1140
28838.633881,2366095092,2366096234,16372,1142
28838.645892,2366104152,2366105295,16088,1143
28838.663938,2366117810,2366118951,16358,1141
28838.675957,2366126872,2366127989,16236,1117
28838.687988,2366135941,2366137061,16233,1120
28838.706021,2366149550,2366150686,16436,1136
28838.718031,2366158666,2366159804,16165,1138
28838.749092,2366183629,2366184775,16360,1146
28838.853284,2366260760,2366261895,16084,1135
28838.865316,2366269844,2366270990,16319,1146
28838.877346,2366278948,2366280091,16344,1143
28838.889360,2366288018,2366289156,16006,1138
28838.913415,2366306183,2366307329,16388,1146
28838.925423,2366315271,2366316414,16160,1143
28838.952473,2366335687,2366336830,16084,1143
28838.964507,2366344788,2366345931,16039,1143
28838.985554,2366360719,2366361861,16405,1142
28838.997571,2366369824,2366370960,16346,1136
28839.009592,2366378872,2366379986,16232,1114
28839.069696,2366424146,2366425279,16081,1133
28839.081730,2366433191,2366434325,16045,1134
28839.111794,2366455852,2366456998,16502,1146
28839.123800,2366464960,2366466100,16164,1140
28839.141833,2366478620,2366479758,16079,1138
28839.153867,2366487683,2366488816,16034,1133
28839.177902,2366505862,2366507004,16210,1142
28839.189930,2366514978,2366516115,16241,1137
28839.280107,2366583001,2366584135,16121,1134
28839.292136,2366592096,2366593237,16408,1141
28839.304142,2366601164,2366602302,16164,1138
28839.334216,2366623798,2366624936,16107,1138
28839.346241,2366632926,2366634072,16388,1146
28839.358244,2366641972,2366643115,16000,1143
28839.376279,2366655652,2366656783,16086,1131
28839.388314,2366664782,2366665938,16175,1156
28839.409358,2366680737,2366681883,16381,1146
28839.421364,2366689841,2366690986,16084,1145
28839.445427,2366708045,2366709191,16384,1146
28839.457433,2366717101,2366718244,16079,1143
28839.496519,2366746607,2366747749,16039,1142
28839.508548,2366755679,2366756820,16407,1141
28839.520553,2366764742,2366765880,16002,1138
28839.544616,2366782910,2366784055,16379,1145
28839.556636,2366792031,2366793177,16344,1146
28839.596712,2366823889,2366825034,16456,1145
28839.625769,2366844300,2366845437,16391,1137
28839.637778,2366853374,2366854517,16081,1143
28839.652822,2366864715,2366865861,16488,1146
28839.700897,2366901034,2366902177,16087,1143
28839.712930,2366910105,2366911248,16034,1143
28839.758016,2366944086,2366945224,16035,1138
28839.770041,2366953215,2366954361,16358,1146
28839.801109,2366978154,2366979289,16037,1135
28839.848186,2367012223,2367013363,16242,1140
28839.860216,2367021299,2367022437,16439,1138
28839.872224,2367030385,2367031519,16080,1134
28839.884250,2367039453,2367040594,16297,1141
28839.908291,2367057595,2367058723,16076,1128
28839.920320,2367066673,2367067813,16033,1140
28839.944359,2367084807,2367085945,16085,1138
28839.956393,2367093899,2367095036,16061,1137
28839.968419,2367103007,2367104141,16385,1134
28839.983443,2367114390,2367115546,16254,1156
28839.995473,2367123566,2367124718,16305,1152
28840.007494,2367132721,2367133863,16368,1142
28840.019509,2367141840,2367142980,15975,1140
28840.031541,2367151009,2367152162,16223,1153
28840.043561,2367160152,2367161296,16354,1144
28840.055581,2367169260,2367170395,16056,1135
28840.067608,2367178313,2367179454,16372,1141
28840.079624,2367187382,2367188520,16052,1138
28840.091650,2367196472,2367197611,16057,1139
28840.103677,2367205560,2367206706,16372,1146
28840.124703,2367221449,2367222582,16078,1133
28840.136736,2367230503,2367231646,16052,1143
28840.169789,2367255473,2367256613,16085,1140
28840.181822,2367264594,2367265740,16234,1146
28840.232908,2367303170,2367304300,16080,1130
28840.244942,2367312226,2367313369,16039,1143
28840.265987,2367328121,2367329267,16472,1146
28840.278001,2367337150,2367338295,16038,1145
28840.290028,2367346234,2367347367,16038,1133
28840.338122,2367382521,2367383667,16444,1146
28840.350132,2367391582,2367392725,16090,1143
28840.380194,2367414299,2367415436,16224,1137
28840.392228,2367423429,2367424579,16487,1150
28840.404234,2367432505,2367433643,16083,1138
28840.440302,2367459733,2367460866,16080,1133
28840.452337,2367468800,2367469943,16049,1143
28840.488405,2367496034,2367497177,16039,1143
28840.500434,2367505145,2367506291,16379,1146
28840.512440,2367514185,2367515319,16083,1134
28840.540515,2367536853,2367537995,16037,1142
28840.584577,2367568637,2367569772,16165,1135
28840.596609,2367577777,2367578919,16192,1142
28840.623671,2367591592,2367592192,12023,600
28840.637191,2367596636,2367597450,13381,814
28840.649217,2367605316,2367606445,16347,1129
28840.661222,2367614302,2367615437,16047,1135
28840.673263,2367623309,2367624441,16115,1132
28840.685281,2367632387,2367633525,16350,1138
28840.751394,2367682315,2367683453,16079,1138
28840.763428,2367691372,2367692515,16043,1143
28840.775455,2367700444,2367701585,16357,1141
28840.787462,2367709521,2367710664,16087,1143
28840.799496,2367718641,2367719782,16257,1141
28840.811525,2367727726,2367728862,16390,1136
28840.823543,2367736754,2367737892,16129,1138
28840.835565,2367745822,2367746966,16124,1144
28840.847593,2367754866,2367756007,16471,1141
28840.859601,2367764002,2367765144,16085,1142
28840.871640,2367773064,2367774203,16187,1139
28840.884660,2367784461,2367785601,16086,1140
28840.904685,2367798076,2367799219,16160,1143
28840.916720,2367807169,2367808312,16124,1143
28840.928747,2367816288,2367817429,16466,1141
28840.940754,2367825368,2367826496,16081,1128
28840.985846,2367859374,2367860510,16126,1136
28840.997874,2367868446,2367869581,16120,1135
28841.012891,2367879839,2367880977,16038,1138
28841.024921,2367888910,2367890062,16220,1152
28841.036954,2367898010,2367899130,16234,1120
28841.051976,2367909305,2367910448,16036,1143
28841.064004,2367918380,2367919526,16381,1146
28841.076013,2367927461,2367928603,16046,1142
28841.088045,2367936516,2367937634,16244,1118
28841.100074,2367945586,2367946737,16387,1151
28841.112080,2367954656,2367955799,16087,1143
28841.125611,2367963246,2367964376,16155,1130
28841.137639,2367972251,2367973378,16046,1127
28841.149669,2367981336,2367982477,16374,1141
28841.161686,2367990388,2367991528,16338,1140
28841.173703,2367999457,2368000598,16222,1141
28841.185737,2368008546,2368009692,16399,1146
28841.197744,2368017634,2368018768,16084,1134
28841.209777,2368026795,2368027940,16238,1145
28841.221805,2368035876,2368037021,16370,1145
28841.233811,2368044982,2368046125,16080,1143
28841.245845,2368054051,2368055189,16040,1138
28841.257871,2368063176,2368064308,16357,1132
28841.269887,2368072246,2368073381,16040,1135
28841.281910,2368081363,2368082501,16041,1138
28841.293945,2368090428,2368091548,16354,1120
28841.308965,2368101748,2368102885,16044,1137
28841.320994,2368110857,2368112003,16318,1146
28841.360051,2368140312,2368141456,16077,1144
28841.372080,2368149402,2368150518,16045,1116
28841.384114,2368158465,2368159587,16281,1122
28841.405137,2368174319,2368175457,16160,1138
28841.433709,2368195943,2368197084,16393,1141
28841.445714,2368205005,2368206140,16162,1135
28841.472766,2368225394,2368226537,16165,1143
28841.484799,2368234466,2368235604,16121,1138
28841.508834,2368252588,2368253729,16163,1141
28841.520864,2368261668,2368262801,16232,1133
28841.544905,2368279808,2368280946,16161,1138
28841.556937,2368288871,2368289995,16042,1124
28841.571954,2368300200,2368301335,16077,1135
28841.596016,2368318325,2368319466,16386,1141
28841.608028,2368327379,2368328509,16135,1130
28841.621553,2368337832,2368338963,16126,1131
28841.645609,2368355944,2368357080,16487,1136
28841.657619,2368365009,2368366136,16161,1127
28841.669646,2368374073,2368375210,16322,1137
28841.681678,2368383136,2368384272,16463,1136
28841.696702,2368394428,2368395571,16053,1143
28841.708730,2368403498,2368404642,16380,1144
28841.741788,2368428422,2368429559,16137,1137
28841.753817,2368437520,2368438666,16368,1146
28841.765830,2368446599,2368447734,16035,1135
28841.777857,2368455695,2368456827,16034,1132
28841.789884,2368464774,2368465916,16381,1142
28841.801893,2368473839,2368474977,16087,1138
28841.813933,2368482910,2368484027,16322,1117
28841.825955,2368491948,2368493092,16395,1144
28841.840977,2368503315,2368504468,16037,1153
28841.853004,2368512396,2368513533,16382,1137
28841.868023,2368523731,2368524877,16302,1146
28841.880056,2368532810,2368533956,16469,1146
28841.892064,2368541887,2368543028,16048,1141
28841.904097,2368550971,2368552104,15955,1133
28841.916124,2368560041,2368561177,16366,1136
28841.928132,2368569101,2368570244,16080,1143
28841.961210,2368594050,2368595191,16379,1141
28841.973217,2368603129,2368604272,16084,1143
28841.985251,2368612195,2368613312,16238,1117
28841.997281,2368621262,2368622408,16489,1146
28842.021316,2368639420,2368640563,16082,1143
28842.036339,2368651016,2368652163,16159,1147
28842.048372,2368660094,2368661232,16128,1138
28842.105486,2368703255,2368704400,16413,1145
28842.117492,2368712386,2368713529,16084,1143
28842.153560,2368739640,2368740778,16161,1138
28842.165594,2368748747,2368749887,16321,1140
28842.183629,2368762391,2368763511,16138,1120
28842.195656,2368771453,2368772590,16468,1137
28842.207665,2368780533,2368781675,16081,1142
28842.219697,2368789617,2368790760,16117,1143
28842.231726,2368798938,2368800079,16406,1141
28842.243742,2368808040,2368809178,16356,1138
28842.255763,2368817086,2368818230,16005,1144
28842.267795,2368826230,2368827370,16364,1140
28842.279801,2368835297,2368836435,16082,1138
28842.297835,2368848913,2368850051,16084,1138
28842.309875,2368857996,2368859141,16025,1145
28842.321896,2368867090,2368868236,16382,1146
28842.333905,2368876189,2368877327,16085,1138
28842.345933,2368885260,2368886403,16033,1143
28842.382005,2368912512,2368913650,16323,1138
28842.394033,2368921599,2368922745,16386,1146
28842.406040,2368930680,2368931813,16155,1133
28842.418070,2368939753,2368940896,16082,1143
28842.430104,2368948851,2368949975,16308,1124
28842.442110,2368958003,2368959145,16083,1142
28842.454143,2368967084,2368968224,16041,1140
28842.490212,2368994383,2368995512,16048,1129
28842.502239,2369003456,2369004587,16388,1131
28842.535297,2369028427,2369029564,16034,1137
28842.547327,2369037495,2369038637,16400,1142
28842.559340,2369046541,2369047685,16040,1144
28842.571366,2369055637,2369056760,16326,1123
28842.589400,2369069258,2369070393,16039,1135
28842.601427,2369078357,2369079476,16208,1119
28842.625469,2369096450,2369097584,16122,1134
28842.637498,2369105504,2369106650,16486,1146
28842.649505,2369114810,2369115945,16084,1135
28842.661536,2369123922,2369125063,16238,1141
28842.697606,2369151129,2369152269,16039,1140
28842.709632,2369160224,2369161370,16349,1146
28842.757717,2369196541,2369197687,16001,1146
28842.769743,2369205661,2369206799,16041,1138
28842.844889,2369262361,2369263507,16355,1146
28842.856905,2369271415,2369272557,16112,1142
28842.868932,2369280800,2369281934,16042,1134
28842.920018,2369319385,2369320520,16081,1135
28842.932052,2369328452,2369329587,16040,1135
28842.944081,2369337554,2369338691,16382,1137
28842.956094,2369346626,2369347754,16043,1128
28842.974121,2369360263,2369361409,16079,1146
28842.986155,2369369339,2369370487,16121,1148
28843.064294,2369428326,2369429464,16081,1138
28843.076327,2369437455,2369438601,16223,1146
28843.100361,2369455590,2369456739,16081,1149
28843.112395,2369464660,2369465793,16041,1133
28843.124424,2369473729,2369474873,16445,1144
28843.169509,2369507733,2369508878,16390,1145
28843.181515,2369516801,2369517944,16080,1143
28843.208567,2369537174,2369538314,16085,1140
28843.220601,2369546290,2369547413,16247,1123
28843.271687,2369584843,2369585981,16082,1138
28843.283717,2369593967,2369595105,16038,1138
28843.295748,2369603046,2369604188,16382,1142
28843.307757,2369612107,2369613237,16088,1130
28843.319789,2369621205,2369622323,16235,1118
28843.331816,2369630226,2369631372,16383,1146
28843.343824,2369639299,2369640437,16078,1138
28843.355855,2369648384,2369649520,16220,1136
28843.367887,2369657462,2369658579,16223,1117
28843.379892,2369666497,2369667634,16078,1137
28843.391925,2369675570,2369676696,16058,1126
28843.403954,2369684661,2369685807,16308,1146
28843.415961,2369693754,2369694887,16162,1133
28843.427995,2369702801,2369703945,16118,1144
28843.440023,2369711887,2369713031,16388,1144
28843.452037,2369720947,2369722096,16041,1149
28843.464062,2369730090,2369731232,16248,1142
28843.476091,2369739179,2369740330,16387,1151
28843.488098,2369748296,2369749423,16081,1127
28843.500136,2369757381,2369758520,16203,1139
28843.512161,2369766495,2369767641,16490,1146
28843.524167,2369775587,2369776729,16080,1142
28843.536201,2369784662,2369785800,16036,1138
28843.554230,2369798302,2369799443,16219,1141
28843.566264,2369807386,2369808532,16401,1146
28843.608339,2369839167,2369840311,16042,1144
28843.620367,2369848245,2369849381,16402,1136
28843.671458,2369886787,2369887922,16041,1135
28843.683487,2369895862,2369897003,16402,1141
28843.708525,2369916561,2369917703,16471,1142
28843.785666,2369973319,2369974462,16084,1143
28843.797704,2369982410,2369983553,16192,1143
28843.809725,2369991514,2369992655,16416,1141
28843.875836,2370041483,2370042621,16159,1138
28843.887870,2370050545,2370051674,16048,1129
28843.899897,2370059691,2370060827,16395,1136
28843.911906,2370068782,2370069920,16085,1138
28843.923938,2370077864,2370078981,16242,1117
28843.935966,2370086901,2370088041,16383,1140
28843.947980,2370095975,2370097110,16038,1135
28843.960005,2370105077,2370106214,16235,1137
28843.972035,2370114158,2370115289,16386,1131
28843.990068,2370127794,2370128943,16379,1149
28844.002075,2370136870,2370138004,16081,1134
28844.017120,2370148188,2370149329,16379,1141
28844.029142,2370157279,2370158430,16343,1151
28844.074213,2370191334,2370192477,16082,1143
28844.086246,2370200392,2370201509,16243,1117
28844.110283,2370218562,2370219699,16082,1137
28844.128316,2370232162,2370233300,16085,1138
28844.140349,2370241289,2370242434,16229,1145
28844.167401,2370261763,2370262900,16041,1137
28844.179431,2370270842,2370271962,16150,1120
28844.191436,2370279900,2370281043,16081,1143
28844.209472,2370293504,2370294647,16079,1143
28844.221501,2370302591,2370303722,15999,1131
28844.233532,2370311657,2370312803,16389,1146
28844.245546,2370320729,2370321863,16034,1134
28844.263587,2370334343,2370335489,16359,1146
28844.275607,2370343463,2370344605,15956,1142
28844.287636,2370352551,2370353671,16223,1120
28844.311676,2370370659,2370371803,16121,1144
28844.323703,2370379775,2370380921,16390,1146
28844.335710,2370388838,2370389981,16086,1143
28844.347741,2370397956,2370399102,16225,1146
28844.359772,2370407032,2370408165,16379,1133
28844.371781,2370416078,2370417208,16085,1130
28844.383812,2370425140,2370426278,16057,1138
28844.401843,2370438771,2370439909,16014,1138
28844.413875,2370447847,2370448963,16212,1116
28844.425889,2370456921,2370458064,16018,1143
28844.437921,2370466065,2370467207,16350,1142
28844.449944,2370475227,2370476377,16372,1150
28844.461960,2370484396,2370485536,16011,1140
28844.473990,2370493562,2370494703,16357,1141
28844.489009,2370505034,2370506181,16014,1147
28844.501036,2370514154,2370515294,16062,1140
28844.522079,2370530063,2370531204,16370,1141
28844.534089,2370539137,2370540269,16083,1132
28844.558148,2370557319,2370558455,16375,1136
28844.570168,2370566455,2370567594,16348,1139
28844.609241,2370595922,2370597065,16134,1143
28844.621268,2370604997,2370606133,16381,1136
28844.660330,2370634479,2370635622,16084,1143
28844.672361,2370643567,2370644709,16044,1142
28844.693407,2370659457,2370660603,16372,1146
28844.705414,2370668533,2370669680,16111,1147
28844.724472,2370684430,2370685567,16227,1137
28844.741490,2370695769,2370696913,16117,1144
28844.753516,2370705083,2370706216,15956,1133
28844.765544,2370714162,2370715303,16396,1141
28844.777552,2370723248,2370724376,16160,1128
28844.868746,2370793511,2370794647,16232,1136
28844.903791,2370818510,2370819645,16157,1135
28844.915824,2370827567,2370828701,16114,1134
28844.927851,2370836682,2370837823,16458,1141
28844.939866,2370845745,2370846893,16035,1148
28844.951892,2370854863,2370856000,16245,1137
28844.963923,2370863945,2370865065,16245,1120
28844.975940,2370872986,2370874127,16351,1141
28844.993963,2370886648,2370887786,16076,1138
28845.005992,2370895736,2370896878,16036,1142
28845.084135,2370954676,2370955820,16081,1144
28845.096167,2370963739,2370964856,16240,1117
28845.108197,2370972796,2370973933,16480,1137
28845.120202,2370981842,2370982975,16077,1133
28845.132235,2370990953,2370992080,16211,1127
28845.144265,2371000031,2371001177,16373,1146
28845.189351,2371033997,2371035132,16382,1135
28845.201358,2371043102,2371044245,16084,1143
28845.213391,2371052162,2371053300,16044,1138
28845.225420,2371061218,2371062358,16403,1140
28845.237432,2371070313,2371071448,16108,1135
28845.255461,2371083943,2371085084,16158,1141
28845.267493,2371092994,2371094132,16114,1138
28845.279522,2371102075,2371103215,16482,1140
28845.291528,2371111135,2371112273,16163,1138
28845.303562,2371120186,2371121319,16037,1133
28845.315587,2371129264,2371130406,16353,1142
28845.327611,2371138352,2371139489,16343,1137
28845.339625,2371147415,2371148560,16208,1145
28845.351656,2371156505,2371157651,16360,1146
28845.372683,2371172411,2371173553,16076,1142
28845.384723,2371181478,2371182621,16116,1143
28845.408765,2371199623,2371200769,16360,1146
28845.420783,2371208731,2371209866,16241,1135
28845.508963,2371276842,2371277977,16040,1135
28845.528987,2371290487,2371291627,16032,1140
28845.541020,2371299629,2371300770,16355,1141
28845.613156,2371354095,2371355241,16475,1146
28845.628180,2371365433,2371366571,16041,1138
28845.715335,2371431237,2371432365,16081,1128
28845.727368,2371440292,2371441421,16114,1129
28845.739400,2371449415,2371450561,16489,1146
28845.751404,2371458524,2371459664,16081,1140
28845.763437,2371467583,2371468721,16043,1138
28845.775465,2371476652,2371477789,16393,1137
28845.787471,2371485707,2371486850,16088,1143
28845.799505,2371494760,2371495878,16238,1118
28845.811533,2371503845,2371504991,16365,1146
28845.823541,2371512903,2371514042,16085,1139
28845.835569,2371521999,2371523135,16218,1136
28845.895677,2371567328,2371568471,16083,1143
28845.907711,2371576387,2371577525,16039,1138
28845.919739,2371585482,2371586617,16469,1135
28845.931753,2371594538,2371595681,16111,1143
28845.943780,2371603692,2371604833,16235,1141
28845.955808,2371612765,2371613916,16387,1151
28845.967814,2371621835,2371622970,16082,1135
28845.985849,2371635453,2371636582,16083,1129
28845.997882,2371644533,2371645666,16039,1133
28846.024934,2371664951,2371666094,16037,1143
28846.036963,2371674068,2371675205,16404,1137
28846.088051,2371712642,2371713785,16306,1143
28846.100082,2371721752,2371722889,16454,1137
28846.118117,2371735375,2371736521,16384,1146
28846.130130,2371744475,2371745604,16006,1129
28846.145169,2371755835,2371756975,16460,1140
28846.161685,2371768563,2371769706,16082,1143
28846.173716,2371777675,2371778826,16237,1151
28846.188735,2371789081,2371790223,16087,1142
28846.251857,2371836852,2371837989,16091,1137
28846.263887,2371845974,2371847116,16249,1142
28846.275916,2371855082,2371856219,16361,1137
28846.287925,2371864166,2371865307,16094,1141
28846.308973,2371880084,2371881225,16302,1141
28846.321003,2371889182,2371890326,16381,1144
28846.345041,2371907380,2371908517,16237,1137
28846.357074,2371916483,2371917625,16389,1142
28846.465278,2371998381,2371999518,16367,1137
28846.480294,2372009743,2372010889,16210,1146
28846.537413,2372052989,2372054133,16373,1144
28846.549422,2372062077,2372063217,16088,1140
28846.561455,2372071203,2372072340,16252,1137
28846.573484,2372080307,2372081453,16390,1146
28846.585490,2372089401,2372090539,16089,1138
28846.633590,2372125837,2372126983,16247,1146
28846.645620,2372134934,2372136075,16371,1141
28846.672674,2372155400,2372156538,16403,1138
28846.684678,2372164459,2372165607,16087,1148
28846.696710,2372173586,2372174723,16232,1137
28846.759830,2372221329,2372222465,16219,1136
28846.771859,2372230475,2372231617,16400,1142
28846.783867,2372239618,2372240756,16084,1138
28846.795899,2372248702,2372249843,16310,1141
28846.816946,2372264640,2372265777,16445,1137
28846.828966,2372273741,2372274887,16453,1146
28846.880065,2372312436,2372313582,16470,1146
28846.892074,2372321545,2372322677,16091,1132
28846.904105,2372330635,2372331778,16309,1143
28846.916133,2372339741,2372340887,16458,1146
28846.937159,2372355667,2372356803,16158,1136
28846.949190,2372364778,2372365897,16136,1119
28846.964211,2372376109,2372377249,16169,1140
28846.976238,2372385227,2372386368,16216,1141
28846.988271,2372394324,2372395466,16376,1142
28847.000290,2372403452,2372404588,16342,1136
28847.012310,2372412550,2372413701,16225,1151
28847.024338,2372421659,2372422800,16268,1141
28847.036348,2372430751,2372431899,16087,1148
28847.048379,2372439862,2372441008,16239,1146
28847.060408,2372448980,2372450122,16377,1142
28847.072423,2372458072,2372459207,15919,1135
28847.105495,2372483169,2372484316,16366,1147
28847.117502,2372492292,2372493441,16089,1149
28847.129533,2372501446,2372502588,16242,1142
28847.168615,2372530989,2372532126,16475,1137
28847.180625,2372540264,2372541402,16249,1138
28847.195666,2372551658,2372552790,16363,1132
28847.207674,2372560774,2372561912,16088,1138
28847.219711,2372569869,2372571009,16297,1140
28847.237738,2372583535,2372584675,16205,1140
28847.249769,2372592640,2372593782,16386,1142
28847.303872,2372633595,2372634733,16385,1138
28847.315891,2372642699,2372643840,16352,1141
28847.327910,2372651822,2372652968,16231,1146
28847.339941,2372660925,2372662071,16471,1146
28847.360964,2372676846,2372677984,16164,1138
28847.372992,2372685949,2372687090,16298,1141
28847.389040,2372699634,2372700776,16217,1142
28847.413078,2372717797,2372718935,16084,1138
28847.517276,2372795181,2372796323,16291,1142
28847.529299,2372804309,2372805446,16353,1137
28847.559341,2372827067,2372828210,16087,1143
28847.571370,2372836179,2372837322,16219,1143
28847.583404,2372845309,2372846451,16424,1142
28847.595412,2372854427,2372855567,16091,1140
28847.607442,2372863517,2372864663,16225,1146
28847.625477,2372877189,2372878326,16245,1137
28847.637507,2372886312,2372887456,16386,1144
28847.655540,2372899973,2372901119,16364,1146
28847.667554,2372909056,2372910183,16087,1127
28847.679580,2372918159,2372919284,16060,1125
28847.697614,2372931776,2372932917,16223,1141
28847.709643,2372940881,2372942027,16362,1146
28847.736695,2372961368,2372962510,16457,1142
28847.751716,2372972774,2372973915,16303,1141
28847.784772,2372997780,2372998913,16090,1133
28847.796802,2373006893,2373008023,16126,1130
28847.808833,2373015978,2373017115,16385,1137
28847.836882,2373038757,2373039900,16085,1143
28847.883960,2373072957,2373074092,16089,1135
28847.914031,2373095673,2373096808,16290,1135
28847.926053,2373104792,2373105933,16338,1141
28847.938063,2373113875,2373115024,16093,1149
28847.953107,2373125254,2373126394,16392,1140
28847.977145,2373143429,2373144572,16248,1143
28847.989174,2373152559,2373153705,16362,1146
28848.005196,2373166308,2373167439,16385,1131
28848.043277,2373193604,2373194745,16376,1141
28848.055284,2373202715,2373203843,16005,1128
28848.067313,2373211824,2373212970,16218,1146
28848.079346,2373220988,2373222129,16356,1141
28848.097381,2373234617,2373235763,16380,1146
28848.109389,2373243709,2373244847,16091,1138
28848.148471,2373273306,2373274443,16233,1137
28848.160502,2373282439,2373283585,16376,1146
28848.196570,2373309773,2373310915,16373,1142
28848.208578,2373318959,2373320093,16087,1134
28848.236652,2373341723,2373342865,16236,1142
28848.248658,2373350823,2373351969,16451,1146
28848.328812,2373410056,2373411202,16291,1146
28848.340844,2373419167,2373420308,16473,1141
28848.352852,2373428257,2373429393,16085,1136
28848.364879,2373437367,2373438509,16219,1142
28848.403964,2373466943,2373468089,16368,1146
28848.415983,2373476180,2373477326,16346,1146
28848.434005,2373489887,2373491016,16085,1129
28848.446037,2373499003,2373500139,16232,1136
28848.458068,2373508111,2373509242,16397,1131
28848.470073,2373517215,2373518357,16090,1142
28848.554243,2373580907,2373582054,16248,1147
28848.569261,2373592288,2373593425,16080,1137
28848.584306,2373603689,2373604820,16375,1131
28848.596315,2373612774,2373613912,16089,1138
28848.608352,2373621898,2373623038,16287,1140
28848.620375,2373631054,2373632201,16339,1147
28848.665463,2373665181,2373666317,16478,1136
28848.677469,2373674291,2373675429,16092,1138
28848.689500,2373683377,2373684518,16244,1141
28848.716551,2373703892,2373705028,16254,1136
28848.728582,2373712991,2373714137,16395,1146
28848.767639,2373742519,2373743649,16088,1130
28848.779666,2373751630,2373752752,16101,1122
28848.791700,2373760737,2373761878,16356,1141
28848.803709,2373769816,2373770960,16005,1144
28848.815740,2373778932,2373780078,16251,1146
28848.827767,2373788077,2373789223,16341,1146
28848.845803,2373801714,2373802856,16450,1142
28848.857818,2373810800,2373811938,16085,1138
28848.875846,2373824448,2373825586,16163,1138
28848.905916,2373847219,2373848365,16375,1146
28848.917939,2373856353,2373857487,16347,1134
28848.984052,2373906407,2373907536,16088,1129
28849.020121,2373933725,2373934868,16086,1143
28849.032151,2373942865,2373944006,16235,1141
28849.044182,2373951970,2373953116,16389,1146
28849.056195,2373961064,2373962203,16007,1139
28849.068220,2373970163,2373971308,16224,1145
28849.080250,2373979281,2373980417,16366,1136
28849.092256,2373988357,2373989497,16088,1140
28849.104295,2373997454,2373998600,16289,1146
28849.116318,2374006604,2374007749,16356,1145
28849.191445,2374063468,2374064612,16092,1144
28849.203485,2374072594,2374073739,16307,1145
28849.215508,2374081721,2374082873,16368,1152
28849.227528,2374090864,2374092010,16349,1146
28849.239546,2374100003,2374101149,16227,1146
28849.251575,2374109102,2374110252,16358,1150
28849.263584,2374118197,2374119332,16089,1135
28849.284631,2374134114,2374135230,16054,1116
28849.296661,2374143215,2374144361,16351,1146
28849.308680,2374152336,2374153474,16344,1138
28849.320700,2374161450,2374162591,16198,1141
28849.353761,2374186513,2374187652,16005,1139
28849.365786,2374195627,2374196767,16319,1140
28849.408879,2374229754,2374230895,16330,1141
28849.428904,2374243402,2374244548,16223,1146
28849.440935,2374252570,2374253710,16353,1140
28849.513074,2374307200,2374308351,16374,1151
28849.525089,2374316385,2374317533,16332,1148
28849.609249,2374380616,2374381757,16250,1141
28849.621280,2374389757,2374390893,16339,1136
28849.636300,2374401134,2374402280,16321,1146
28849.648333,2374410286,2374411427,16438,1141
28849.717454,2374462621,2374463761,16206,1140
28849.729485,2374471760,2374472899,16364,1139
28849.747519,2374485434,2374486580,16450,1146
28849.758045,2374490902,2374491657,14389,755
28849.768332,2374495892,2374496496,12087,604
28849.837690,2374541983,2374543110,16381,1127
28849.849707,2374551046,2374552174,16237,1128
28849.861737,2374560175,2374561321,16315,1146
28849.873758,2374569324,2374570466,16380,1142
28849.897805,2374587579,2374588715,16313,1136
28849.909828,2374596735,2374597875,16403,1140
28849.948894,2374626451,2374627594,16241,1143
28849.960925,2374635622,2374636768,16270,1146
28849.972947,2374644761,2374645907,16382,1146
28849.984963,2374653897,2374655042,16242,1145
28849.999999,2374665323,2374666464,16366,1141
28850.024046,2374683624,2374684765,16314,1141
28850.036069,2374692747,2374693890,16402,1143
28850.048082,2374701883,2374703024,16053,1141
28850.060115,2374711254,2374712396,16317,1142
28850.072137,2374720429,2374721571,16305,1142
28850.084153,2374729576,2374730721,16157,1145
28850.096181,2374738714,2374739857,16226,1143
28850.108204,2374747861,2374749003,16292,1142
28850.120221,2374757010,2374758147,16247,1137
28850.132250,2374766142,2374767278,16320,1136
28850.144274,2374775271,2374776417,16399,1146
28850.156290,2374784403,2374785544,16232,1141
28850.168318,2374793554,2374794689,16230,1135
28850.180343,2374802693,2374803839,16304,1146
28850.192358,2374811819,2374812965,16229,1146
28850.204389,2374820950,2374822092,16311,1142
28850.216411,2374830101,2374831238,16394,1137
28850.261496,2374864390,2374865527,16379,1137
28850.272018,2374870987,2374871868,15201,881
28850.284040,2374879777,2374880906,16314,1129
28850.296054,2374888869,2374890013,16145,1144
28850.308086,2374898032,2374899178,16315,1146
28850.320107,2374907142,2374908288,16294,1146
28850.332124,2374916289,2374917426,16149,1137
28850.362188,2374939142,2374940278,16318,1136
28850.374212,2374948270,2374949416,16357,1146
28850.410280,2374975672,2374976818,16396,1146
28850.437332,2374996195,2374997332,16400,1137
28850.449347,2375005349,2375006486,16249,1137
28850.461378,2375014488,2375015631,16319,1143
28850.473401,2375023642,2375024779,16386,1137
28850.485417,2375032784,2375033930,16249,1146
28850.497444,2375041899,2375043041,16269,1142
28850.509468,2375051042,2375052183,16308,1141
28850.521484,2375060191,2375061332,16234,1141
28850.533513,2375069328,2375070473,16313,1145
28850.557553,2375087600,2375088746,16252,1146
28850.569583,2375096781,2375097918,16320,1137
28850.581607,2375105910,2375107056,16409,1146
28850.593620,2375115051,2375116197,16237,1146
28850.605650,2375124171,2375125317,16314,1146
28850.623686,2375137869,2375139002,16295,1133
28850.641720,2375151563,2375152705,16318,1142
28850.653743,2375160689,2375161831,16313,1142
28850.665759,2375169819,2375170960,16253,1141
28850.677790,2375178969,2375180115,16216,1146
28850.689810,2375188118,2375189255,16379,1137
28850.701827,2375197263,2375198409,16185,1146
28850.737896,2375224689,2375225830,16161,1141
28850.749925,2375233817,2375234962,16230,1145
28850.773964,2375252114,2375253260,16247,1146
28850.785994,2375261245,2375262386,16217,1141
28850.810033,2375279512,2375280653,16253,1141
28850.822062,2375288647,2375289793,16230,1146
28850.846101,2375306950,2375308091,16254,1141
28850.858130,2375316087,2375317224,16400,1137
28850.876166,2375329784,2375330930,16402,1146
28850.891185,2375341203,2375342335,16216,1132
28850.906223,2375352635,2375353771,16405,1136
28850.921251,2375364058,2375365199,16316,1141
28850.933275,2375373201,2375374346,16406,1145
28850.945290,2375382341,2375383478,16150,1137
28850.957319,2375391497,2375392648,16321,1151
28850.981359,2375409782,2375410928,16236,1146
28850.993389,2375418937,2375420083,16322,1146
28851.017427,2375437223,2375438368,16230,1145
28851.029458,2375446358,2375447504,16318,1146
28851.041480,2375455497,2375456643,16326,1146
28851.053496,2375464631,2375465762,16237,1131
28851.080547,2375485189,2375486335,16236,1146
28851.092576,2375494326,2375495472,16310,1146
28851.104601,2375503499,2375504636,16394,1137
28851.116616,2375512635,2375513776,16148,1141
28851.128645,2375521787,2375522927,16312,1140
28851.140669,2375530914,2375532051,16333,1137
28851.152685,2375540052,2375541189,16242,1137
28851.167721,2375551478,2375552623,16401,1145
28851.179736,2375560644,2375561790,16254,1146
28851.191765,2375569771,2375570917,16315,1146
28851.209801,2375583495,2375584641,16315,1146
28851.221822,2375592616,2375593752,16380,1136
28851.233839,2375601763,2375602906,16249,1143
28851.245868,2375610899,2375612045,16321,1146
28851.281936,2375638329,2375639470,16319,1141
28851.293960,2375647469,2375648620,16396,1151
28851.313001,2375663514,2375664651,16264,1137
28851.325025,2375672648,2375673794,16212,1146
28851.357080,2375695491,2375696637,16389,1146
28851.369096,2375704642,2375705778,16162,1136
28851.396147,2375725214,2375726355,16240,1141
28851.408175,2375734367,2375735508,16319,1141
28851.420199,2375743513,2375744664,16389,1151
28851.432215,2375752640,2375753772,16259,1132
28851.444244,2375761782,2375762919,16311,1137
28851.462278,2375775511,2375776652,16317,1141
28851.472327,2375784666,2375785812,16379,1146
28851.489329,2375796087,2375797224,16322,1137
28851.501354,2375805225,2375806371,16396,1146
28851.513370,2375814416,2375815562,16260,1146
28851.525399,2375823535,2375824668,16312,1133
28851.540422,2375834961,2375836098,16250,1137
28851.552449,2375844091,2375845227,16316,1136
28851.591524,2375873773,2375874914,16370,1141
28851.603542,2375882916,2375884059,16266,1143
28851.615570,2375892064,2375893199,16315,1135
28851.627593,2375901184,2375902330,16381,1146
28851.639610,2375910327,2375911469,16266,1142
28851.657645,2375924041,2375925182,16247,1141
28851.669674,2375933176,2375934313,16314,1137
28851.708748,2375962865,2375964007,16385,1142
28851.720765,2375972019,2375973165,16252,1146
28851.732795,2375981162,2375982303,16305,1141
28851.744817,2375990314,2375991460,16385,1146
28851.783883,2376020048,2376021193,16224,1145
28851.795915,2376029197,2376030334,16318,1137
28851.807937,2376038322,2376039473,16387,1151
28851.825972,2376052058,2376053204,16398,1146
28851.837988,2376061177,2376062322,16157,1145
28851.862040,2376079457,2376080594,16386,1137
28851.874057,2376088595,2376089736,16249,1141
28851.913139,2376118312,2376119449,16316,1137
28851.925161,2376127440,2376128577,16401,1137
28851.937177,2376136574,2376137720,16257,1146
28851.976259,2376166285,2376167426,16319,1141
28851.988281,2376175441,2376176577,16406,1136
28852.040378,2376216564,2376217707,16392,1143
28852.093481,2376255403,2376256540,16319,1137
28852.105504,2376264522,2376265668,16405,1146
28852.117519,2376273650,2376274796,16319,1146
28852.129548,2376282807,2376283948,16399,1141
28852.141572,2376291957,2376293098,16392,1141
28852.168622,2376312522,2376313659,16383,1137
28852.180638,2376321670,2376322810,16132,1140
28852.192670,2376330802,2376331944,16272,1142
28852.204691,2376339949,2376341080,16293,1131
28852.231744,2376360519,2376361680,16416,1161
28852.243759,2376369669,2376370805,16237,1136
28852.261793,2376383386,2376384531,16245,1145
28852.273823,2376392506,2376393647,16320,1141
28852.309892,2376419924,2376421061,16306,1137
28852.321916,2376429051,2376430192,16402,1141
28852.336944,2376440479,2376441621,16317,1142
28852.348967,2376449620,2376450764,16396,1144
28852.360984,2376458786,2376459927,16233,1141
28852.424102,2376506776,2376507912,16232,1136
28852.436133,2376515929,2376517070,16229,1141
28852.448156,2376525073,2376526209,16327,1136
28852.460171,2376534213,2376535349,16234,1136
28852.481217,2376550168,2376551309,16318,1141
28852.493240,2376559312,2376560458,16298,1146
28852.547344,2376600377,2376601514,16400,1137
28852.559362,2376609540,2376610681,16160,1141
28852.571390,2376618681,2376619822,16228,1141
28852.583412,2376627808,2376628953,16295,1145
28852.604445,2376643810,2376644956,16229,1146
28852.616474,2376652978,2376654123,16314,1145
28852.661562,2376687256,2376688397,16318,1141
28852.673584,2376696811,2376697953,16397,1142
28852.692627,2376714862,2376716008,16144,1146
28852.760750,2376773097,2376774238,16332,1141
28852.772771,2376782917,2376784063,16370,1146
28852.784788,2376792053,2376793204,16346,1151
28852.799823,2376803494,2376804640,16473,1146
28852.841904,2376835519,2376836665,16331,1146
28852.853925,2376844685,2376845826,16378,1141
28852.865942,2376853825,2376854969,16354,1144
28852.877974,2376862967,2376864108,16400,1141
28852.889993,2376872103,2376873249,16369,1146
28852.902011,2376881235,2376882376,16242,1141
28852.974147,2376936013,2376937164,16254,1151
28852.986178,2376945406,2376946557,16317,1151
28853.004213,2376959105,2376960256,16313,1151
28853.016234,2376968255,2376969400,16384,1145
28853.028251,2376977386,2376978532,16248,1146
28853.049299,2376993392,2376994532,16317,1140
28853.061320,2377002535,2377003681,16386,1146
28853.080364,2377018547,2377019689,16236,1142
28853.121436,2377048221,2377049367,16311,1146
28853.133457,2377057384,2377058531,16474,1147
28853.181543,2377093930,2377095075,16238,1145
28853.193570,2377103393,2377104539,16311,1146
28853.217612,2377121715,2377122861,16247,1146
28853.229640,2377130870,2377132011,16328,1141
28853.244663,2377142301,2377143438,16261,1137
28853.284746,2377174359,2377175500,16387,1141
28853.352868,2377224589,2377225730,16251,1141
28853.364896,2377233721,2377234862,16321,1141
28853.388937,2377251982,2377253123,16240,1141
28853.403970,2377263400,2377264546,16370,1146
28853.415989,2377272593,2377273738,16233,1145
28853.428017,2377281745,2377282887,16319,1142
28853.440040,2377290878,2377292034,16384,1156
28853.452057,2377300035,2377301176,16240,1141
28853.464087,2377309168,2377310314,16325,1146
28853.476111,2377318317,2377319459,16399,1142
28853.501156,2377338857,2377340010,16401,1153
28853.533212,2377361702,2377362844,16237,1142
28853.545242,2377370854,2377372000,16313,1146
28853.605349,2377416559,2377417706,16240,1147
28853.617378,2377425751,2377426902,16317,1151
28853.647435,2377448641,2377449782,16385,1141
28853.659452,2377457775,2377458916,16205,1141
28853.671479,2377466932,2377468069,16313,1137
28853.683503,2377476079,2377477224,16377,1145
28853.695520,2377485213,2377486359,16169,1146
28853.707548,2377494361,2377495502,16234,1141
28853.719572,2377503500,2377504651,16319,1151
28853.731589,2377512642,2377513791,16265,1149
28853.743618,2377521797,2377522945,16335,1148
28853.755639,2377530935,2377532086,16375,1151
28853.767656,2377540087,2377541225,16258,1138
28853.788703,2377556080,2377557226,16311,1146
28853.800727,2377565234,2377566380,16350,1146
28853.812743,2377574390,2377575531,16261,1141
28853.824774,2377583504,2377584650,16326,1146
28853.896910,2377638376,2377639513,16322,1137
28853.908932,2377647513,2377648655,16395,1142
28853.932980,2377665777,2377666930,16323,1153
28853.945003,2377674940,2377676080,16416,1140
28853.957018,2377684064,2377685204,16246,1140
28853.969043,2377693382,2377694518,16236,1136
28853.984072,2377704808,2377705944,16349,1136
28854.017138,2377729871,2377731016,16413,1145
28854.029158,2377739001,2377740142,16349,1141
28854.041172,2377748155,2377749274,16021,1119
28854.144376,2377827914,2377829047,16353,1133
28854.185448,2377857549,2377858674,16017,1125
28854.197482,2377866635,2377867774,16495,1139
28854.215514,2377880253,2377881398,16405,1145
28854.227536,2377889411,2377890552,16357,1141
28854.245569,2377903093,2377904230,16351,1137
28854.257584,2377912218,2377913344,15935,1126
28854.311700,2377953224,2377954349,16160,1125
28854.323723,2377962315,2377963454,16503,1139
28854.335739,2377971394,2377972540,16343,1146
28854.347757,2377980513,2377981630,16101,1117
28854.368807,2377996455,2377997591,16367,1136
28854.380826,2378005558,2378006701,16374,1143
28854.428909,2378041955,2378043075,16099,1120
28854.440946,2378051069,2378052209,16502,1140
28854.456977,2378064723,2378065865,16588,1142
28854.473997,2378076148,2378077268,16042,1120
28854.486032,2378085222,2378086361,16504,1139
28854.561168,2378142132,2378143274,16274,1142
28854.573184,2378151274,2378152391,16033,1117
28854.613281,2378183093,2378184230,16390,1137
28854.633307,2378196819,2378197965,16417,1146
28854.645321,2378205987,2378207106,16021,1119
28854.664370,2378221987,2378223146,16362,1159
28854.729496,2378269900,2378271036,16513,1136
28854.741512,2378279003,2378280144,16358,1141
28854.768564,2378299491,2378300623,16441,1132
28854.780580,2378308557,2378309676,16024,1119
28854.840699,2378354053,2378355190,16340,1137
28854.852717,2378363178,2378364303,16021,1125
28854.868762,2378376860,2378377979,16032,1119
28854.888784,2378390509,2378391629,16017,1120
28854.900821,2378399592,2378400736,16503,1144
28854.921854,2378415515,2378416656,16338,1141
28854.933869,2378424620,2378425737,16021,1117
28854.975951,2378456424,2378457565,16090,1141
28854.987972,2378465526,2378466643,16017,1117
28855.000010,2378474612,2378475757,16509,1145
28855.048095,2378511021,2378512162,16356,1141
28855.060116,2378520126,2378521277,16238,1151
28855.072147,2378529232,2378530371,16510,1139
28855.084164,2378538337,2378539474,16363,1137
28855.096180,2378547444,2378548569,16019,1125
28855.108211,2378556523,2378557668,16300,1145
28855.120232,2378565622,2378566763,16262,1141
28855.132247,2378574750,2378575867,16023,1117
28855.144284,2378583840,2378584979,16498,1139
28855.159307,2378595193,2378596334,16280,1141
28855.192368,2378620249,2378621389,16342,1140
28855.204399,2378629358,2378630474,16080,1116
28855.216420,2378638427,2378639567,16588,1140
28855.231437,2378649809,2378650929,16094,1120
28855.252490,2378665732,2378666868,16509,1136
28855.264507,2378674892,2378676038,16358,1146
28855.276523,2378684026,2378685152,15940,1126
28855.300574,2378702210,2378703353,16302,1143
28855.312590,2378711321,2378712441,16019,1120
28855.400778,2378779559,2378780680,16252,1121
28855.417797,2378790927,2378792073,16417,1146
28855.459880,2378822829,2378823966,16347,1137
28855.471899,2378831929,2378833066,16354,1137
28855.483917,2378841033,2378842152,16025,1119
28855.495953,2378850094,2378851234,16544,1140
28855.507969,2378859208,2378860356,16464,1148
28855.519986,2378868363,2378869483,16022,1120
28855.532020,2378877464,2378878603,16500,1139
28855.544038,2378886582,2378887719,16352,1137
28855.556059,2378895697,2378896843,16339,1146
28855.568089,2378904819,2378905958,16491,1139
28855.580107,2378913928,2378915076,16409,1148
28855.592123,2378923049,2378924169,16015,1120
28855.610158,2378936697,2378937819,16092,1122
28855.622193,2378945788,2378946922,16506,1134
28855.664262,2378977639,2378978759,16041,1120
28855.676296,2378986723,2378987859,16461,1136
28855.688313,2378995843,2378996984,16361,1141
28855.700342,2379004952,2379006072,16160,1120
28855.712365,2379014046,2379015190,16499,1144
28855.727384,2379025446,2379026579,16232,1133
28855.739416,2379034542,2379035686,16505,1144
28855.751431,2379043645,2379044781,16187,1136
28855.769466,2379057317,2379058458,16353,1141
28855.781483,2379066416,2379067532,16021,1116
28855.805538,2379084632,2379085773,16374,1141
28855.817550,2379093752,2379094869,16021,1117
28855.832585,2379105127,2379106270,16341,1143
28855.844603,2379114250,2379115370,16017,1120
28855.856637,2379123356,2379124502,16366,1146
28855.868654,2379132452,2379133589,16349,1137
28855.880672,2379141574,2379142690,15935,1116
28855.913741,2379166578,2379167719,16357,1141
28855.925757,2379175705,2379176824,16021,1119
28855.937793,2379184788,2379185934,16500,1146
28855.949809,2379193903,2379195040,16232,1137
28855.976860,2379214419,2379215560,16420,1141
28855.988877,2379223536,2379224656,16098,1120
28856.000910,2379232607,2379233751,16488,1144
28856.039982,2379262220,2379263367,16440,1147
28856.052002,2379271330,2379272471,16260,1141
28856.064034,2379280441,2379281579,16509,1138
28856.076049,2379289541,2379290683,16332,1142
28856.142169,2379339583,2379340704,16019,1121
28856.154203,2379348702,2379349839,16365,1137
28856.169220,2379360093,2379361213,16017,1120
28856.181257,2379369162,2379370306,16499,1144
28856.193273,2379378262,2379379408,16357,1146
28856.236357,2379412347,2379413493,16321,1146
28856.265410,2379432869,2379434015,16356,1146
28856.277426,2379441986,2379443106,16025,1120
28856.296475,2379457933,2379459069,16462,1136
28856.349568,2379496669,2379497817,16335,1148
28856.361599,2379505795,2379506939,16542,1144
28856.445751,2379569400,2379570540,16342,1140
28856.457771,2379578531,2379579651,16037,1120
28856.484820,2379598988,2379600108,16098,1120
28856.496854,2379608092,2379609236,16321,1144
28856.511872,2379619496,2379620615,16019,1119
28856.553959,2379651348,2379652485,16351,1137
28856.565975,2379660503,2379661622,16034,1119
28856.578009,2379669605,2379670749,16494,1144
28856.626095,2379705986,2379707132,16421,1146
28856.638111,2379715086,2379716211,16093,1125
28856.653148,2379726500,2379727637,16352,1137
28856.692228,2379756060,2379757178,16175,1118
28856.704251,2379765177,2379766326,16419,1149
28856.716266,2379774274,2379775420,16340,1146
28856.728284,2379783376,2379784495,16021,1119
28856.749334,2379799283,2379800424,16361,1141
28856.761354,2379808372,2379809517,16368,1145
28856.776388,2379819708,2379820853,16505,1145
28856.788403,2379828840,2379829982,16254,1142
28856.869558,2379890299,2379891442,16335,1143
28856.881580,2379899430,2379900566,16259,1136
28856.896608,2379910788,2379911930,16362,1142
28856.908627,2379919909,2379921029,16020,1120
28856.935676,2379940375,2379941491,16017,1116
28856.947710,2379949466,2379950607,16355,1141
28856.959729,2379958568,2379959714,16350,1146
28856.971745,2379967686,2379968805,16019,1119
28856.983780,2379976783,2379977914,16361,1131
28857.001817,2379990438,2379991583,16505,1145
28857.013832,2379999557,2380000698,16339,1141
28857.025850,2380008663,2380009783,16022,1120
28857.037884,2380017744,2380018888,16486,1144
28857.049903,2380026886,2380028023,16354,1137
28857.088982,2380056455,2380057576,16155,1121
28857.101004,2380065543,2380066687,16396,1144
28857.116018,2380076972,2380078092,16026,1120
28857.128056,2380086037,2380087175,16508,1138
28857.140072,2380095135,2380096275,16288,1140
28857.161106,2380111098,2380112223,16015,1125
28857.173142,2380120186,2380121330,16505,1144
28857.197176,2380138395,2380139514,16018,1119
28857.209210,2380147516,2380148657,16373,1141
28857.257295,2380183926,2380185068,16357,1142
28857.269313,2380193036,2380194155,16020,1119
28857.287359,2380206650,2380207775,16161,1125
28857.299382,2380215733,2380216883,16509,1150
28857.311400,2380224851,2380225995,16341,1144
28857.323416,2380233983,2380235102,16020,1119
28857.335451,2380243062,2380244191,16498,1129
28857.404570,2380295383,2380296504,16019,1121
28857.416604,2380304469,2380305613,16502,1144
28857.504771,2380372760,2380373905,16490,1145
28857.528825,2380390971,2380392091,16093,1120
28857.545846,2380402362,2380403512,16437,1150
28857.557860,2380411491,2380412611,16099,1120
28857.584926,2380431957,2380433077,16160,1120
28857.596947,2380441023,2380442162,16509,1139
28857.612978,2380454668,2380455809,16571,1141
28857.629999,2380466075,2380467195,16060,1120
28857.654049,2380484296,2380485438,16357,1142
28857.666067,2380493408,2380494528,16018,1120
28857.717170,2380532049,2380533180,16348,1131
28857.729187,2380541373,2380542495,16015,1122
28857.741219,2380550480,2380551621,16342,1141
28857.801324,2380596045,2380597162,16100,1117
28857.813360,2380605118,2380606263,16589,1145
28857.876480,2380652914,2380654053,16591,1139
28857.888494,2380662025,2380663166,16360,1141
28857.900517,2380671137,2380672282,16326,1145
28857.924564,2380689360,2380690506,16343,1146
28857.936586,2380698724,2380699865,16266,1141
28857.948617,2380707849,2380708986,16363,1137
28857.984684,2380735173,2380736319,16400,1146
28857.996701,2380744279,2380745420,16343,1141
28858.029770,2380769282,2380770427,16507,1145
28858.044787,2380780691,2380781806,16035,1115
28858.056821,2380789785,2380790935,16481,1150
28858.131959,2380846639,2380847780,16290,1141
28858.143980,2380856036,2380857180,16165,1144
28858.156010,2380865175,2380866317,16278,1142
28858.177044,2380881117,2380882262,16352,1145
28858.189066,2380890264,2380891400,16237,1136
28858.216117,2380910794,2380911936,16255,1142
28858.228149,2380919938,2380921080,16384,1142
28858.240167,2380929092,2380930232,16370,1140
28858.252186,2380938241,2380939383,16233,1142
28858.264217,2380947377,2380948518,16376,1141
28858.282250,2380961062,2380962197,16382,1135
28858.294269,2380970177,2380971331,16360,1154
28858.336354,2381002140,2381003272,16359,1132
28858.348373,2381011292,2381012434,16366,1142
28858.360387,2381020412,2381021557,16236,1145
28858.372424,2381029538,2381030654,16168,1116
28858.444561,2381084245,2381085369,16224,1124
28858.456579,2381093351,2381094488,16347,1137
28858.543745,2381159440,2381160593,16374,1153
28858.555766,2381168706,2381169852,16371,1146
28858.567782,2381177776,2381178909,16105,1133
28858.579816,2381186877,2381188014,16416,1137
28858.597847,2381200527,2381201673,16359,1146
28858.609867,2381209615,2381210760,16459,1145
28858.624898,2381220969,2381222109,16364,1140
28858.636920,2381230092,2381231229,16346,1137
28858.648937,2381239177,2381240306,16035,1129
28858.663970,2381250553,2381251694,16460,1141
28858.675998,2381259701,2381260840,16300,1139
28858.694024,2381273361,2381274505,16071,1144
28858.706052,2381282462,2381283597,16360,1135
28858.748126,2381314301,2381315441,16029,1140
28858.760156,2381323432,2381324578,16360,1146
28858.772176,2381332566,2381333697,16284,1131
28858.784195,2381341648,2381342791,16026,1143
28858.796224,2381350757,2381351894,16358,1137
28858.814258,2381364383,2381365520,16353,1137
28858.826279,2381373487,2381374623,16260,1136
28858.856332,2381396267,2381397402,15997,1135
28858.868363,2381405357,2381406498,16385,1141
28858.880382,2381414466,2381415602,16337,1136
28858.892401,2381423537,2381424665,16030,1128
28858.919455,2381444020,2381445161,16248,1141
28858.931484,2381453148,2381454289,16361,1141
28858.943501,2381462241,2381463378,16367,1137
28858.961534,2381475893,2381477033,16351,1140
28858.975064,2381482867,2381483501,13511,634
28858.984332,2381487175,2381487779,12138,604
28859.002112,2381495102,2381496231,16349,1129
28859.014132,2381504119,2381505254,16000,1135
28859.026164,2381513175,2381514312,16400,1137
28859.050205,2381531251,2381532384,16125,1133
28859.062229,2381540334,2381541480,16453,1146
28859.077255,2381551731,2381552874,16291,1143
28859.089281,2381560804,2381561950,16443,1146
28859.101302,2381569932,2381571064,16393,1132
28859.113323,2381579050,2381580181,16317,1131
28859.176444,2381626806,2381627952,16334,1146
28859.188471,2381635929,2381637071,16450,1142
28859.203492,2381647359,2381648497,16027,1138
28859.215524,2381656496,2381657637,16440,1141
28859.227543,2381665608,2381666749,16349,1141
28859.239561,2381674695,2381675838,16029,1143
28859.251590,2381683785,2381684931,16359,1146
28859.263609,2381692909,2381694055,16360,1146
28859.275632,2381702021,2381703165,16320,1144
28859.293664,2381715697,2381716840,16034,1143
28859.305697,2381724836,2381725971,16377,1135
28859.323730,2381738505,2381739646,16401,1141
28859.335746,2381747616,2381748756,16447,1140
28859.347766,2381756717,2381757857,15949,1140
28859.359795,2381765814,2381766960,16351,1146
28859.395867,2381793170,2381794307,16351,1137
28859.407885,2381802292,2381803428,16376,1136
28859.419912,2381811386,2381812520,16167,1134
28859.431932,2381820504,2381821645,16360,1141
28859.452970,2381836580,2381837726,16229,1146
28859.465001,2381845761,2381846909,16324,1148
28859.477022,2381854966,2381856122,16391,1156
28859.493055,2381866996,2381868134,16385,1138
28859.510084,2381878438,2381879586,16312,1148
28859.522108,2381887625,2381888776,16412,1151
28859.534124,2381896807,2381897942,16232,1135
28859.549159,2381908281,2381909428,16383,1147
28859.570191,2381924370,2381925516,16226,1146
28859.580328,2381933552,2381934697,16315,1145
28859.594245,2381942717,2381943861,16301,1144
28859.606263,2381952102,2381953248,16242,1146
28859.618290,2381961300,2381962447,16320,1147
28859.628333,2381970501,2381971652,16308,1151
28859.649849,2381985742,2381986888,16315,1146
28859.661873,2381994936,2381996082,16390,1146
28859.673890,2382004119,2382005265,16248,1146
28859.685918,2382013289,2382014440,16319,1151
28859.697941,2382022484,2382023640,16379,1156
28859.709958,2382031687,2382032837,16259,1150
28859.721980,2382040854,2382042000,16155,1146
28859.734005,2382049973,2382051115,16342,1142
28859.746030,2382059073,2382060219,16461,1146
28859.758047,2382068221,2382069353,16015,1132
28859.794115,2382095529,2382096678,16050,1149
28859.806143,2382104635,2382105776,16430,1141
28859.833194,2382125171,2382126317,16347,1146
28859.845216,2382134297,2382135433,16374,1136
28859.857235,2382143418,2382144556,16078,1138
28859.878280,2382159357,2382160498,16343,1141
28859.905333,2382179862,2382181003,16363,1141
28859.917353,2382188996,2382190142,16273,1146
28859.929373,2382198126,2382199261,16017,1135
28859.941402,2382207219,2382208353,16372,1134
28859.953421,2382216306,2382217447,16349,1141
28859.977470,2382234522,2382235665,16364,1143
28859.989488,2382243635,2382244772,16367,1137
28860.007525,2382257281,2382258425,16382,1144
28860.019547,2382266400,2382267546,16251,1146
28860.031576,2382275525,2382276671,16273,1146
28860.043592,2382284648,2382285794,16439,1146
28860.061627,2382298308,2382299459,16364,1151
28860.073648,2382307453,2382308591,16022,1138
28860.091684,2382321103,2382322246,16250,1143
28860.103711,2382330215,2382331334,16153,1119
28860.115731,2382339288,2382340430,16261,1142
28860.127753,2382348411,2382349557,16248,1146
28860.139777,2382357519,2382358665,16338,1146
28860.152808,2382368899,2382370045,16246,1146
28860.164832,2382378024,2382379170,16475,1146
28860.199886,2382403063,2382404206,16128,1143
28860.211916,2382412179,2382413314,16358,1135
28860.223938,2382421334,2382422470,16351,1136
28860.235956,2382430466,2382431601,15917,1135
28860.247989,2382439590,2382440731,16374,1141
28860.260005,2382448688,2382449838,16373,1150
28860.272025,2382457781,2382458919,16035,1138
28860.284055,2382466885,2382468009,16208,1124
28860.296073,2382475972,2382477114,16328,1142
28860.308093,2382485055,2382486191,16036,1136
28860.320125,2382494194,2382495335,16370,1141
28860.332142,2382503297,2382504438,16332,1141
28860.350177,2382516961,2382518107,16375,1146
28860.362206,2382526049,2382527193,16119,1144
28860.377228,2382537440,2382538580,16371,1140
28860.389247,2382546554,2382547697,16036,1143
28860.419314,2382569353,2382570494,16372,1141
28860.431329,2382578501,2382579647,16354,1146
28860.443350,2382587585,2382588728,16028,1143
28860.456381,2382598970,2382600111,16376,1141
28860.468413,2382608079,2382609217,16057,1138
28860.560581,2382676414,2382677558,16118,1144
28860.572603,2382685535,2382686676,16374,1141
28860.584622,2382694634,2382695776,16292,1142
28860.596642,2382703752,2382704890,16000,1138
28860.608672,2382712836,2382713987,16399,1151
28860.620693,2382721972,2382723109,16347,1137
28860.644739,2382740174,2382741315,16354,1141
28860.656760,2382749310,2382750450,16381,1140
28860.668779,2382758396,2382759530,16040,1134
28860.680809,2382767493,2382768630,16371,1137
28860.692830,2382776628,2382777773,16348,1145
28860.704851,2382785753,2382786904,16241,1151
28860.716881,2382794917,2382796061,16356,1144
28860.728897,2382804018,2382805151,16373,1133
28860.740916,2382813093,2382814235,16037,1142
28860.755949,2382824446,2382825587,16328,1141
28860.776985,2382840314,2382841452,16108,1138
28860.789013,2382849413,2382850549,16441,1136
28860.801034,2382858523,2382859655,16373,1132
28860.816070,2382869891,2382871011,16213,1120
28860.828086,2382878965,2382880121,16458,1156
28860.840105,2382888080,2382889211,16036,1131
28860.852133,2382897197,2382898333,16263,1136
28860.864157,2382906287,2382907427,16365,1140
28860.876173,2382915368,2382916516,16036,1148
28860.906238,2382938192,2382939334,16377,1142
28860.918260,2382947340,2382948480,16359,1140
28860.933290,2382958699,2382959831,16378,1132
28860.945306,2382967801,2382968952,16353,1151
28860.957335,2382976906,2382978038,16199,1132
28860.969356,2382985992,2382987132,16441,1140
28860.981375,2382995105,2382996251,16357,1146
28860.999410,2383008792,2383009928,16366,1136
28861.011433,2383017900,2383019040,16234,1140
28861.023460,2383027010,2383028143,16436,1133
28861.044497,2383042897,2383044043,16374,1146
28861.056524,2383051975,2383053117,16201,1142
28861.083571,2383072409,2383073543,16051,1134
28861.095597,2383081487,2383082628,16372,1141
28861.107617,2383090631,2383091776,16250,1145
28861.119636,2383099753,2383100893,16001,1140
28861.131667,2383108853,2383109973,16207,1120
28861.179755,2383145227,2383146370,16378,1143
28861.191774,2383154338,2383155477,15999,1139
28861.203804,2383163453,2383164578,16213,1125
28861.215824,2383172554,2383173705,16316,1151
28861.227842,2383181659,2383182802,16037,1143
28861.239873,2383190799,2383191934,16460,1135
28861.251892,2383199900,2383201040,16461,1140
28861.263910,2383208961,2383210104,16113,1143
28861.275939,2383218068,2383219210,16361,1142
28861.287963,2383227215,2383228351,16368,1136
28861.299980,2383236286,2383237420,16038,1134
28861.312012,2383245377,2383246515,16458,1138
28861.324028,2383254486,2383255626,16369,1140
28861.336048,2383263588,2383264728,16006,1140
28861.348079,2383272711,2383273831,16215,1120
28861.360098,2383281794,2383282945,16341,1151
28861.372116,2383290897,2383292037,16032,1140
28861.384148,2383299999,2383301120,16219,1121
28861.396164,2383309089,2383310229,16353,1140
28861.408187,2383318171,2383319318,16249,1147
28861.420214,2383327293,2383328429,16355,1136
28861.432233,2383336375,2383337521,16355,1146
28861.444256,2383345448,2383346579,16111,1131
28861.456286,2383354525,2383355661,16409,1136
28861.468303,2383363637,2383364783,16377,1146
28861.480322,2383372734,2383373869,16042,1135
28861.507376,2383393203,2383394348,16250,1145
28861.519404,2383402334,2383403480,16368,1146
28861.531422,2383411440,2383412586,16360,1146
28861.549458,2383425120,2383426262,16372,1142
28861.561476,2383434232,2383435375,16033,1143
28861.588527,2383454738,2383455878,16033,1140
28861.600558,2383463832,2383464978,16373,1146
28861.615580,2383475236,2383476371,15994,1135
28861.627609,2383484334,2383485470,16371,1136
28861.639628,2383493439,2383494574,16443,1135
28861.660666,2383509350,2383510499,16038,1149
28861.672694,2383518473,2383519618,16444,1145
28861.684713,2383527582,2383528722,16447,1140
28861.717780,2383552608,2383553754,16440,1146
28861.729802,2383561750,2383562891,16357,1141
28861.741819,2383570806,2383571949,16110,1143
28861.753851,2383579927,2383581073,16490,1146
28861.819970,2383630002,2383631146,16337,1144
28861.831991,2383639147,2383640275,16034,1128
28861.844020,2383648268,2383649419,16266,1151
28861.856041,2383657377,2383658506,16339,1129
28861.874074,2383670987,2383672132,16362,1145
28861.886094,2383680089,2383681223,16003,1134
28861.898124,2383689188,2383690339,16374,1151
28861.910145,2383698310,2383699451,16343,1141
28861.925174,2383709670,2383710816,16353,1146
28861.985281,2383755184,2383756317,15993,1133
28861.997316,2383764308,2383765445,16485,1137
28862.009333,2383773429,2383774575,16425,1146
28862.021351,2383782528,2383783672,16033,1144
28862.033381,2383791636,2383792782,16377,1146
28862.045399,2383800754,2383801889,16441,1135
28862.060431,2383812115,2383813256,16356,1141
28862.072452,2383821209,2383822348,16374,1139
28862.099503,2383841679,2383842815,16263,1136
28862.111521,2383850798,2383851941,15998,1143
28862.123554,2383859907,2383861031,16213,1124
28862.135571,2383869002,2383870152,16364,1150
28862.147599,2383878103,2383879248,16116,1145
28862.159620,2383887222,2383888368,16357,1146
28862.177654,2383900874,2383902016,16347,1142
28862.189674,2383909981,2383911136,16361,1155
28862.213723,2383928209,2383929345,16356,1136
28862.225743,2383937319,2383938455,16379,1136
28862.237762,2383946386,2383947525,16114,1139
28862.249794,2383955492,2383956633,16488,1141
28862.261812,2383964631,2383965777,16317,1146
28862.312913,2384003345,2384004491,16376,1146
28862.324931,2384012456,2384013607,16366,1151
28862.339963,2384023869,2384025014,16352,1145
28862.442154,2384101182,2384102325,16342,1143
28862.460188,2384114850,2384115996,16356,1146
28862.472205,2384123965,2384125089,15992,1124
28862.484239,2384133066,2384134212,16366,1146
28862.496258,2384142152,2384143289,16251,1137
28862.508277,2384151261,2384152404,16000,1143
28862.520308,2384160375,2384161494,16211,1119
28862.532328,2384169503,2384170649,16349,1146
28862.556374,2384187717,2384188853,16358,1136
28862.568394,2384196841,2384197987,16364,1146
28862.637529,2384249238,2384250384,16354,1146
28862.649552,2384258330,2384259470,16361,1140
28862.661568,2384267422,2384268557,16030,1135
28862.673597,2384276587,2384277733,16348,1146
28862.692633,2384292519,2384293665,16241,1146
28862.709666,2384303895,2384305046,16360,1151
28862.721688,2384313038,2384314172,16348,1134
28862.745738,2384331216,2384332362,16403,1146
28862.757755,2384340344,2384341489,16376,1145
28862.769774,2384349422,2384350563,16039,1141
28862.781805,2384358540,2384359681,16370,1141
28862.859949,2384417761,2384418903,16237,1142
28862.871977,2384426911,2384428032,16395,1121
28862.883996,2384435995,2384437136,16377,1141
28862.896018,2384445076,2384446222,16239,1146
28862.908045,2384454202,2384455348,16371,1146
28862.920062,2384463318,2384464458,16443,1140
28862.932083,2384472387,2384473531,16109,1144
28862.944115,2384481488,2384482634,16487,1146
28862.956133,2384490618,2384491763,16386,1145
28862.968152,2384499707,2384500856,16033,1149
28862.980183,2384508823,2384509942,16213,1119
28862.998219,2384522493,2384523633,16359,1140
28863.010234,2384531590,2384532735,16362,1145
28863.037285,2384552100,2384553246,16362,1146
28863.049306,2384561196,2384562334,16033,1138
28863.073354,2384579377,2384580525,16444,1148
28863.085374,2384588506,2384589651,16109,1145
28863.112426,2384609039,2384610173,16076,1134
28863.124456,2384618140,2384619278,16378,1138
28863.151506,2384638563,2384639704,16439,1141
28863.163526,2384647668,2384648814,16446,1146
28863.175546,2384657068,2384658208,15996,1140
28863.187575,2384666158,2384667299,16363,1141
28863.199597,2384675311,2384676457,16428,1146
28863.211615,2384684411,2384685554,16110,1143
28863.223646,2384693528,2384694674,16391,1146
28863.235663,2384702644,2384703790,16373,1146
28863.256701,2384718608,2384719751,16025,1143
28863.268732,2384727730,2384728850,16215,1120
28863.280748,2384736809,2384737949,16359,1140
28863.292772,2384745946,2384747083,16232,1137
28863.304798,2384755050,2384756179,16357,1129
28863.316817,2384764150,2384765292,16357,1142
28863.403988,2384830081,2384831222,16366,1141
28863.416006,2384839193,2384840339,16359,1146
28863.428026,2384848274,2384849407,16033,1133
28863.464095,2384875547,2384876690,16111,1143
28863.476127,2384884652,2384885793,16442,1141
28863.488144,2384893769,2384894904,16262,1135
28863.500163,2384902882,2384904025,16106,1143
28863.512193,2384911998,2384913144,16450,1146
28863.524213,2384921117,2384922263,16458,1146
28863.536240,2384930212,2384931352,16196,1140
28863.548261,2384939323,2384940463,16445,1140
28863.560281,2384948440,2384949581,16375,1141
28863.572301,2384957521,2384958663,16029,1142
28863.617387,2384991681,2384992814,16034,1133
28863.629416,2385000792,2385001938,16445,1146
28863.641437,2385009916,2385011058,16344,1142
28863.653455,2385018987,2385020130,16027,1143
28863.689526,2385046291,2385047437,16249,1146
28863.701553,2385055423,2385056574,16445,1151
28863.719587,2385069073,2385070219,16445,1146
28863.731610,2385078175,2385079306,16366,1131
28863.785710,2385119097,2385120243,16252,1146
28863.797729,2385128198,2385129332,16000,1134
28863.809759,2385137299,2385138445,16363,1146
28863.821779,2385146405,2385147549,16460,1144
28863.833806,2385155514,2385156654,16109,1140
28863.848828,2385166931,2385168072,16362,1141
28863.860848,2385176034,2385177174,16026,1140
28863.875880,2385187426,2385188567,16364,1141
28863.887903,2385196514,2385197648,16224,1134
28863.899930,2385205596,2385206738,16363,1142
28863.911949,2385214737,2385215878,16361,1141
28863.923969,2385223785,2385224928,16027,1143
28863.936003,2385232893,2385234034,16445,1141
28863.948018,2385242007,2385243148,16367,1141
28863.960038,2385251071,2385252209,15990,1138
28863.972067,2385260169,2385261309,16355,1140
28863.990106,2385273820,2385274966,16374,1146
28864.002122,2385282931,2385284082,16373,1151
28864.017153,2385294289,2385295424,16366,1135
28864.029172,2385303377,2385304523,16368,1146
28864.041192,2385312510,2385313648,15991,1138
28864.053222,2385321599,2385322745,16364,1146
28864.104315,2385360262,2385361395,16232,1133
28864.116343,2385369373,2385370514,16466,1141
28864.144394,2385392116,2385393262,16356,1146
28864.200497,2385433054,2385434200,16355,1146
28864.212518,2385442141,2385443279,16030,1138
28864.239570,2385462591,2385463725,16027,1134
28864.251602,2385471693,2385472835,16380,1142
28864.263618,2385480795,2385481935,16360,1140
28864.275638,2385489892,2385491035,16029,1143
28864.287672,2385499035,2385500169,16371,1134
28864.311707,2385517201,2385518329,16028,1128
28864.323736,2385526283,2385527434,16448,1151
28864.335759,2385535410,2385536552,16447,1142
28864.347775,2385544515,2385545650,16106,1135
28864.359805,2385553614,2385554760,16453,1146
28864.371824,2385562732,2385563876,16446,1144
28864.383846,2385571856,2385573000,16305,1144
28864.395873,2385580962,2385582108,16447,1146
28864.407888,2385590054,2385591191,16360,1137
28864.464998,2385633284,2385634422,16040,1138
28864.477028,2385642363,2385643501,16367,1138
28864.489049,2385651500,2385652647,16352,1147
28864.501067,2385660606,2385661734,15996,1128
28864.516099,2385671958,2385673104,16373,1146
28864.528126,2385681260,2385682403,16113,1143
28864.540148,2385690366,2385691507,16358,1141
28864.552168,2385699480,2385700608,16374,1128
28864.564187,2385708540,2385709668,16032,1128
28864.576216,2385717623,2385718768,16356,1145
28864.588238,2385726761,2385727895,16348,1134
28864.600256,2385735840,2385736983,15994,1143
28864.621304,2385751762,2385752903,16382,1141
28864.633323,2385760856,2385761993,16338,1137
28864.681412,2385797227,2385798368,16231,1141
28864.693441,2385806403,2385807551,16314,1148
28864.711477,2385820190,2385821336,16321,1146
28864.723501,2385829373,2385830515,16390,1142
28864.735515,2385838547,2385839694,16246,1147
28864.747543,2385847714,2385848860,16313,1146
28864.759568,2385856913,2385858059,16304,1146
28864.771580,2385866036,2385867174,16091,1138
28864.783612,2385875174,2385876309,16418,1135
28864.795629,2385884259,2385885405,16435,1146
28864.807652,2385893367,2385894508,16251,1141
28864.819678,2385902483,2385903613,16439,1130
28864.831702,2385911600,2385912746,16447,1146
28864.843718,2385920676,2385921814,16127,1138
28864.855749,2385929771,2385930896,16207,1125
28864.867766,2385938865,2385940010,16367,1145
28864.892818,2385959374,2385960511,16374,1137
28864.924881,2385982139,2385983280,16314,1141
28864.936902,2385991245,2385992380,16356,1135
28864.948920,2386000351,2386001488,16364,1137
28864.960941,2386009418,2386010560,16037,1142
28864.984992,2386027663,2386028805,16429,1142
28864.997010,2386036728,2386037871,16120,1143
28865.066145,2386089017,2386090163,16456,1146
28865.078166,2386098147,2386099293,16341,1146
28865.090193,2386107260,2386108406,16435,1146
28865.102214,2386116371,2386117502,16374,1131
28865.132267,2386139097,2386140234,16121,1137
28865.144298,2386148248,2386149388,16350,1140
28865.156315,2386157356,2386158493,16357,1137
28865.192384,2386184652,2386185792,16358,1140
28865.204404,2386193752,2386194894,16043,1142
28865.216432,2386202864,2386204010,16340,1146
28865.309610,2386273515,2386274655,16347,1140
28865.321634,2386282623,2386283767,16082,1144
28865.336659,2386293977,2386295103,16374,1126
28865.348679,2386303091,2386304229,16039,1138
28865.411798,2386350885,2386352023,16041,1138
28865.423831,2386360018,2386361154,16391,1136
28865.435847,2386369118,2386370253,16360,1135
28865.447867,2386378204,2386379341,16048,1137
28865.459895,2386387298,2386388440,16349,1142
28865.471917,2386396410,2386397556,16272,1146
28865.513999,2386428238,2386429379,16351,1141
28865.526022,2386437362,2386438503,16356,1141
28865.544054,2386450970,2386452103,16454,1133
28865.556073,2386460019,2386461150,16042,1131
28865.568101,2386469106,2386470247,16347,1141
28865.580123,2386478232,2386479372,16339,1140
28865.592141,2386487316,2386488445,15958,1129
28865.604172,2386496405,2386497530,16207,1125
28865.616189,2386505486,2386506617,16351,1131
28865.628210,2386514558,2386515691,16042,1133
28865.646244,2386528205,2386529343,16036,1138
28865.658273,2386537312,2386538449,16344,1137
28865.736416,2386596394,2386597525,16046,1131
28865.748444,2386605476,2386606621,16344,1145
28865.841620,2386676081,2386677218,16372,1137
28865.853639,2386685165,2386686303,16045,1138
28865.877690,2386703353,2386704491,16428,1138
28865.889708,2386712439,2386713576,16127,1137
28865.901735,2386721527,2386722673,16351,1146
28865.916766,2386732886,2386734029,16193,1143
28865.949824,2386757887,2386759027,16444,1140
28865.961847,2386767008,2386768143,16011,1135
28865.973877,2386776150,2386777287,16318,1137
28865.985893,2386785244,2386786373,16363,1129
28866.024965,2386814745,2386815888,16030,1143
28866.036994,2386823843,2386824988,16362,1145
28866.058035,2386839828,2386840969,16364,1141
28866.070053,2386848929,2386850070,16249,1141
28866.082080,2386858049,2386859190,16358,1141
28866.160222,2386917173,2386918306,16106,1133
28866.172256,2386926517,2386927654,16376,1137
28866.184270,2386935615,2386936753,16275,1138
28866.196291,2386944720,2386945857,15999,1137
28866.217342,2386960664,2386961810,16436,1146
28866.229356,2386969763,2386970904,16358,1141
28866.265426,2386997031,2386998162,16252,1131
28866.277445,2387006127,2387007260,15989,1133
28866.343578,2387056172,2387057313,16373,1141
28866.355598,2387065258,2387066394,16375,1136
28866.367621,2387074569,2387075702,16213,1133
28866.379647,2387083655,2387084792,16375,1137
28866.397681,2387097284,2387098425,16362,1141
28866.409699,2387106404,2387107545,16358,1141
28866.445768,2387133715,2387134856,16359,1141
28866.457789,2387142798,2387143941,16034,1143
28866.469822,2387151939,2387153089,16379,1150
28866.484840,2387163291,2387164422,16025,1131
28866.496870,2387172380,2387173517,16289,1137
28866.535939,2387201908,2387203046,16447,1138
28866.547960,2387210982,2387212113,16110,1131
28866.559989,2387220083,2387221224,16446,1141
28866.572011,2387229211,2387230352,16348,1141
28866.626112,2387270165,2387271297,16377,1132
28866.638131,2387279240,2387280380,15994,1140
28866.680213,2387311136,2387312277,16350,1141
28866.692234,2387320197,2387321340,15951,1143
28866.707265,2387331576,2387332717,16354,1141
28866.728302,2387347482,2387348625,16027,1143
28866.740332,2387356599,2387357747,16270,1148
28866.752351,2387365708,2387366846,16321,1138
28866.764373,2387374851,2387375993,16232,1142
28866.788419,2387393072,2387394218,16366,1146
28866.800442,2387402205,2387403347,16311,1142
28866.875589,2387459128,2387460269,16361,1141
28866.896626,2387475084,2387476226,16372,1142
28866.908653,2387484164,2387485306,16072,1142
28866.920676,2387493273,2387494419,16372,1146
28866.977779,2387536577,2387537719,16359,1142
28866.989797,2387545703,2387546839,15987,1136
28867.001830,2387554794,2387555927,16457,1133
28867.013852,2387563884,2387565021,16364,1137
28867.052920,2387593452,2387594595,16024,1143
28867.064955,2387602592,2387603712,16139,1120
28867.079971,2387613905,2387615043,16025,1138
28867.104019,2387632110,2387633247,16363,1137
28867.116040,2387641185,2387642329,16027,1144
28867.128069,2387650283,2387651429,16276,1146
28867.140088,2387659383,2387660524,16366,1141
28867.152109,2387668469,2387669611,16032,1142
28867.164143,2387677568,2387678688,16204,1120
28867.176156,2387686649,2387687785,16369,1136
28867.188179,2387695759,2387696902,16032,1143
28867.200206,2387704875,2387706016,16449,1141
28867.212228,2387713978,2387715123,16432,1145
28867.230261,2387727632,2387728777,16456,1145
28867.323437,2387798095,2387799236,16226,1141
28867.335465,2387807199,2387808343,16376,1144
28867.347483,2387816318,2387817463,16358,1145
28867.359505,2387825413,2387826550,16243,1137
28867.377540,2387839083,2387840211,16212,1128
28867.389567,2387848191,2387849333,16366,1142
28867.404596,2387859521,2387860664,16090,1143
28867.419619,2387870912,2387872059,16351,1147
28867.432652,2387882304,2387883438,16361,1134
28867.536844,2387959673,2387960812,16373,1139
28867.548863,2387968757,2387969897,16021,1140
28867.560896,2387977876,2387979017,16376,1141
28867.572912,2387986972,2387988113,16374,1141
28867.596961,2388005146,2388006277,16362,1131
28867.608984,2388014266,2388015408,16361,1142
28867.624015,2388025658,2388026804,16445,1146
28867.648052,2388043888,2388045033,15995,1145
28867.660085,2388053034,2388054175,16400,1141
28867.672100,2388062125,2388063266,16446,1141
28867.684121,2388071205,2388072337,16034,1132
28867.696151,2388080303,2388081419,16222,1116
28867.708171,2388089385,2388090522,16345,1137
28867.720189,2388098446,2388099589,16115,1143
28867.732219,2388107550,2388108691,16467,1141
28867.744240,2388116687,2388117833,16432,1146
28867.756260,2388125810,2388126951,16313,1141
28867.768287,2388134918,2388136067,16372,1149
28867.783309,2388146283,2388147417,16031,1134
28867.795340,2388155335,2388156455,16221,1120
28867.807361,2388164426,2388165566,16367,1140
28867.820390,2388175858,2388176989,16360,1131
28867.867476,2388209940,2388211076,16376,1136
28867.879494,2388219053,2388220199,16370,1146
28867.891515,2388228148,2388229286,16112,1138
28867.903547,2388237252,2388238398,16409,1146
28867.915565,2388246356,2388247496,16378,1140
28867.927584,2388255449,2388256592,15999,1143
28867.939614,2388264556,2388265698,16374,1142
28867.972670,2388289579,2388290712,16033,1133
28867.984699,2388298668,2388299806,16457,1138
28868.008738,2388316893,2388318033,16026,1140
28868.020768,2388326026,2388327172,16458,1146
28868.041804,2388341990,2388343135,16460,1145
28868.053826,2388351081,2388352232,16256,1151
28868.071860,2388364773,2388365914,16317,1141
28868.083887,2388373876,2388375015,16451,1139
28868.095907,2388382985,2388384126,16282,1141
28868.116944,2388398880,2388400012,16026,1132
28868.128974,2388407988,2388409113,16214,1125
28868.174060,2388442086,2388443223,16382,1137
28868.186081,2388448230,2388448859,13625,629
28868.200332,2388453801,2388454414,12089,613
28868.213132,2388459888,2388461017,16283,1129
28868.225161,2388468965,2388470100,16221,1135
28868.237181,2388478044,2388479173,16388,1129
28868.249196,2388487118,2388488248,16148,1130
28868.261228,2388496169,2388497302,16308,1133
28868.304327,2388530329,2388531473,16316,1144
28868.324348,2388544027,2388545162,16267,1135
28868.336371,2388553173,2388554309,16321,1136
28868.348384,2388562332,2388563478,16237,1146
28868.363421,2388573756,2388574902,16381,1146
28868.375438,2388582891,2388584037,16151,1146
28868.387468,2388591989,2388593119,16305,1130
28868.399490,2388601131,2388602272,16404,1141
28868.411506,2388610265,2388611407,16234,1142
28868.423537,2388619412,2388620549,16310,1137
28868.436567,2388630856,2388631997,16226,1141
28868.507695,2388683351,2388684496,16380,1145
28868.519712,2388692482,2388693629,16236,1147
28868.531741,2388701606,2388702752,16317,1146
28868.543765,2388710729,2388711875,16318,1146
28868.555780,2388719875,2388721021,16153,1146
28868.567809,2388729021,2388730164,16314,1143
28868.579834,2388738145,2388739281,16401,1136
28868.591849,2388747274,2388748420,16237,1146
28868.603878,2388756409,2388757555,16301,1146
28868.615903,2388765547,2388766683,16404,1136
28868.627918,2388774674,2388775820,16228,1146
28868.639948,2388784054,2388785200,16328,1146
28868.651971,2388793174,2388794320,16404,1146
28868.673003,2388809151,2388810287,16226,1136
28868.685034,2388818253,2388819395,16311,1142
28868.707575,2388833566,2388834699,16314,1133
28868.719600,2388842654,2388843792,16401,1138
28868.731615,2388851781,2388852918,16238,1137
28868.743644,2388860915,2388862061,16314,1146
28868.755667,2388870079,2388871225,16341,1146
28868.767684,2388879220,2388880364,16149,1144
28868.785718,2388892930,2388894086,16232,1156
28868.797747,2388902082,2388903224,16316,1142
28868.809771,2388911227,2388912368,16394,1141
28868.821786,2388920368,2388921505,16233,1137
28868.833816,2388929512,2388930660,16274,1148
28868.845842,2388938640,2388939776,16421,1136
28868.857855,2388947764,2388948901,16251,1137
28868.869885,2388956907,2388958049,16212,1142
28868.893923,2388975168,2388976300,16223,1132
28868.905953,2388984296,2388985442,16404,1146
28868.929992,2389002579,2389003725,16239,1146
28868.942022,2389011730,2389012870,16324,1140
28868.954045,2389020853,2389022004,16389,1151
28868.966061,2389030014,2389031154,16240,1140
28868.984095,2389043722,2389044866,16320,1144
28869.002130,2389057434,2389058576,16264,1142
28869.014160,2389066586,2389067732,16381,1146
28869.026181,2389075738,2389076880,16382,1142
28869.041210,2389087181,2389088322,16302,1141
28869.053235,2389096380,2389097520,16385,1140
28869.065250,2389105531,2389106672,16244,1141
28869.077280,2389114672,2389115818,16312,1146
28869.089302,2389123842,2389124983,16383,1141
28869.101318,2389132943,2389134088,16250,1145
28869.113349,2389142098,2389143249,16314,1151
28869.128370,2389153535,2389154676,16342,1141
28869.143406,2389164967,2389166108,16427,1141
28869.155424,2389174085,2389175231,16364,1146
28869.167452,2389183250,2389184395,16319,1145
28869.179473,2389192395,2389193537,16392,1142
28869.191488,2389201534,2389202680,16151,1146
28869.203520,2389210673,2389211810,16231,1137
28869.221554,2389224369,2389225511,16304,1142
28869.233576,2389233514,2389234657,16298,1143
28869.248606,2389244960,2389246105,16228,1145
28869.260630,2389254136,2389255273,16342,1137
28869.272644,2389263283,2389264420,16230,1137
28869.284674,2389272402,2389273548,16224,1146
28869.299695,2389283841,2389284975,16248,1134
28869.311726,2389292978,2389294118,16315,1140
28869.323749,2389302101,2389303238,16408,1137
28869.335764,2389311245,2389312391,16239,1146
28869.347793,2389320376,2389321517,16327,1141
28869.359817,2389329507,2389330644,16406,1137
28869.372848,2389340934,2389342071,16314,1137
28869.416918,2389372869,2389374018,16333,1149
28869.428949,2389382016,2389383162,16326,1146
28869.440972,2389391171,2389392307,16417,1136
28869.452987,2389400292,2389401433,16250,1141
28869.465016,2389409447,2389410593,16317,1146
28869.477038,2389418608,2389419750,16371,1142
28869.489054,2389427731,2389428867,16253,1136
28869.570210,2389489395,2389490526,16248,1131
28869.582239,2389498505,2389499644,16228,1139
28869.594260,2389507644,2389508784,16365,1140
28869.609290,2389519067,2389520213,16318,1146
28869.621313,2389528217,2389529358,16388,1141
28869.660381,2389557905,2389559051,16265,1146
28869.672411,2389567058,2389568196,16224,1138
28869.684435,2389576183,2389577329,16405,1146
28869.696450,2389585308,2389586444,16207,1136
28869.712494,2389599065,2389600211,16243,1146
28869.735532,2389615140,2389616288,16227,1148
28869.747553,2389624333,2389625486,16345,1153
28869.759570,2389633534,2389634685,16202,1151
28869.771599,2389642722,2389643873,16231,1151
28869.783626,2389651895,2389653040,16410,1145
28869.795638,2389661039,2389662180,16250,1141
28869.807669,2389670165,2389671303,16381,1138
28869.819690,2389679277,2389680423,16470,1146
28869.831707,2389688417,2389689552,16250,1135
28869.864777,2389713588,2389714730,16399,1142
28869.876793,2389722752,2389723888,16148,1136
28869.888825,2389731908,2389733058,16318,1150
28869.900845,2389741039,2389742180,16383,1141
28869.921878,2389757048,2389758194,16246,1146
28869.933909,2389766193,2389767349,16317,1156
28869.969978,2389793619,2389794760,16318,1141
28869.981999,2389802773,2389803913,16342,1140
28870.006045,2389821044,2389822180,16305,1136
28870.018068,2389830170,2389831306,16390,1136
28870.042113,2389848473,2389849619,16323,1146
28870.054136,2389857614,2389858760,16469,1146
28870.069167,2389869065,2389870211,16313,1146
28870.081188,2389878266,2389879407,16385,1141
28870.120255,2389907983,2389909129,16224,1146
28870.132286,2389917109,2389918248,16318,1139
28870.144308,2389926262,2389927402,16381,1140
28870.156324,2389935387,2389936524,16229,1137
28870.168353,2389944515,2389945661,16323,1146
28870.180377,2389953654,2389954800,16388,1146
28870.192396,2389962789,2389963940,16286,1151
28870.240492,2389999311,2390000453,16317,1142
28870.252513,2390008434,2390009575,16385,1141
28870.276560,2390026721,2390027863,16318,1142
28870.288582,2390035894,2390037040,16295,1146
28870.320336,2390064598,2390065735,16310,1137
28870.333670,2390073728,2390074869,16416,1141
28870.348697,2390085136,2390086275,16316,1139
28870.375749,2390105713,2390106850,16317,1137
28870.387772,2390114826,2390115962,16400,1136
28870.399788,2390123964,2390125105,16234,1141
28870.411818,2390133107,2390134248,16320,1141
28870.423840,2390142253,2390143399,16391,1146
28870.435856,2390151419,2390152565,16243,1146
28870.495977,2390197153,2390198299,16387,1146
28870.507993,2390206312,2390207442,16198,1130
28870.520022,2390215435,2390216581,16225,1146
28870.532046,2390224586,2390225730,16388,1144
28870.544064,2390233702,2390234842,16293,1140
28870.556090,2390242842,2390243988,16221,1146
28870.568112,2390251984,2390253126,16342,1142
28870.580129,2390261125,2390262266,16254,1141
28870.601176,2390277097,2390278243,16305,1146
28870.613198,2390286251,2390287392,16371,1141
28870.631234,2390299955,2390301095,16406,1140
28870.692349,2390347913,2390349064,16370,1151
28870.733423,2390377631,2390378770,16301,1139
28870.745453,2390386757,2390387898,16315,1141
28870.757476,2390395912,2390397049,16408,1137
28870.835622,2390455341,2390456487,16310,1146
28870.847646,2390464491,2390465632,16398,1141
28870.859662,2390473621,2390474763,16234,1142
28870.871691,2390482744,2390483890,16226,1146
28870.883715,2390491883,2390493032,16357,1149
28870.895731,2390501034,2390502171,16233,1137
28870.919784,2390519333,2390520469,16395,1136
28870.931799,2390528482,2390529617,16235,1135
28870.943830,2390537614,2390538757,16332,1143
28870.955851,2390546757,2390547893,16383,1136
28870.967868,2390555899,2390557045,16252,1146
28870.979898,2390565060,2390566201,16333,1141
28871.052034,2390619734,2390620876,16313,1142
28871.064058,2390628877,2390630018,16402,1141
28871.076072,2390638025,2390639156,16224,1131
28871.088103,2390647156,2390648297,16320,1141
28871.100127,2390656304,2390657450,16405,1146
28871.112144,2390665462,2390666600,16248,1138
28871.124171,2390674620,2390675761,16315,1141
28871.136194,2390683757,2390684898,16391,1141
28871.148211,2390692911,2390694046,16234,1135
28871.160240,2390702047,2390703188,16319,1141
28871.178275,2390715758,2390716901,16223,1143
28871.196310,2390729486,2390730632,16315,1146
28871.208333,2390738650,2390739795,16400,1145
28871.271453,2390786626,2390787763,16404,1137
28871.283468,2390795776,2390796927,16251,1151
28871.295497,2390804933,2390806070,16313,1137
28871.316538,2390820951,2390822098,16392,1147
28871.328554,2390830122,2390831259,16236,1137
28871.367634,2390859820,2390860966,16323,1146
28871.379659,2390868972,2390870117,16402,1145
28871.391674,2390878124,2390879270,16232,1146
28871.409708,2390891830,2390892976,16229,1146
28871.421737,2390900983,2390902129,16301,1146
28871.433762,2390910100,2390911246,16401,1146
28871.445777,2390919241,2390920382,16320,1141
28871.481848,2390946625,2390947774,16265,1149
28871.493875,2390955783,2390956925,16389,1142
28871.505899,2390964938,2390966079,16405,1141
28871.517914,2390974057,2390975192,16233,1135
28871.535948,2390987811,2390988953,16234,1142
28871.547978,2390996974,2390998118,16301,1144
28871.560002,2391006136,2391007277,16410,1141
28871.572015,2391015277,2391016414,16230,1137
28871.593063,2391031272,2391032409,16316,1137
28871.605086,2391040405,2391041537,16398,1132
28871.626120,2391056378,2391057514,16235,1136
28871.638149,2391065510,2391066656,16316,1146
28871.650173,2391074618,2391075764,16404,1146
28871.662188,2391083764,2391084901,16235,1137
28871.674217,2391092875,2391094026,16313,1151
28871.686241,2391102013,2391103159,16368,1146
28871.698257,2391111155,2391112304,16232,1149
28871.710286,2391120327,2391121478,16316,1151
28871.725308,2391131754,2391132900,16228,1146
28871.744356,2391147774,2391148920,16363,1146
28871.776410,2391170612,2391171757,16376,1145
28871.788428,2391179761,2391180902,16333,1141
28871.800458,2391188890,2391190032,16326,1142
28871.812480,2391198036,2391199177,16384,1141
28871.881610,2391250567,2391251711,16311,1144
28871.893634,2391259706,2391260857,16385,1151
28871.911668,2391273406,2391274538,16369,1132
28871.923686,2391282550,2391283701,16254,1151
28871.935716,2391291739,2391292890,16314,1151
28871.947739,2391300894,2391302039,16315,1145
28871.959754,2391310041,2391311183,16147,1142
28871.971785,2391319164,2391320295,16230,1131
28871.983806,2391328284,2391329430,16297,1146
28872.004840,2391344288,2391345429,16257,1141
28872.016871,2391353429,2391354575,16227,1146
28872.040908,2391371731,2391372867,16236,1136
28872.052938,2391380855,2391381996,16309,1141
28872.073979,2391396856,2391398002,16362,1146
28872.085994,2391406009,2391407155,16230,1146
28872.098023,2391415155,2391416299,16307,1144
28872.110046,2391424299,2391425441,16384,1142
28872.137097,2391444892,2391446033,16344,1141
28872.149113,2391454062,2391455207,16225,1145
28872.170162,2391470060,2391471203,16315,1143
28872.182185,2391479197,2391480343,16408,1146
28872.200219,2391492904,2391494050,16402,1146
28872.212234,2391502040,2391503177,16189,1137
28872.224265,2391511174,2391512315,16318,1141
28872.236287,2391520314,2391521460,16401,1146
28872.248302,2391529451,2391530596,16191,1145
28872.296400,2391566014,2391567149,16314,1135
28872.308423,2391575159,2391576305,16386,1146
28872.320441,2391584304,2391585438,16238,1134
28872.332470,2391593436,2391594579,16321,1143
28872.344493,2391602578,2391603719,16397,1141
28872.356509,2391611719,2391612856,16239,1137
28872.368538,2391620870,2391622016,16316,1146
28872.380561,2391630013,2391631145,16386,1132
28872.392577,2391639136,2391640287,16250,1151
28872.404602,2391648516,2391649658,16229,1142
28872.428645,2391666749,2391667895,16373,1146
28872.440663,2391675863,2391676994,16042,1131
28872.528845,2391744109,2391745251,16025,1142
28872.551888,2391760074,2391761220,16373,1146
28872.563904,2391769224,2391770368,16251,1144
28872.575924,2391778345,2391779478,15996,1133
28872.587955,2391787473,2391788604,16363,1131
28872.599974,2391796604,2391797744,16348,1140
28872.621009,2391812543,2391813686,15992,1143
28872.633038,2391821630,2391822772,16358,1142
28872.681127,2391858083,2391859227,16376,1144
28872.693146,2391867191,2391868334,16031,1143
28872.744246,2391905854,2391906995,16361,1141
28872.756266,2391914958,2391916101,16108,1143
28872.768300,2391924115,2391925249,16343,1134
28872.844447,2391983239,2391984370,16033,1131
28872.876501,2392005975,2392007109,16360,1134
28872.891524,2392017338,2392018478,16031,1140
28872.903557,2392026470,2392027606,16374,1136
28872.915574,2392035564,2392036706,16348,1142
28872.927596,2392044630,2392045758,16071,1128
28872.939622,2392053720,2392054866,16376,1146
28872.951640,2392062832,2392063972,16358,1140
28872.963663,2392071941,2392073084,16227,1143
28872.975690,2392081211,2392082357,16441,1146
28872.987713,2392090374,2392091510,16364,1136
28872.999729,2392099442,2392100577,16030,1135
28873.011761,2392108556,2392109691,16406,1135
28873.032797,2392124504,2392125645,16349,1141
28873.065864,2392149554,2392150700,16354,1146
28873.077882,2392158656,2392159802,16371,1146
28873.168051,2392226861,2392228005,16338,1144
28873.181577,2392237147,2392238286,16443,1139
28873.193598,2392246254,2392247389,15995,1135
28873.205627,2392255379,2392256521,16361,1142
28873.217650,2392264508,2392265645,16356,1137
28873.256728,2392294059,2392295200,16306,1141
28873.268747,2392303173,2392304310,16359,1137
28873.289786,2392319146,2392320281,16343,1135
28873.301806,2392328227,2392329373,16228,1146
28873.373939,2392382818,2392383956,16026,1138
28873.385970,2392392142,2392393283,16444,1141
28873.441073,2392435412,2392436547,16358,1135
28873.477143,2392462714,2392463848,16369,1134
28873.581335,2392539992,2392541131,16100,1139
28873.593369,2392549144,2392550284,16360,1140
28873.629437,2392576562,2392577695,16440,1133
28873.641452,2392585636,2392586772,16448,1136
28873.653480,2392594712,2392595855,16192,1143
28873.665503,2392603815,2392604935,16209,1120
28873.677520,2392612887,2392614020,16354,1133
28873.689541,2392621955,2392623098,16034,1143
28873.704573,2392633350,2392634496,16265,1146
28873.716592,2392642480,2392643618,15995,1138
28873.791743,2392699333,2392700469,16380,1136
28873.803764,2392708475,2392709608,16251,1133
28873.815781,2392717579,2392718716,15994,1137
28873.827811,2392726682,2392727828,16456,1146
28873.848847,2392742597,2392743740,16361,1143
28873.860867,2392751690,2392752833,16032,1143
28873.875899,2392763084,2392764225,16377,1141
28873.896935,2392778964,2392780101,16032,1137
28873.908969,2392788072,2392789212,16410,1140
28873.920986,2392797183,2392798329,16426,1146
28873.933002,2392806271,2392807399,16023,1128
28873.984103,2392844905,2392846046,16354,1141
28873.996124,2392853981,2392855127,16031,1146
28874.008157,2392863126,2392864266,16411,1140
28874.020174,2392872253,2392873394,16386,1141
28874.032192,2392881389,2392882532,15990,1143
28874.044224,2392890487,2392891606,16216,1119
28874.056245,2392899574,2392900714,16361,1140
28874.068262,2392908652,2392909785,16034,1133
28874.080290,2392917745,2392918891,16361,1146
28874.120372,2392949643,2392950777,16023,1134
28874.137396,2392961022,2392962150,16370,1128
28874.200516,2393008790,2393009929,16249,1139
28874.212536,2393017905,2393019051,16068,1146
28874.224565,2393027006,2393028147,16362,1141
28874.293690,2393079281,2393080419,16101,1138
28874.305723,2393088397,2393089534,16454,1137
28874.320741,2393099774,2393100909,16025,1135
28874.332770,2393108867,2393109998,16361,1131
28874.344791,2393117985,2393119130,16378,1145
28874.365830,2393133937,2393135078,16228,1141
28874.377857,2393143052,2393144188,16369,1136
28874.392877,2393154415,2393155543,16023,1128
28874.404911,2393163497,2393164638,16372,1141
28874.416928,2393172619,2393173753,16370,1134
28874.431961,2393184470,2393185616,16386,1146
28874.443979,2393193614,2393194750,16359,1136
28874.455999,2393202737,2393203870,15992,1133
28874.468027,2393211828,2393212965,16315,1137
28874.480047,2393220932,2393222074,16355,1142
28874.498082,2393234561,2393235707,16254,1146
28874.510101,2393243674,2393244817,15994,1143
28874.546179,2393270969,2393272119,16297,1150
28874.558199,2393280074,2393281220,16360,1146
28874.624324,2393330140,2393331280,16427,1140
28874.636341,2393339462,2393340605,16102,1143
28874.648374,2393348590,2393349727,16494,1137
28874.660389,2393357681,2393358821,16356,1140
28874.729527,2393409977,2393411121,16376,1144
28874.741544,2393419086,2393420223,16348,1137
28874.792645,2393457703,2393458845,16357,1142
28874.804667,2393466850,2393467992,16263,1142
28874.831716,2393487511,2393488657,16231,1146
28874.843745,2393496695,2393497846,16318,1151
28874.855768,2393505841,2393506992,16390,1151
28874.867784,2393515049,2393516195,16247,1146
28874.879804,2393524166,2393525309,16010,1143
28874.891833,2393533259,2393534396,16351,1137
28874.903855,2393542380,2393543520,16342,1140
28874.921890,2393556055,2393557195,16429,1140
28874.933907,2393565137,2393566272,16119,1135
28874.951941,2393578760,2393579888,16121,1128
28874.963972,2393587854,2393588974,16200,1120
28874.975991,2393596935,2393598077,16461,1142
28874.994025,2393610568,2393611699,16261,1131
28875.006044,2393619655,2393620784,16006,1129
28875.036107,2393642401,2393643531,16349,1130
28875.048129,2393651515,2393652651,16345,1136
28875.060148,2393660791,2393661929,16108,1138
28875.072177,2393669880,2393671015,16445,1135
28875.084195,2393678974,2393680116,16360,1142
28875.096218,2393688085,2393689231,16294,1146
28875.114250,2393701722,2393702865,16030,1143
28875.126280,2393710810,2393711948,16357,1138
28875.171365,2393744982,2393746119,16357,1137
28875.183384,2393754068,2393755214,16355,1146
28875.195407,2393763145,2393764282,16242,1137
28875.213442,2393776801,2393777940,16224,1139
28875.225473,2393785903,2393787044,16375,1141
28875.240498,2393797290,2393798438,16107,1148
28875.252519,2393806405,2393807538,16440,1133
28875.276560,2393824580,2393825718,16033,1138
28875.288591,2393833696,2393834812,16219,1116
28875.300610,2393842790,2393843925,16427,1135
28875.336678,2393870119,2393871253,16345,1134
28875.348696,2393879208,2393880341,16028,1133
28875.376757,2393901951,2393903094,16361,1143
28875.399798,2393917908,2393919054,16425,1146
28875.411816,2393927001,2393928143,16030,1142
28875.423845,2393936113,2393937259,16366,1146
28875.444886,2393952052,2393953191,16370,1139
28875.456902,2393961186,2393962329,15992,1143
28875.480950,2393979361,2393980492,16366,1131
28875.492973,2393988481,2393989622,16231,1141
28875.586154,2394058964,2394060105,16359,1141
28875.598176,2394068101,2394069238,16342,1137
28875.625226,2394088587,2394089721,16373,1134
28875.637252,2394097666,2394098809,16111,1143
28875.649274,2394106778,2394107918,16356,1140
28875.664296,2394118198,2394119333,15998,1135
28875.676330,2394127320,2394128455,16374,1135
28875.691350,2394138714,2394139851,16229,1137
28875.751468,2394184243,2394185383,16430,1140
28875.763485,2394193326,2394194466,16030,1140
28875.775516,2394202418,2394203534,16217,1116
28875.787535,2394211485,2394212626,16254,1141
28875.799552,2394220614,2394221747,15993,1133
28875.811585,2394229698,2394230821,16218,1123
28875.823601,2394238775,2394239916,16356,1141
28875.835630,2394247850,2394248993,16125,1143
28875.847653,2394256947,2394258083,16374,1136
28875.859672,2394266084,2394267216,16357,1132
28875.871690,2394275163,2394276297,15948,1134
28875.907758,2394302525,2394303665,15999,1140
28875.919790,2394311622,2394312768,16375,1146
28875.931807,2394320742,2394321883,16357,1141
28875.943828,2394329818,2394330955,16028,1137
28875.955857,2394338922,2394340058,16369,1136
28875.967879,2394348026,2394349161,16349,1135
28875.979896,2394357091,2394358236,16106,1145
28875.991932,2394366244,2394367364,16303,1120
28876.016979,2394386726,2394387872,16442,1146
28876.061051,2394418546,2394419687,16027,1141
28876.073080,2394427655,2394428786,16360,1131
28876.085101,2394436753,2394437899,16261,1146
28876.121171,2394464096,2394465236,16343,1140
28876.133195,2394473199,2394474341,16076,1142
28876.223360,2394541475,2394542618,16067,1143
28876.235392,2394550572,2394551705,16418,1133
28876.247407,2394559642,2394560779,16348,1137
28876.259428,2394568725,2394569863,16025,1138
28876.271459,2394577851,2394578980,16379,1129
28876.283478,2394586928,2394588065,16265,1137
28876.307529,2394605142,2394606259,16268,1117
28876.319546,2394614252,2394615403,16458,1151
28876.331573,2394623357,2394624495,16190,1138
28876.343594,2394632451,2394633585,16442,1134
28876.355615,2394641548,2394642694,16375,1146
28876.379665,2394659732,2394660848,16211,1116
28876.391685,2394668850,2394669991,16348,1141
28876.403701,2394677924,2394679067,16034,1143
28876.415733,2394687025,2394688165,16382,1140
28876.427751,2394696137,2394697281,16441,1144
28876.439771,2394705239,2394706382,16107,1143
28876.472838,2394730277,2394731414,16372,1137
28876.484861,2394739395,2394740531,16224,1136
28876.496886,2394748486,2394749632,16365,1146
28876.508905,2394757583,2394758717,16446,1134
28876.535960,2394778046,2394779186,16353,1140
28876.547977,2394787171,2394788304,15994,1133
28876.560006,2394796280,2394797419,16366,1139
28876.572027,2394805388,2394806528,16375,1140
28876.584048,2394814476,2394815622,16226,1146
28876.596075,2394823590,2394824741,16359,1151
28876.608095,2394832703,2394833834,16376,1131
28876.620114,2394841776,2394842916,16032,1140
28876.632146,2394850885,2394852022,16410,1137
28876.644164,2394859968,2394861112,16284,1144
28876.656183,2394869036,2394870172,16027,1136
28876.686251,2394891817,2394892953,16373,1136
28876.698267,2394900973,2394902105,16348,1132
28876.710286,2394910038,2394911175,16032,1137
28876.764389,2394951003,2394952138,16030,1135
28876.776421,2394960116,2394961247,16346,1131
28876.788440,2394969247,2394970383,16350,1136
28876.809474,2394985183,2394986315,16029,1132
28876.821504,2394994297,2394995438,16369,1141
28876.864587,2395028445,2395029591,16374,1146
28876.881614,2395039856,2395041002,16245,1146
28876.893641,2395048960,2395050093,16372,1133
28876.905662,2395058045,2395059188,16342,1143
28876.968780,2395105801,2395106947,16361,1146
28876.983816,2395117214,2395118360,16450,1146
28877.001846,2395130828,2395131969,16362,1141
28877.013865,2395139925,2395141066,16363,1141
28877.025890,2395148964,2395150101,16070,1137
28877.068980,2395183037,2395184175,16024,1138
28877.101035,2395205831,2395206968,16362,1137
28877.113058,2395214978,2395216123,16357,1145
28877.173174,2395260375,2395261521,16376,1146
28877.185194,2395269512,2395270648,16340,1136
28877.275365,2395337736,2395338867,16252,1131
28877.287383,2395346823,2395347966,15990,1143
28877.299412,2395355912,2395357053,16359,1141
28877.311431,2395365035,2395366187,16350,1152
28877.323459,2395374137,2395375271,16114,1134
28877.335481,2395383237,2395384374,16365,1137
28877.347501,2395392361,2395393498,16375,1137
28877.383572,2395419681,2395420816,16439,1135
28877.395587,2395428787,2395429931,16068,1144
28877.407620,2395437899,2395439036,16373,1137
28877.418145,2395443451,2395444246,14427,795
28877.428333,2395448488,2395449088,12122,600
28877.455706,2395462830,2395463963,16242,1133
28877.467736,2395471899,2395473028,16318,1129
28877.479759,2395480971,2395482117,16401,1146
28877.491775,2395490086,2395491219,16255,1133
28877.503804,2395499167,2395500298,16304,1131
28877.515827,2395508270,2395509407,16378,1137
28877.527843,2395517394,2395518533,16328,1139
28877.539872,2395526496,2395527637,16315,1141
28877.551894,2395535628,2395536769,16371,1141
28877.563914,2395544759,2395545905,16294,1146
28877.581946,2395558456,2395559597,16255,1141
28877.593975,2395567591,2395568730,16331,1139
28877.618014,2395585847,2395586988,16245,1141
28877.630044,2395594955,2395596097,16315,1142
28877.681135,2395633789,2395634931,16260,1142
28877.693164,2395642905,2395644042,16224,1137
28877.708185,2395654298,2395655439,16253,1141
28877.729234,2395670277,2395671428,16322,1151
28877.741256,2395679435,2395680575,16405,1140
28877.753272,2395688584,2395689730,16252,1146
28877.801371,2395725196,2395726338,16314,1142
28877.813394,2395734331,2395735468,16404,1137
28877.828422,2395745715,2395746861,16312,1146
28877.864491,2395773084,2395774220,16310,1136
28877.876513,2395782190,2395783329,16383,1139
28877.897546,2395798192,2395799333,16234,1141
28877.909577,2395807317,2395808457,16320,1140
28877.921599,2395816454,2395817600,16414,1146
28877.932122,2395823069,2395823943,15172,874
28877.944143,2395831841,2395832980,16405,1139
28877.956158,2395840934,2395842058,16234,1124
28877.968187,2395850029,2395851167,16202,1138
28877.980211,2395859143,2395860289,16407,1146
28877.992226,2395868306,2395869435,16250,1129
28878.004255,2395877429,2395878569,16315,1140
28878.016280,2395886556,2395887702,16408,1146
28878.028295,2395895675,2395896817,16146,1142
28878.044338,2395909382,2395910533,16239,1151
28878.056363,2395918530,2395919665,16312,1135
28878.088416,2395941367,2395942505,16387,1138
28878.100432,2395950494,2395951635,16254,1141
28878.112463,2395959622,2395960763,16331,1141
28878.127484,2395971032,2395972179,16236,1147
28878.139514,2395980256,2395981402,16317,1146
28878.151537,2395989396,2395990542,16402,1146
28878.163552,2395998549,2395999690,16231,1141
28878.175583,2396007689,2396008843,16331,1154
28878.187604,2396016829,2396017966,16385,1137
28878.199621,2396025963,2396027104,16254,1141
28878.211650,2396035100,2396036246,16302,1146
28878.229684,2396048811,2396049953,16313,1142
28878.241707,2396057941,2396059081,16396,1140
28878.253724,2396067067,2396068202,16249,1135
28878.265756,2396076163,2396077304,16310,1141
28878.280775,2396087602,2396088733,16251,1131
28878.292805,2396096707,2396097842,16315,1135
28878.313844,2396112684,2396113821,16389,1137
28878.325861,2396121814,2396122958,16231,1144
28878.344909,2396137845,2396138991,16394,1146
28878.361930,2396149269,2396150411,16237,1142
28878.373958,2396158417,2396159553,16401,1136
28878.397998,2396176703,2396177849,16236,1146
28878.410029,2396185836,2396186974,16406,1138
28878.434066,2396204105,2396205251,16315,1146
28878.446097,2396213263,2396214409,16325,1146
28878.464131,2396226979,2396228125,16315,1146
28878.476154,2396236123,2396237267,16410,1144
28878.488170,2396245265,2396246416,16252,1151
28878.500200,2396254385,2396255526,16319,1141
28878.512222,2396263506,2396264646,16388,1140
28878.524238,2396272650,2396273782,16235,1132
28878.536268,2396281782,2396282924,16314,1142
28878.548290,2396290925,2396292071,16386,1146
28878.560306,2396300075,2396301227,16252,1152
28878.572337,2396309238,2396310374,16316,1136
28878.584359,2396318402,2396319548,16390,1146
28878.596375,2396327576,2396328713,16239,1137
28878.608406,2396336699,2396337833,16419,1134
28878.632444,2396354951,2396356088,16331,1137
28878.644475,2396364083,2396365229,16324,1146
28878.668513,2396382384,2396383515,16236,1131
28878.680545,2396391526,2396392665,16345,1139
28878.708594,2396414352,2396415498,16386,1146
28878.740653,2396437085,2396438222,16285,1137
28878.752680,2396446179,2396447318,16312,1139
28878.767701,2396457572,2396458706,16234,1134
28878.785735,2396471282,2396472421,16213,1139
28878.797766,2396480409,2396481551,16314,1142
28878.809788,2396489554,2396490699,16392,1145
28878.821804,2396498710,2396499846,16249,1136
28878.833834,2396507824,2396508971,16307,1147
28878.876921,2396542091,2396543228,16310,1137
28878.899959,2396558079,2396559224,16388,1145
28878.911974,2396567215,2396568356,16222,1141
28878.924006,2396576354,2396577495,16314,1141
28878.936028,2396585457,2396586598,16396,1141
28878.948044,2396594594,2396595735,16233,1141
28878.961074,2396606050,2396607187,16411,1137
28878.984112,2396622035,2396623166,16343,1131
28879.014176,2396644883,2396646029,16322,1146
28879.026197,2396654005,2396655151,16458,1146
28879.050243,2396672285,2396673431,16398,1146
28879.062267,2396681428,2396682574,16395,1146
28879.077296,2396692851,2396693992,16327,1141
28879.089317,2396701955,2396703096,16371,1141
28879.101335,2396711093,2396712228,16262,1135
28879.113363,2396720234,2396721380,16312,1146
28879.137407,2396738509,2396739655,16277,1146
28879.149433,2396747639,2396748785,16311,1146
28879.161456,2396756788,2396757934,16401,1146
28879.173473,2396765942,2396767073,16246,1131
28879.185501,2396775073,2396776214,16304,1141
28879.197525,2396784212,2396785358,16387,1146
28879.221570,2396802497,2396803634,16316,1137
28879.233592,2396811662,2396812813,16369,1151
28879.260643,2396832225,2396833371,16385,1146
28879.275673,2396843636,2396844776,16315,1140
28879.300725,2396864183,2396865328,16314,1145
28879.335781,2396889313,2396890457,16239,1144
28879.347809,2396898431,2396899577,16318,1146
28879.359835,2396907610,2396908762,16428,1152
28879.371850,2396916761,2396917907,16250,1146
28879.383881,2396925911,2396927056,16325,1145
28879.395902,2396935073,2396936213,16296,1140
28879.407920,2396944201,2396945344,16267,1143
28879.419949,2396953345,2396954491,16319,1146
28879.437983,2396967055,2396968192,16313,1137
28879.450005,2396976162,2396977303,16385,1141
28879.465035,2396987594,2396988736,16315,1142
28879.477057,2396996707,2396997853,16400,1146
28879.510120,2397021821,2397022967,16313,1146
28879.522142,2397030947,2397032093,16386,1146
28879.534159,2397040083,2397041234,16239,1151
28879.546188,2397049239,2397050385,16308,1146
28879.561210,2397060661,2397061806,16233,1145
28879.573239,2397069795,2397070932,16325,1137
28879.615313,2397101800,2397102936,16258,1136
28879.627341,2397110948,2397112084,16319,1136
28879.639364,2397120084,2397121221,16369,1137
28879.651384,2397129207,2397130348,16281,1141
28879.663411,2397138344,2397139490,16316,1146
28879.675434,2397147488,2397148633,16393,1145
28879.693466,2397161207,2397162358,16371,1151
28879.705483,2397170366,2397171507,16244,1141
28879.723519,2397184073,2397185203,16260,1130
28879.735546,2397193210,2397194358,16314,1148
28879.753582,2397206924,2397208065,16313,1141
28879.765603,2397216061,2397217212,16369,1151
28879.777621,2397225233,2397226370,16248,1137
28879.789652,2397234370,2397235511,16314,1141
28879.825720,2397261795,2397262933,16317,1138
28879.840742,2397273228,2397274387,16243,1159
28879.852772,2397282424,2397283570,16404,1146
28879.885828,2397307681,2397308831,16235,1150
28879.897856,2397316869,2397318017,16315,1148
28879.912879,2397328353,2397329504,16236,1151
28879.924908,2397337503,2397338640,16317,1137
28879.960977,2397364912,2397366047,16317,1135
28879.973001,2397374047,2397375178,16486,1131
28879.985016,2397383169,2397384299,16234,1130
28879.997047,2397392297,2397393438,16315,1141
28880.009069,2397401426,2397402573,16388,1147
28880.033115,2397419700,2397420840,16311,1140
28880.045138,2397428857,2397429994,16397,1137
28880.072188,2397449425,2397450565,16386,1140
28880.084205,2397458555,2397459701,16252,1146
28880.096235,2397467697,2397468839,16333,1142
28880.111257,2397479114,2397480252,16215,1138
28880.126292,2397490536,2397491678,16402,1142
28880.136327,2397499684,2397500819,16242,1135
28880.168372,2397522520,2397523666,16319,1146
28880.180396,2397531718,2397532864,16335,1146
28880.195421,2397543202,2397544357,16317,1155
28880.207444,2397552417,2397553564,16315,1147
28880.219467,2397561608,2397562759,16318,1151
28880.231490,2397570785,2397571931,16263,1146
28880.243513,2397579930,2397581066,16375,1136
28880.264547,2397595945,2397597091,16254,1146
28880.276575,2397605089,2397606226,16314,1137
28880.300614,2397623336,2397624473,16244,1137
28880.312645,2397632466,2397633603,16223,1137
28880.324667,2397641578,2397642719,16376,1141
28880.348713,2397659836,2397660982,16315,1146
28880.360737,2397668954,2397670100,16390,1146
28880.375765,2397680381,2397681523,16313,1142
28880.387789,2397689511,2397690657,16391,1146
28880.399803,2397698684,2397699824,16219,1140
28880.417839,2397712406,2397713543,16227,1137
28880.429870,2397721547,2397722683,16317,1136
28880.441893,2397730671,2397731812,16405,1141
28880.453908,2397739814,2397740954,16229,1140
28880.532064,2397799213,2397800359,16394,1146
28880.544080,2397808375,2397809521,16251,1146
28880.556110,2397817523,2397818658,16314,1135
28880.568131,2397826658,2397827804,16387,1146
28880.586166,2397840355,2397841492,16387,1137
28880.598181,2397849489,2397850625,16220,1136
28880.610210,2397858646,2397859792,16302,1146
28880.622234,2397867808,2397868949,16388,1141
28880.643268,2397883799,2397884940,16250,1141
28880.655297,2397892916,2397894068,16316,1152
28880.667318,2397902070,2397903211,16370,1141
28880.679336,2397911221,2397912363,16249,1142
28880.691364,2397920359,2397921501,16322,1142
28880.703389,2397929505,2397930647,16392,1142
28880.724422,2397945496,2397946641,16238,1145
28880.736452,2397954622,2397955761,16246,1139
28880.757492,2397970604,2397971743,16396,1139
28880.769507,2397979745,2397980886,16268,1141
28880.805576,2398007182,2398008319,16263,1137
28880.817607,2398016341,2398017478,16311,1137
28880.841645,2398034570,2398035722,16234,1152
28880.853676,2398043707,2398044844,16317,1137
28880.865697,2398052866,2398054002,16391,1136
28880.877714,2398062018,2398063164,16233,1146
28880.892750,2398073430,2398074571,16409,1141
28880.904765,2398082572,2398083713,16257,1141
28880.919801,2398093989,2398095131,16402,1142
28880.931817,2398103118,2398104256,16148,1138
28880.943847,2398112286,2398113422,16319,1136
28880.955871,2398121407,2398122529,16402,1122
28880.967885,2398130528,2398131669,16163,1141
28880.979916,2398139647,2398140785,16215,1138
28880.991941,2398148781,2398149927,16403,1146
28881.003954,2398157922,2398159059,16248,1137
28881.015986,2398167081,2398168220,16306,1139
28881.028006,2398176194,2398177323,16382,1129
28881.040023,2398185334,2398186469,16249,1135
28881.052053,2398194481,2398195622,16317,1141
28881.064076,2398203644,2398204789,16403,1145
28881.076091,2398212802,2398213943,16216,1141
28881.088121,2398221951,2398223092,16331,1141
28881.100143,2398231098,2398232239,16381,1141
28881.112160,2398240219,2398241360,16249,1141
28881.124189,2398249344,2398250495,16305,1151
28881.136211,2398258489,2398259635,16382,1146
28881.148228,2398267628,2398268766,16230,1138
28881.160259,2398276744,2398277890,16316,1146
28881.172280,2398285905,2398287040,16384,1135
28881.184297,2398295002,2398296142,16167,1140
28881.196327,2398304130,2398305272,16312,1142
28881.208349,2398313257,2398314395,16387,1138
28881.224379,2398326999,2398328136,16382,1137
28881.280486,2398368153,2398369299,16390,1146
28881.292501,2398377318,2398378463,16237,1145
28881.307538,2398388740,2398389886,16389,1146
28881.319553,2398397900,2398399046,16246,1146
28881.331585,2398407022,2398408168,16316,1146
28881.343606,2398416146,2398417288,16398,1142
28881.355623,2398425287,2398426423,16339,1136
28881.367653,2398434435,2398435572,16407,1137
28881.379676,2398443570,2398444701,16487,1131
28881.391690,2398452679,2398453824,16226,1145
28881.403722,2398461797,2398462943,16324,1146
28881.415744,2398470913,2398472054,16406,1141
28881.427760,2398480084,2398481226,16264,1142
28881.439788,2398489212,2398490355,16309,1143
28881.451810,2398498349,2398499495,16373,1146
28881.463828,2398507486,2398508632,16256,1146
28881.475858,2398516627,2398517769,16328,1142
28881.487880,2398525764,2398526910,16471,1146
28881.499897,2398534914,2398536060,16303,1146
28881.511926,2398544032,2398545183,16398,1151
28881.523948,2398553180,2398554326,16386,1146
28881.535965,2398562324,2398563475,16332,1151
28881.547995,2398571458,2398572595,16318,1137
28881.566029,2398585171,2398586308,16309,1137
28881.578050,2398594295,2398595428,16376,1133
28881.590071,2398603533,2398604677,16271,1144
28881.626137,2398630838,2398631983,16444,1145
28881.640677,2398643570,2398644716,16240,1146
28881.732837,2398711687,2398712823,16001,1136
28881.744869,2398720807,2398721953,16362,1146
28881.789954,2398754903,2398756047,16387,1144
28881.801974,2398764038,2398765178,16346,1140
28881.821016,2398779918,2398781058,16041,1140
28881.857580,2398806338,2398807487,16427,1149
28881.869599,2398815457,2398816594,16441,1137
28881.896653,2398835967,2398837113,16345,1146
28881.908670,2398845063,2398846201,16044,1138
28881.932722,2398863282,2398864413,16426,1131
28881.944740,2398872349,2398873487,16046,1138
28881.983819,2398901929,2398903071,16356,1142
28882.037925,2398942852,2398943993,16399,1141
28882.049945,2398952368,2398953499,16340,1131
28882.089017,2398981867,2398983005,16230,1138
28882.101044,2398990987,2398992128,16363,1141
28882.122080,2399006901,2399008052,16362,1151
28882.134108,2399016002,2399017145,16117,1143
28882.212253,2399075140,2399076281,16373,1141
28882.224272,2399084223,2399085363,16027,1140
28882.236305,2399093343,2399094494,16419,1151
28882.248323,2399102689,2399103828,16369,1139
28882.260340,2399111745,2399112888,16111,1143
28882.272370,2399120825,2399121960,16361,1135
28882.284390,2399129941,2399131077,16268,1136
28882.311439,2399150453,2399151589,16437,1136
28882.323460,2399159529,2399160672,16030,1143
28882.335493,2399168622,2399169773,16418,1151
28882.356525,2399184511,2399185647,16361,1136
28882.368546,2399193579,2399194716,16110,1137
28882.407631,2399223139,2399224285,16369,1146
28882.419647,2399232255,2399233397,16371,1142
28882.431676,2399241359,2399242505,16223,1146
28882.443697,2399250470,2399251606,16375,1136
28882.455714,2399259597,2399260736,16354,1139
28882.473750,2399273251,2399274398,16374,1147
28882.485774,2399282359,2399283495,16259,1136
28882.564932,2399343778,2399344916,16103,1138
28882.609007,2399375603,2399376735,16370,1132
28882.621029,2399384692,2399385829,16231,1137
28882.654093,2399409737,2399410877,16374,1140
28882.666112,2399418834,2399419972,16108,1138
28882.693164,2399439340,2399440478,16071,1138
28882.705192,2399448439,2399449579,16367,1140
28882.772329,2399500723,2399501854,16025,1131
28882.855472,2399562128,2399563271,16029,1143
28882.867505,2399571274,2399572411,16373,1137
28882.879522,2399580367,2399581497,16264,1130
28882.891541,2399589436,2399590579,15991,1143
28882.903572,2399598554,2399599690,16390,1136
28882.915589,2399607657,2399608803,16364,1146
28882.927617,2399616742,2399617877,16132,1135
28882.939641,2399625843,2399626960,16258,1117
28882.951661,2399634961,2399636107,16404,1146
28882.969695,2399648626,2399649772,16344,1146
28882.981715,2399657739,2399658875,16327,1136
28882.993741,2399666823,2399667969,16371,1146
28883.005758,2399675907,2399677052,16376,1145
28883.065880,2399721373,2399722519,16455,1146
28883.077899,2399730544,2399731681,16251,1137
28883.095934,2399744207,2399745353,16371,1146
28883.107952,2399753304,2399754447,15992,1143
28883.119982,2399762412,2399763549,16360,1137
28883.138016,2399776099,2399777238,16353,1139
28883.150035,2399785212,2399786349,16367,1137
28883.198124,2399821630,2399822768,16032,1138
28883.210153,2399830742,2399831882,16358,1140
28883.273277,2399878484,2399879630,16463,1146
28883.285295,2399887643,2399888779,16297,1136
28883.300326,2399899003,2399900134,16387,1131
28883.315347,2399910336,2399911472,16103,1136
28883.369450,2399951296,2399952435,16030,1139
28883.381485,2399960425,2399961544,16228,1119
28883.393498,2399969501,2399970643,16367,1142
28883.432570,2399999062,2400000205,16030,1143
28883.444603,2400008183,2400009325,16333,1142
28883.456619,2400017278,2400018429,16370,1151
28883.480672,2400035472,2400036608,16377,1136
28883.492686,2400044583,2400045720,16357,1137
28883.504707,2400053695,2400054837,16101,1142
28883.516736,2400062811,2400063950,16360,1139
28883.591875,2400119741,2400120881,16356,1140
28883.603894,2400128816,2400129944,16027,1128
28883.621938,2400142440,2400143574,16114,1134
28883.633961,2400151524,2400152644,16292,1120
28883.694067,2400196991,2400198134,16028,1143
28883.706101,2400206144,2400207290,16330,1146
28883.754184,2400242619,2400243762,16448,1143
28883.766204,2400251714,2400252857,16107,1143
28883.778238,2400260849,2400261990,16457,1141
28883.811292,2400285776,2400286903,16028,1127
28883.823324,2400294857,2400296003,16439,1146
28883.835338,2400303960,2400305102,16265,1142
28883.847359,2400313037,2400314168,15948,1131
28883.859388,2400322112,2400323244,16349,1132
28883.877427,2400335806,2400336931,16222,1125
28883.889440,2400344893,2400346039,16353,1146
28883.901461,2400353978,2400355110,16035,1132
28883.913490,2400363055,2400364185,16365,1130
28883.928513,2400374383,2400375523,16106,1140
28883.940547,2400383516,2400384662,16432,1146
28883.991633,2400422197,2400423336,16029,1139
28884.028716,2400451692,2400452828,16366,1136
28884.072790,2400483527,2400484673,16328,1146
28884.084817,2400492628,2400493769,16447,1141
28884.096838,2400501751,2400502892,16427,1141
28884.108856,2400510852,2400511991,16109,1139
28884.120888,2400519983,2400521122,16407,1139
28884.132906,2400529060,2400530193,16376,1133
28884.144924,2400538133,2400539281,16023,1148
28884.168974,2400556353,2400557477,16252,1124
28884.180993,2400565444,2400566579,15994,1135
28884.232095,2400604179,2400605318,16352,1139
28884.244115,2400613255,2400614389,16030,1134
28884.256142,2400622335,2400623472,16361,1137
28884.274181,2400635987,2400637125,16367,1138
28884.286195,2400645089,2400646226,16364,1137
28884.316258,2400667861,2400668996,16079,1135
28884.328281,2400676953,2400678099,16384,1146
28884.340301,2400686087,2400687232,16347,1145
28884.361336,2400702047,2400703185,16024,1138
28884.373369,2400711162,2400712308,16358,1146
28884.388387,2400722521,2400723664,16026,1143
28884.400418,2400731616,2400732746,16381,1130
28884.412435,2400740702,2400741848,16360,1146
28884.424456,2400749793,2400750928,16029,1135
28884.452519,2400772508,2400773644,16382,1136
28884.487576,2400797528,2400798670,16023,1142
28884.499606,2400806621,2400807762,16385,1141
28884.511624,2400815733,2400816868,16363,1135
28884.523644,2400824835,2400825973,16028,1138
28884.535678,2400833967,2400835107,16373,1140
28884.547693,2400843097,2400844237,16285,1140
28884.559716,2400852201,2400853347,16244,1146
28884.571747,2400861358,2400862499,16401,1141
28884.583762,2400870469,2400871606,16441,1137
28884.595785,2400879578,2400880719,16310,1141
28884.607811,2400888700,2400889842,16442,1142
28884.628847,2400904655,2400905796,16396,1141
28884.640868,2400913739,2400914874,16102,1135
28884.661914,2400929659,2400930793,16446,1134
28884.673937,2400938774,2400939915,16350,1141
28884.688965,2400950137,2400951283,16370,1146
28884.700984,2400959245,2400960382,16360,1137
28884.716020,2400970595,2400971736,16498,1141
28884.728037,2400979676,2400980822,16411,1146
28884.740056,2400988778,2400989916,16022,1138
28884.770124,2401011580,2401012715,16377,1135
28884.782138,2401020679,2401021825,16364,1146
28884.872313,2401088907,2401090052,16427,1145
28884.884330,2401098034,2401099166,16054,1132
28884.900377,2401111753,2401112890,16229,1137
28884.935438,2401136994,2401138139,16397,1145
28884.947453,2401146214,2401147360,16244,1146
28884.959481,2401155399,2401156545,16315,1146
28884.971501,2401164547,2401165694,16253,1147
28884.983519,2401173638,2401174769,16043,1131
28885.080715,2401248611,2401249752,15990,1141
28885.139824,2401291810,2401292941,16369,1131
28885.151844,2401300932,2401302059,16299,1127
28885.163864,2401310025,2401311166,16244,1141
28885.175892,2401319135,2401320275,16320,1140
28885.187911,2401328242,2401329388,16285,1146
28885.199933,2401337383,2401338529,16232,1146
28885.211963,2401346484,2401347623,16410,1139
28885.223981,2401355577,2401356706,16334,1129
28885.236000,2401364648,2401365795,15998,1147
28885.248028,2401373754,2401374899,16359,1145
28885.260049,2401382845,2401383982,16162,1137
28885.278083,2401396503,2401397641,16370,1138
28885.290102,2401405586,2401406724,16027,1138
28885.302132,2401414689,2401415824,16358,1135
28885.314155,2401423826,2401424960,16356,1134
28885.344205,2401446597,2401447730,15996,1133
28885.356236,2401455699,2401456845,16378,1146
28885.368256,2401464822,2401465963,16258,1141
28885.380273,2401473921,2401475058,15944,1137
28885.392303,2401483016,2401484162,16274,1146
28885.404322,2401492136,2401493282,16358,1146
28885.416342,2401501250,2401502393,15992,1143
28885.479463,2401549049,2401550187,16029,1138
28885.491496,2401558172,2401559318,16329,1146
28885.503512,2401567272,2401568416,16376,1144
28885.515531,2401576356,2401577491,15995,1135
28885.527561,2401585461,2401586598,16371,1137
28885.548598,2401601374,2401602525,16328,1151
28885.560619,2401610524,2401611670,16232,1146
28885.612731,2401651503,2401652638,16029,1135
28885.716920,2401728888,2401730039,16358,1151
28885.728942,2401738029,2401739161,16348,1132
28885.740960,2401747103,2401748246,16032,1143
28885.755992,2401758496,2401759637,16205,1141
28885.768011,2401767636,2401768763,16007,1127
28885.786045,2401781273,2401782413,16120,1140
28885.798073,2401790370,2401791521,16407,1151
28885.828129,2401813100,2401814241,16461,1141
28885.840148,2401822218,2401823356,16008,1138
28885.852176,2401831293,2401832425,16253,1132
28885.870210,2401844933,2401846077,16344,1144
28885.882231,2401854028,2401855168,16355,1140
28885.897262,2401865370,2401866516,16346,1146
28885.909285,2401874485,2401875627,16304,1142
28885.936333,2401894915,2401896059,16350,1144
28885.948354,2401903999,2401905137,16046,1138
28885.960386,2401913095,2401914232,16359,1137
28885.972404,2401922168,2401923308,16252,1140
28885.984422,2401931256,2401932394,15962,1138
28886.036532,2401972250,2401973393,16042,1143
28886.089625,2402010966,2402012102,16439,1136
28886.101652,2402020068,2402021200,16119,1132
28886.140727,2402049599,2402050735,16444,1136
28886.152746,2402058717,2402059857,16258,1140
28886.167778,2402070121,2402071252,16366,1131
28886.179796,2402079255,2402080394,16361,1139
28886.191821,2402088314,2402089448,16051,1134
28886.203850,2402097435,2402098587,16424,1152
28886.215861,2402106548,2402107685,16276,1137
28886.227888,2402115640,2402116781,16228,1141
28886.239915,2402124723,2402125860,16361,1137
28886.251935,2402133819,2402134963,16251,1144
28886.263955,2402142935,2402144068,15915,1133
28886.275988,2402152057,2402153203,16285,1146
28886.288004,2402161170,2402162310,16421,1140
28886.298533,2402170431,2402171580,16478,1149
28886.313548,2402181828,2402182966,16075,1138
28886.325582,2402190954,2402192096,16461,1142
28886.364650,2402220530,2402221667,16459,1137
28886.376672,2402229687,2402230833,16228,1146
28886.388699,2402238791,2402239932,16376,1141
28886.400718,2402247882,2402249013,16215,1131
28886.464848,2402297934,2402299068,16023,1134
28886.505925,2402327549,2402328690,16377,1141
28886.517941,2402336642,2402337773,16379,1131
28886.569042,2402375323,2402376467,16371,1144
28886.581061,2402384467,2402385613,16357,1146
28886.608114,2402398347,2402398952,11951,605
28886.621640,2402403424,2402404216,13376,792
28886.633666,2402412129,2402413257,16316,1128
28886.645690,2402421227,2402422355,16398,1128
28886.657706,2402430306,2402431439,16229,1133
28886.675740,2402443943,2402445076,16232,1133
28886.687769,2402453012,2402454142,16314,1130
28886.699795,2402462129,2402463262,16433,1133
28886.711811,2402471240,2402472388,16235,1148
28886.723839,2402480368,2402481502,16297,1134
28886.735861,2402489497,2402490641,16293,1144
28886.780946,2402523695,2402524829,16382,1134
28886.792963,2402532875,2402534012,16206,1137
28886.809007,2402546574,2402547706,16249,1132
28886.856083,2402580858,2402581995,16248,1137
28886.868114,2402589991,2402591135,16322,1144
28886.880135,2402599123,2402600269,16381,1146
28886.892152,2402608277,2402609428,16250,1151
28886.904184,2402617405,2402618540,16333,1135
28886.916204,2402626513,2402627650,16382,1137
28886.928220,2402635638,2402636775,16251,1137
28886.940251,2402644752,2402645903,16318,1151
28886.952272,2402653891,2402655028,16388,1137
28886.964289,2402663041,2402664181,16250,1140
28886.976319,2402672173,2402673315,16311,1142
28886.988341,2402681297,2402682433,16380,1136
28887.000360,2402690387,2402691527,16279,1140
28887.015392,2402701813,2402702950,16389,1137
28887.027409,2402710950,2402712096,16206,1146
28887.039439,2402720095,2402721231,16313,1136
28887.051461,2402729227,2402730370,16394,1143
28887.063478,2402738356,2402739497,16253,1141
28887.075507,2402747494,2402748640,16319,1146
28887.087531,2402756645,2402757791,16309,1146
28887.099546,2402765783,2402766929,16230,1146
28887.113068,2402774393,2402775529,15985,1136
28887.125102,2402783459,2402784593,16320,1134
28887.137125,2402792597,2402793738,16399,1141
28887.149140,2402801756,2402802897,16233,1141
28887.173192,2402820024,2402821170,16381,1146
28887.185209,2402829173,2402830314,16281,1141
28887.197239,2402838291,2402839433,16400,1142
28887.209261,2402847451,2402848597,16381,1146
28887.225291,2402861177,2402862318,16378,1141
28887.239312,2402870324,2402871460,16232,1136
28887.251342,2402879454,2402880596,16320,1142
28887.263365,2402888612,2402889754,16398,1142
28887.275381,2402897741,2402898879,16236,1138
28887.287411,2402906878,2402908020,16330,1142
28887.299432,2402916034,2402917178,16339,1144
28887.311449,2402925186,2402926323,16257,1137
28887.323478,2402934333,2402935479,16401,1146
28887.335501,2402943461,2402944606,16387,1145
28887.347518,2402952616,2402953762,16319,1146
28887.359547,2402961754,2402962900,16304,1146
28887.371571,2402970869,2402972015,16398,1146
28887.383587,2402980024,2402981161,16242,1137
28887.395617,2402989147,2402990293,16231,1146
28887.407640,2402998287,2402999414,16391,1127
28887.419655,2403007434,2403008579,16232,1145
28887.431684,2403016572,2403017708,16313,1136
28887.443708,2403025722,2403026867,16424,1145
28887.455723,2403034848,2403035984,16240,1136
28887.467753,2403043975,2403045115,16303,1140
28887.479777,2403053125,2403054271,16409,1146
28887.491789,2403062289,2403063426,16231,1137
28887.503822,2403071415,2403072557,16398,1142
28887.515845,2403080549,2403081691,16408,1142
28887.527861,2403089709,2403090860,16248,1151
28887.539891,2403098880,2403100021,16377,1141
28887.551914,2403108014,2403109159,16363,1145
28887.563929,2403117170,2403118321,16234,1151
28887.575959,2403126273,2403127412,16327,1139
28887.587982,2403135396,2403136526,16390,1130
28887.609017,2403151350,2403152497,16263,1147
28887.621042,2403160491,2403161633,16309,1142
28887.645084,2403178781,2403179927,16248,1146
28887.657112,2403187927,2403189073,16273,1146
28887.678153,2403203924,2403205065,16384,1141
28887.690168,2403213070,2403214211,16237,1141
28887.726238,2403240490,2403241636,16248,1146
28887.738267,2403249675,2403250821,16318,1146
28887.759306,2403265610,2403266756,16371,1146
28887.771323,2403274771,2403275917,16262,1146
28887.783353,2403283933,2403285063,16236,1130
28887.795375,2403293064,2403294205,16382,1141
28887.807392,2403302204,2403303344,16260,1140
28887.819423,2403311344,2403312490,16225,1146
28887.831444,2403320505,2403321651,16390,1146
28887.852478,2403336511,2403337658,16239,1147
28887.864507,2403345671,2403346817,16312,1146
28887.885548,2403361689,2403362835,16389,1146
28887.897564,2403370838,2403371984,16234,1146
28887.912600,2403382272,2403383415,16398,1143
28887.927628,2403393725,2403394871,16311,1146
28887.969701,2403425681,2403426818,16312,1137
28887.981730,2403434836,2403435982,16321,1146
28888.020805,2403464525,2403465671,16396,1146
28888.032820,2403473685,2403474822,16224,1137
28888.044850,2403482823,2403483974,16314,1151
28888.056873,2403491977,2403493123,16394,1146
28888.071902,2403503398,2403504540,16403,1142
28888.083926,2403512530,2403513673,16493,1143
28888.101960,2403526234,2403527380,16396,1146
28888.113974,2403535369,2403536510,16224,1141
28888.162074,2403571918,2403573055,16321,1137
28888.174096,2403581022,2403582167,16397,1145
28888.198143,2403599295,2403600432,16312,1137
28888.210166,2403608435,2403609572,16401,1137
28888.228200,2403622122,2403623267,16402,1145
28888.240215,2403631325,2403632456,16233,1131
28888.252246,2403640466,2403641612,16320,1146
28888.264268,2403649598,2403650735,16393,1137
28888.276284,2403658726,2403659867,16233,1141
28888.297330,2403674749,2403675895,16303,1146
28888.309355,2403683903,2403685045,16400,1142
28888.324383,2403695355,2403696492,16313,1137
28888.363457,2403725102,2403726242,16402,1140
28888.375473,2403734241,2403735384,16237,1143
28888.387504,2403743370,2403744512,16319,1142
28888.399524,2403752532,2403753667,16381,1135
28888.411541,2403761668,2403762815,16245,1147
28888.423570,2403770831,2403771977,16312,1146
28888.436603,2403782270,2403783416,16245,1146
28888.477672,2403811892,2403813038,16316,1146
28888.489696,2403821035,2403822176,16389,1141
28888.513742,2403839295,2403840430,16315,1135
28888.525765,2403848429,2403849571,16386,1142
28888.537781,2403857553,2403858699,16241,1146
28888.549810,2403866724,2403867868,16316,1144
28888.561832,2403875845,2403876986,16367,1141
28888.588884,2403896435,2403897572,16389,1137
28888.600901,2403905556,2403906700,16246,1144
28888.615936,2403917003,2403918133,16390,1130
28888.627953,2403926131,2403927277,16246,1146
28888.639983,2403935285,2403936415,16293,1130
28888.652005,2403944417,2403945563,16393,1146
28888.664021,2403953541,2403954680,16243,1139
28888.682054,2403967240,2403968386,16215,1146
28888.694086,2403976393,2403977530,16317,1137
28888.742178,2404013002,2404014137,16402,1135
28888.754193,2404022143,2404023283,16233,1140
28888.817315,2404070068,2404071203,16272,1135
28888.829343,2404079197,2404080343,16316,1146
28888.841365,2404088333,2404089479,16383,1146
28888.853381,2404097485,2404098622,16230,1137
28888.865410,2404106630,2404107766,16270,1136
28888.877435,2404115768,2404116905,16399,1137
28888.904485,2404136309,2404137449,16382,1140
28888.916502,2404145451,2404146590,16235,1139
28888.928530,2404154593,2404155739,16313,1146
28888.967607,2404184295,2404185440,16405,1145
28888.979620,2404193425,2404194565,16228,1140
28889.012692,2404218556,2404219698,16403,1142
28889.024706,2404227698,2404228835,16313,1137
28889.048761,2404245936,2404247072,16405,1136
28889.060775,2404255085,2404256231,16258,1146
28889.081821,2404271065,2404272196,16317,1131
28889.093843,2404280218,2404281355,16456,1137
28889.117889,2404298461,2404299604,16322,1143
28889.129912,2404307614,2404308757,16468,1143
28889.196033,2404357900,2404359040,16264,1140
28889.208062,2404367031,2404368171,16317,1140
28889.220083,2404376155,2404377295,16369,1140
28889.232102,2404385286,2404386421,16266,1135
28889.244131,2404394418,2404395559,16316,1141
28889.256154,2404403561,2404404697,16295,1136
28889.268167,2404412664,2404413800,16079,1136
28889.280199,2404421797,2404422943,16392,1146
28889.310258,2404444659,2404445795,16401,1136
28889.328291,2404458332,2404459476,16397,1144
28889.340308,2404467484,2404468630,16240,1146
28889.352337,2404476600,2404477741,16229,1141
28889.424473,2404531442,2404532585,16300,1143
28889.436498,2404540582,2404541728,16400,1146
28889.448513,2404549712,2404550847,16238,1135
28889.460542,2404558859,2404560006,16274,1147
28889.532680,2404613757,2404614901,16318,1144
28889.544704,2404622901,2404624042,16484,1141
28889.577767,2404648041,2404649192,16318,1151
28889.589789,2404657189,2404658334,16395,1145
28889.625857,2404684620,2404685766,16399,1146
28889.637873,2404693769,2404694915,16190,1146
28889.652910,2404705211,2404706357,16396,1146
28889.664922,2404714318,2404715449,15999,1131
28889.676955,2404723449,2404724591,16323,1142
28889.688978,2404732601,2404733747,16394,1146
28889.737062,2404769191,2404770332,16229,1141
28889.749092,2404778342,2404779482,16317,1140
28889.764113,2404789779,2404790915,16232,1136
28889.809199,2404824025,2404825162,16317,1137
28889.821230,2404833153,2404834304,16319,1151
28889.833251,2404842317,2404843462,16437,1145
28889.845268,2404851468,2404852604,16253,1136
28889.872318,2404871986,2404873123,16217,1137
28889.884350,2404881129,2404882272,16416,1143
28889.896371,2404890266,2404891412,16426,1146
28889.908388,2404899398,2404900534,16248,1136
28889.944456,2404926838,2404927984,16253,1146
28889.956486,2404936034,2404937185,16318,1151
28889.989542,2404961318,2404962469,16257,1151
28890.001570,2404970499,2404971650,16271,1151
28890.044657,2405004857,2405006000,16317,1143
28890.079713,2405029987,2405031118,16254,1131
28890.091744,2405039122,2405040263,16320,1141
28890.103766,2405048264,2405049410,16401,1146
28890.115782,2405057394,2405058534,16233,1140
28890.127811,2405066539,2405067680,16320,1141
28890.148853,2405082477,2405083622,16406,1145
28890.160867,2405091626,2405092772,16227,1146
28890.184921,2405109877,2405111010,16396,1133
28890.196934,2405118983,2405120121,15998,1138
28890.217984,2405134972,2405136103,16341,1131
28890.230007,2405144088,2405145225,16484,1137
28890.242020,2405153185,2405154328,15989,1143
28890.254053,2405162282,2405163424,16357,1142
28890.284108,2405185102,2405186244,16386,1142
28890.296125,2405194315,2405195451,16233,1136
28890.308155,2405203406,2405204548,16351,1142
28890.320177,2405212516,2405213656,16358,1140
28890.332191,2405221624,2405222763,15999,1139
28890.365264,2405246710,2405247845,16401,1135
28890.377277,2405255809,2405256936,16001,1127
28890.401332,2405274033,2405275169,16401,1136
28890.416361,2405285487,2405286638,16413,1151
28890.429886,2405296097,2405297253,16281,1156
28890.441909,2405305286,2405306428,16394,1142
28890.459944,2405318997,2405320139,16479,1142
28890.471957,2405328133,2405329277,16000,1144
28890.489991,2405341882,2405343025,16004,1143
28890.503517,2405352310,2405353459,15998,1149
28890.515548,2405361511,2405362662,16298,1151
28890.527571,2405370667,2405371809,16377,1142
28890.539582,2405379810,2405380956,16040,1146
28890.551619,2405388990,2405390136,16433,1146
28890.563641,2405398148,2405399285,16405,1137
28890.575654,2405407270,2405408419,16000,1149
28890.587685,2405416424,2405417580,16319,1156
28890.599709,2405425623,2405426773,16392,1150
28890.611722,2405434729,2405435867,15954,1138
28890.623756,2405443828,2405444965,16344,1137
28890.684878,2405491638,2405492784,16342,1146
28890.701896,2405503049,2405504187,16065,1138
28890.713926,2405512139,2405513275,16347,1136
28890.725949,2405521580,2405522721,16314,1141
28890.749989,2405539694,2405540843,16046,1149
28890.762016,2405548778,2405549919,16372,1141
28890.789068,2405569184,2405570315,16370,1131
28890.804092,2405580493,2405581636,16047,1143
28890.876229,2405634907,2405636042,16033,1135
28890.888259,2405644007,2405645153,16379,1146
28890.900264,2405653083,2405654226,16078,1143
28890.912302,2405662208,2405663346,16114,1138
28890.924323,2405671308,2405672445,16355,1137
28890.984435,2405716597,2405717732,16035,1135
28890.996465,2405725671,2405726806,16387,1135
28891.095654,2405800492,2405801634,16403,1142
28891.107673,2405809594,2405810726,16347,1132
28891.119689,2405818652,2405819790,16025,1138
28891.131722,2405827726,2405828875,16411,1149
28891.143727,2405836803,2405837943,16086,1140
28891.155761,2405845892,2405847030,16034,1138
28891.167791,2405854979,2405856125,16401,1146
28891.188814,2405870816,2405871950,16074,1134
28891.200847,2405879884,2405881027,16035,1143
28891.212875,2405888974,2405890114,16366,1140
28891.224881,2405898035,2405899173,16080,1138
28891.309059,2405961534,2405962672,16171,1138
28891.321079,2405970911,2405972053,16375,1142
28891.333089,2405979979,2405981122,16077,1143
28891.414247,2406041319,2406042448,16114,1129
28891.426275,2406050361,2406051504,16035,1143
28891.441294,2406061718,2406062854,16082,1136
28891.480378,2406091176,2406092310,16037,1134
28891.492406,2406100261,2406101407,16390,1146
28891.507436,2406111602,2406112740,16182,1138
28891.519456,2406120697,2406121835,16458,1138
28891.531466,2406130000,2406131141,16163,1141
28891.543494,2406139051,2406140189,16034,1138
28891.555528,2406148119,2406149270,16408,1151
28891.567546,2406157194,2406158331,16343,1137
28891.579567,2406166252,2406167380,16040,1128
28891.591595,2406175290,2406176432,16388,1142
28891.624652,2406200206,2406201342,16049,1136
28891.636681,2406209293,2406210430,16393,1137
28891.693785,2406252407,2406253544,16336,1137
28891.705812,2406261472,2406262610,16107,1138
28891.717835,2406270542,2406271680,16382,1138
28891.729843,2406279836,2406280969,16077,1133
28891.838048,2406361351,2406362491,16080,1140
28891.850082,2406370419,2406371557,16112,1138
28891.874116,2406388555,2406389693,16082,1138
28891.886146,2406397623,2406398750,16036,1127
28891.913202,2406417963,2406419088,16033,1125
28891.925229,2406427032,2406428161,16314,1129
28891.937236,2406436215,2406437358,16077,1143
28891.949270,2406445284,2406446420,16038,1136
28891.968329,2406463115,2406464252,16392,1137
28891.991341,2406480601,2406481735,16159,1134
28892.052472,2406536231,2406537379,16109,1148
28892.081512,2406556684,2406557828,16079,1144
28892.093544,2406565734,2406566862,16038,1128
28892.105572,2406574847,2406575979,16401,1132
28892.117579,2406583898,2406585031,16085,1133
28892.132625,2406595230,2406596371,16411,1141
28892.144646,2406604319,2406605455,16365,1136
28892.165682,2406620181,2406621324,16050,1143
28892.177709,2406629268,2406630404,16462,1136
28892.201755,2406647379,2406648527,16182,1148
28892.213778,2406656465,2406657614,16408,1149
28892.225785,2406665552,2406666690,16082,1138
28892.240830,2406676893,2406678039,16474,1146
28892.252844,2406685979,2406687122,16114,1143
28892.264867,2406695051,2406696186,15999,1135
28892.276898,2406704071,2406705208,16407,1137
28892.297922,2406719945,2406721088,16157,1143
28892.309956,2406729010,2406730153,16117,1143
28892.321984,2406738092,2406739228,16471,1136
28892.346025,2406756169,2406757298,16042,1129
28892.358055,2406765456,2406766602,16378,1146
28892.376087,2406779039,2406780184,16387,1145
28892.388094,2406788126,2406789274,16084,1148
28892.400134,2406797205,2406798348,16186,1143
28892.418162,2406810788,2406811926,16037,1138
28892.430190,2406819856,2406820994,16472,1138
28892.484293,2406860637,2406861779,16469,1142
28892.496299,2406869667,2406870819,16076,1152
28892.508336,2406878727,2406879849,16350,1122
28892.553414,2406912673,2406913814,16301,1141
28892.565444,2406921749,2406922899,16352,1150
28892.584483,2406937605,2406938742,16076,1137
28892.649598,2406985099,2406986233,16053,1134
28892.661625,2406994157,2406995282,16132,1125
28892.688673,2407014575,2407015708,16052,1133
28892.703694,2407025916,2407027056,16155,1140
28892.745789,2407057624,2407058759,16379,1135
28892.757798,2407066682,2407067820,16084,1138
28892.769830,2407075766,2407076904,16032,1138
28892.788866,2407091618,2407092755,16384,1137
28892.878032,2407157240,2407158374,15999,1134
28892.890064,2407166320,2407167466,16390,1146
28892.902071,2407175382,2407176514,16080,1132
28892.914105,2407184433,2407185572,16034,1139
28892.926133,2407193519,2407194659,16392,1140
28892.941157,2407204824,2407205962,16115,1138
28892.965191,2407222980,2407224119,16083,1139
28892.977225,2407232240,2407233373,16036,1133
28892.989253,2407241313,2407242450,16388,1137
28893.004277,2407252583,2407253726,16037,1143
28893.016305,2407261689,2407262835,16389,1146
28893.028317,2407270761,2407271883,16118,1122
28893.040345,2407279754,2407280892,16046,1138
28893.055364,2407291083,2407292216,16155,1133
28893.104464,2407329479,2407330608,16375,1129
28893.160578,2407370230,2407371367,16380,1137
28893.172591,2407379304,2407380447,16129,1143
28893.184619,2407388363,2407389499,16054,1136
28893.208654,2407406483,2407407621,16162,1138
28893.220688,2407415555,2407416703,16044,1148
28893.268785,2407451862,2407453004,16469,1142
28893.280791,2407460913,2407462049,16086,1136
28893.292832,2407469944,2407471082,16096,1138
28893.304853,2407479001,2407480142,16391,1141
28893.316860,2407488054,2407489192,16082,1138
28893.379985,2407535514,2407536655,16161,1141
28893.392020,2407544584,2407545727,16103,1143
28893.404039,2407553687,2407554832,16363,1145
28893.416061,2407562809,2407563955,16355,1146
28893.428082,2407571893,2407573031,16041,1138
28893.440108,2407580988,2407582133,16355,1145
28893.521263,2407642122,2407643259,16453,1137
28893.533285,2407651207,2407652341,16440,1134
28893.545304,2407660307,2407661457,16335,1150
28893.560323,2407671668,2407672806,16079,1138
28893.572357,2407680717,2407681855,16057,1138
28893.584385,2407689768,2407690909,16438,1141
28893.596406,2407698963,2407700106,16444,1143
28893.608425,2407708004,2407709136,16131,1132
28893.635477,2407728361,2407729495,16034,1134
28893.647506,2407737410,2407738557,16409,1147
28893.659511,2407746501,2407747639,16083,1138
28893.671546,2407755562,2407756700,16038,1138
28893.683572,2407764608,2407765749,16412,1141
28893.695584,2407773650,2407774791,16132,1141
28893.737676,2407805321,2407806462,16389,1141
28893.749687,2407814416,2407815559,16080,1143
28893.791779,2407846103,2407847248,16359,1145
28893.803800,2407855200,2407856333,16358,1133
28893.815819,2407864275,2407865417,16220,1142
28893.827848,2407873354,2407874480,16385,1126
28893.839862,2407882394,2407883520,16008,1126
28893.851888,2407891435,2407892573,16034,1138
28893.896974,2407925404,2407926544,16120,1140
28893.909004,2407934484,2407935604,16314,1120
28893.948060,2407963912,2407965045,16083,1133
28893.960094,2407972967,2407974085,16243,1118
28893.972122,2407982032,2407983168,16390,1136
28893.984134,2407991055,2407992186,16120,1131
28893.996163,2408000112,2408001249,16041,1137
28894.008187,2408009226,2408010363,16435,1137
28894.020197,2408018268,2408019411,16160,1143
28894.032227,2408027329,2408028457,16284,1128
28894.044259,2408036384,2408037515,16397,1131
28894.056268,2408045389,2408046527,16087,1138
28894.068302,2408054427,2408055570,16057,1143
28894.119386,2408092975,2408094113,16161,1138
28894.131419,2408102012,2408103143,16125,1131
28894.143445,2408111083,2408112203,16198,1120
28894.155455,2408120118,2408121266,16090,1148
28894.167488,2408129196,2408130339,16052,1143
28894.188533,2408145088,2408146234,16371,1146
28894.200540,2408154153,2408155282,16079,1129
28894.215585,2408165457,2408166590,16338,1133
28894.227593,2408174555,2408175688,16082,1133
28894.239621,2408183617,2408184754,16231,1137
28894.251653,2408192676,2408193816,16373,1140
28894.263662,2408201743,2408202880,16080,1137
28894.275691,2408210808,2408211939,15999,1131
28894.287724,2408219862,2408220986,16388,1124
28894.299729,2408228874,2408230012,16001,1138
28894.311763,2408237906,2408239043,16054,1137
28894.323789,2408246978,2408248115,16370,1137
28894.335805,2408256043,2408257181,16053,1138
28894.347828,2408265098,2408266242,16012,1144
28894.359860,2408274164,2408275297,16392,1133
28894.371866,2408283169,2408284303,16084,1134
28894.383905,2408292215,2408293351,16114,1136
28894.401934,2408305775,2408306909,16048,1134
28894.413961,2408314833,2408315965,16381,1132
28894.431995,2408328450,2408329590,16371,1140
28894.444005,2408337505,2408338634,16081,1129
28894.462037,2408351071,2408352205,16072,1134
28894.474071,2408360120,2408361263,16053,1143
28894.492106,2408373736,2408374869,16055,1133
28894.504132,2408382845,2408383985,16372,1140
28894.516140,2408391909,2408393047,16079,1138
28894.534182,2408405492,2408406630,16048,1138
28894.546209,2408414574,2408415712,16053,1138
28894.573260,2408434965,2408436108,16052,1143
28894.585288,2408444075,2408445221,16369,1146
28894.609329,2408462190,2408463325,16040,1135
28894.621357,2408471242,2408472379,16387,1137
28894.633371,2408480352,2408481482,16077,1130
28894.696483,2408527949,2408529093,16081,1144
28894.708518,2408536998,2408538136,16117,1138
28894.729564,2408552844,2408553988,16486,1144
28894.765631,2408580075,2408581226,16472,1151
28894.777642,2408589157,2408590299,16166,1142
28894.792682,2408600455,2408601592,16475,1137
28894.804695,2408609491,2408610634,16239,1143
28894.819734,2408620818,2408621955,16478,1137
28894.831754,2408629911,2408631053,16246,1142
28894.849775,2408643539,2408644672,16077,1133
28894.861809,2408652601,2408653733,16117,1132
28894.876827,2408663926,2408665059,16090,1133
28894.888861,2408672984,2408674115,16047,1131
28894.904902,2408686572,2408687718,16318,1146
28894.921918,2408697910,2408699040,16194,1130
28894.936957,2408709232,2408710350,16214,1118
28894.948963,2408718286,2408719424,16081,1138
28894.985032,2408745453,2408746591,16086,1138
28894.997068,2408754529,2408755674,16260,1145
28895.009094,2408763671,2408764822,16312,1151
28895.021119,2408772826,2408773973,16399,1147
28895.033134,2408781953,2408783104,16232,1151
28895.045163,2408791118,2408792272,16353,1154
28895.111274,2408841226,2408842367,16076,1141
28895.123306,2408850281,2408851419,16054,1138
28895.135335,2408859338,2408860484,16394,1146
28895.147341,2408868375,2408869513,16087,1138
28895.159375,2408877390,2408878510,16053,1120
28895.171403,2408886461,2408887585,16215,1124
28895.207470,2408913591,2408914733,16372,1142
28895.219494,2408922680,2408923821,16356,1141
28895.231507,2408931756,2408932902,16237,1146
28895.243542,2408940866,2408941999,16486,1133
28895.255552,2408949876,2408951014,16240,1138
28895.267580,2408958928,2408960071,16131,1143
28895.279608,2408967991,2408969133,16365,1142
28895.291617,2408977115,2408978253,16082,1138
28895.303649,2408986175,2408987308,16050,1133
28895.315676,2408995248,2408996390,16375,1142
28895.327696,2409004299,2409005440,16126,1141
28895.339718,2409013367,2409014501,16044,1134
28895.351746,2409022401,2409023541,16388,1140
28895.369780,2409035972,2409037110,16404,1138
28895.381791,2409045047,2409046183,16078,1136
28895.432901,2409083533,2409084666,16393,1133
28895.444907,2409092637,2409093770,16086,1133
28895.465958,2409108491,2409109624,16049,1133
28895.477984,2409117534,2409118665,16348,1131
28895.538095,2409162820,2409163960,16036,1140
28895.550121,2409171939,2409173080,16372,1141
28895.562131,2409181002,2409182146,16082,1144
28895.574170,2409190063,2409191206,16109,1143
28895.592198,2409203658,2409204801,16039,1143
28895.604223,2409212737,2409213879,16362,1142
28895.625257,2409228630,2409229774,16042,1144
28895.637283,2409237713,2409238853,16040,1140
28895.649313,2409246775,2409247921,16408,1146
28895.665827,2409259391,2409260527,16163,1136
28895.677856,2409268435,2409269574,16228,1139
28895.695895,2409282027,2409283170,16070,1143
28895.707924,2409291099,2409292244,16406,1145
28895.719929,2409300152,2409301300,16082,1148
28895.743995,2409311816,2409312419,12029,603
28895.757521,2409316875,2409317672,13504,797
28895.769539,2409325571,2409326709,16335,1138
28895.784569,2409336862,2409338005,16347,1143
28895.796590,2409345939,2409347076,16363,1137
28895.811621,2409357281,2409358431,16309,1150
28895.823645,2409366365,2409367495,16325,1130
28895.835657,2409375432,2409376573,16005,1141
28895.847693,2409384525,2409385660,16372,1135
28895.859712,2409393638,2409394778,16364,1140
28895.871733,2409402701,2409403842,16082,1141
28895.883759,2409411801,2409412947,16351,1146
28895.913814,2409434511,2409435647,16433,1136
28895.925831,2409443592,2409444727,16249,1135
28895.937859,2409452694,2409453814,16153,1120
28895.949883,2409461798,2409462944,16384,1146
28895.985952,2409489060,2409490193,16461,1133
28895.997970,2409498128,2409499265,16257,1137
28896.009999,2409507216,2409508353,16427,1137
28896.052069,2409539040,2409540178,16076,1138
28896.064104,2409548205,2409549344,16409,1139
28896.076124,2409557325,2409558461,16399,1136
28896.088138,2409566386,2409567524,16005,1138
28896.106172,2409580058,2409581191,16005,1133
28896.118205,2409589184,2409590320,16320,1136
28896.130228,2409598283,2409599423,16402,1140
28896.172307,2409630078,2409631224,16393,1146
28896.184329,2409639218,2409640353,16466,1135
28896.199358,2409650568,2409651710,16354,1142
28896.232412,2409675595,2409676730,16076,1135
28896.245940,2409684092,2409685209,16003,1117
28896.257970,2409693155,2409694299,16314,1144
28896.269996,2409702282,2409703423,16322,1141
28896.282009,2409711406,2409712547,16237,1141
28896.301057,2409727284,2409728430,16431,1146
28896.313074,2409736419,2409737565,16393,1146
28896.336109,2409752337,2409753474,16005,1137
28896.348142,2409761439,2409762581,16318,1142
28896.360165,2409770557,2409771696,16372,1139
28896.372180,2409779659,2409780789,16240,1130
28896.384211,2409788739,2409789875,16349,1136
28896.396232,2409797829,2409798970,16356,1141
28896.408250,2409806905,2409808040,16022,1135
28896.421288,2409818291,2409819428,16436,1137
28896.456348,2409843282,2409844428,16354,1146
28896.468371,2409852420,2409853561,16324,1141
28896.480386,2409861561,2409862694,16235,1133
28896.492417,2409870658,2409871789,16349,1131
28896.504438,2409879776,2409880904,16379,1128
28896.528486,2409897927,2409899059,16349,1132
28896.540506,2409907001,2409908138,16354,1137
28896.555534,2409918360,2409919482,16146,1122
28896.585592,2409941072,2409942218,16469,1146
28896.597609,2409950221,2409951357,16320,1136
28896.609640,2409959320,2409960456,16334,1136
28896.624658,2409970706,2409971849,16008,1143
28896.636691,2409979808,2409980938,16329,1130
28896.648713,2409988863,2409990009,16393,1146
28896.663743,2410000227,2410001373,16344,1146
28896.675765,2410009373,2410010515,16395,1142
28896.687780,2410018498,2410019644,16234,1146
28896.699811,2410027599,2410028734,16325,1135
28896.711832,2410036722,2410037864,16381,1142
28896.723846,2410045824,2410046962,16004,1138
28896.735880,2410054921,2410056066,16355,1145
28896.747902,2410064016,2410065161,16392,1145
28896.759915,2410073116,2410074251,16003,1135
28896.792986,2410098174,2410099309,16380,1135
28896.805001,2410107277,2410108405,16008,1128
28896.820040,2410118665,2410119802,16409,1137
28896.832052,2410127748,2410128886,16002,1138
28896.844084,2410136864,2410138009,16329,1145
28896.856108,2410145975,2410147116,16396,1141
28896.868126,2410155091,2410156232,16278,1141
28896.880154,2410164219,2410165360,16433,1141
28896.892175,2410173392,2410174532,16378,1140
28896.904190,2410182495,2410183626,16003,1131
28896.916221,2410191610,2410192751,16228,1141
28896.928245,2410200707,2410201858,16401,1151
28896.940261,2410209839,2410210985,16235,1146
28896.952291,2410218938,2410220079,16439,1141
28896.967312,2410230277,2410231423,16232,1146
28896.979343,2410239393,2410240530,16352,1137
28897.015412,2410266729,2410267869,16315,1140
28897.027432,2410275843,2410276985,16385,1142
28897.039447,2410284897,2410286040,16004,1143
28897.051480,2410294032,2410295178,16325,1146
28897.063502,2410303166,2410304312,16324,1146
28897.075515,2410312278,2410313420,16082,1142
28897.087551,2410321439,2410322569,16348,1130
28897.099569,2410330505,2410331650,16382,1145
28897.111591,2410339606,2410340746,16085,1140
28897.123617,2410348709,2410349840,16350,1131
28897.135638,2410357828,2410358967,16383,1139
28897.147653,2410366929,2410368069,16005,1140
28897.165689,2410380592,2410381735,16309,1143
28897.177720,2410389670,2410390817,16356,1147
28897.201755,2410407834,2410408982,16004,1148
28897.213787,2410416944,2410418085,16297,1141
28897.228807,2410428285,2410429428,16000,1143
28897.240839,2410437407,2410438544,16291,1137
28897.255858,2410448824,2410449967,15999,1143
28897.288931,2410473863,2410474999,16481,1136
28897.300948,2410483022,2410484165,16145,1143
28897.312978,2410492077,2410493223,16399,1146
28897.346032,2410517102,2410518248,16249,1146
28897.358063,2410526202,2410527329,16350,1127
28897.370085,2410535309,2410536450,16363,1141
28897.382098,2410544397,2410545534,16080,1137
28897.394132,2410553502,2410554647,16351,1145
28897.406153,2410562646,2410563792,16383,1146
28897.418166,2410571740,2410572878,15998,1138
28897.430200,2410580857,2410581994,16345,1137
28897.451238,2410596812,2410597952,16379,1140
28897.466268,2410608201,2410609351,16321,1150
28897.481290,2410619617,2410620760,16256,1143
28897.496326,2410631006,2410632141,16398,1135
28897.508346,2410640167,2410641301,16091,1134
28897.547424,2410669741,2410670887,16358,1146
28897.559448,2410678854,2410679999,16442,1145
28897.571461,2410688011,2410689152,16234,1141
28897.583492,2410697155,2410698295,16347,1140
28897.595514,2410706259,2410707396,16394,1137
28897.607535,2410715320,2410716458,16086,1138
28897.619560,2410724415,2410725560,16345,1145
28897.655630,2410751655,2410752792,16354,1137
28897.667650,2410760770,2410761916,16377,1146
28897.679664,2410769857,2410770995,16005,1138
28897.691695,2410778951,2410780072,16235,1121
28897.703718,2410788020,2410789171,16435,1151
28897.724753,2410804127,2410805255,16016,1128
28897.736782,2410813230,2410814366,16333,1136
28897.748804,2410822316,2410823455,16379,1139
28897.763835,2410833710,2410834852,16314,1142
28897.775856,2410842794,2410843921,16382,1127
28897.787870,2410851889,2410853037,16006,1148
28897.805914,2410865576,2410866718,16399,1142
28897.817938,2410874684,2410875830,16438,1146
28897.832956,2410886075,2410887219,16001,1144
28897.844989,2410895188,2410896328,16355,1140
28897.866028,2410911113,2410912259,16354,1146
28897.878042,2410920231,2410921374,16005,1143
28897.896078,2410933934,2410935071,16250,1137
28897.908109,2410943033,2410944177,16310,1144
28897.920131,2410952169,2410953306,16396,1137
28897.932145,2410961234,2410962369,16004,1135
28897.944178,2410970315,2410971461,16348,1146
28897.962211,2410984019,2410985155,16308,1136
28898.016313,2411025005,2411026147,16343,1142
28898.028337,2411034122,2411035253,16395,1131
28898.040350,2411043176,2411044319,16000,1143
28898.073422,2411068220,2411069361,16378,1141
28898.085436,2411077308,2411078447,16001,1139
28898.097469,2411086402,2411087538,16344,1136
28898.112487,2411097767,2411098910,15999,1143
28898.124518,2411106900,2411108040,16434,1140
28898.175611,2411145604,2411146751,16111,1147
28898.187638,2411154737,2411155883,16342,1146
28898.199660,2411163862,2411165008,16366,1146
28898.211676,2411172951,2411174086,16015,1135
28898.223707,2411182042,2411183178,16334,1136
28898.235729,2411191152,2411192303,16369,1151
28898.247744,2411200259,2411201399,16017,1140
28898.259777,2411209384,2411210504,16173,1120
28898.271797,2411218471,2411219617,16368,1146
28898.283813,2411227560,2411228703,16019,1143
28898.295845,2411236700,2411237842,16320,1142
28898.307866,2411245797,2411246952,16369,1155
28898.319882,2411254908,2411256046,16019,1138
28898.392019,2411309493,2411310626,16019,1133
28898.404051,2411318591,2411319736,16397,1145
28898.416072,2411327699,2411328836,16366,1137
28898.428088,2411336770,2411337904,16017,1134
28898.440117,2411345875,2411347000,16166,1125
28898.452141,2411354967,2411356104,16330,1137
28898.464156,2411364071,2411365206,16015,1135
28898.482190,2411377738,2411378876,16016,1138
28898.494222,2411386840,2411387971,16342,1131
28898.524279,2411409573,2411410730,16384,1157
28898.536293,2411418701,2411419840,16096,1139
28898.548325,2411427785,2411428921,16436,1136
28898.599420,2411466370,2411467508,16171,1138
28898.611445,2411475483,2411476634,16320,1151
28898.623466,2411484577,2411485710,16360,1133
28898.641500,2411498211,2411499345,16368,1134
28898.653519,2411507324,2411508464,16245,1140
28898.665546,2411516431,2411517577,16315,1146
28898.677570,2411525560,2411526700,16384,1140
28898.689581,2411534635,2411535762,15961,1127
28898.708635,2411550501,2411551643,16346,1142
28898.731673,2411566440,2411567581,16380,1141
28898.743688,2411575560,2411576704,16003,1144
28898.755719,2411584649,2411585795,16399,1146
28898.767742,2411593766,2411594903,16385,1137
28898.791790,2411611965,2411613109,16347,1144
28898.803810,2411621086,2411622232,16380,1146
28898.815825,2411630194,2411631327,16004,1133
28898.827858,2411639303,2411640445,16346,1142
28898.839879,2411648400,2411649540,16386,1140
28898.851896,2411657518,2411658664,16234,1146
28898.863924,2411666631,2411667756,16150,1125
28898.881960,2411680272,2411681414,16347,1142
28898.893982,2411689369,2411690507,16380,1138
28898.921033,2411709804,2411710946,16380,1142
28898.933048,2411718887,2411720030,16002,1143
28898.945078,2411728020,2411729166,16348,1146
28898.957101,2411737167,2411738307,16370,1140
28898.972131,2411748558,2411749691,16325,1133
28898.984152,2411757631,2411758777,16370,1146
28898.996174,2411766758,2411767891,16083,1133
28899.008199,2411775875,2411777019,16353,1144
28899.026233,2411789529,2411790676,16336,1147
28899.038256,2411798657,2411799797,16384,1140
28899.050273,2411807752,2411808893,16259,1141
28899.092359,2411839672,2411840814,16376,1142
28899.104376,2411848813,2411849957,16232,1144
28899.128428,2411867008,2411868159,16384,1151
28899.140442,2411876116,2411877264,15994,1148
28899.161491,2411892088,2411893225,16432,1137
28899.173512,2411901184,2411902316,16373,1132
28899.209581,2411928527,2411929672,16453,1145
28899.221596,2411937627,2411938763,16015,1136
28899.239631,2411951255,2411952393,16019,1138
28899.251661,2411960391,2411961537,16315,1146
28899.263683,2411969507,2411970644,16363,1137
28899.275699,2411978588,2411979737,16018,1149
28899.287731,2411987711,2411988857,16351,1146
28899.299753,2411996799,2411997945,16372,1146
28899.323800,2412014981,2412016126,16352,1145
28899.335822,2412024098,2412025244,16382,1146
28899.347839,2412033232,2412034368,16264,1136
28899.359870,2412042355,2412043492,16348,1137
28899.371892,2412051462,2412052599,16399,1137
28899.383905,2412060546,2412061685,15999,1139
28899.395938,2412069628,2412070770,16311,1142
28899.407960,2412078739,2412079879,16294,1140
28899.419974,2412087820,2412088958,15998,1138
28899.432006,2412096906,2412098041,16325,1135
28899.444030,2412105967,2412107108,16331,1141
28899.465059,2412121914,2412123063,15998,1149
28899.477092,2412131022,2412132168,16347,1146
28899.501128,2412149230,2412150369,16082,1139
28899.513162,2412158336,2412159473,16353,1137
28899.528180,2412169710,2412170853,16002,1143
28899.540212,2412178825,2412179971,16334,1146
28899.552236,2412187956,2412189093,16462,1137
28899.570269,2412201781,2412202918,16471,1137
28899.582283,2412210883,2412212018,15962,1135
28899.624371,2412242762,2412243895,16385,1133
28899.636385,2412251867,2412253005,15961,1138
28899.648420,2412261002,2412262122,16171,1120
28899.684488,2412288320,2412289461,16346,1141
28899.696510,2412297439,2412298585,16398,1146
28899.720554,2412315646,2412316759,16148,1113
28899.732578,2412324715,2412325861,16406,1146
28899.753608,2412340643,2412341775,16003,1132
28899.765640,2412349792,2412350933,16347,1141
28899.804712,2412379336,2412380481,16364,1145
28899.816728,2412388405,2412389538,16018,1133
28899.828760,2412397482,2412398619,16346,1137
28899.840777,2412406766,2412407909,16263,1143
28899.855811,2412418119,2412419260,16379,1141
28899.867820,2412427207,2412428350,16086,1143
28899.912905,2412461205,2412462348,16082,1143
28899.924937,2412470264,2412471380,16237,1116
28899.957990,2412495196,2412496339,16081,1143
28899.970023,2412504270,2412505418,16132,1148
28899.994060,2412522434,2412523577,16085,1143
28900.006092,2412531467,2412532597,16121,1130
28900.018120,2412540505,2412541642,16470,1137
28900.060191,2412572200,2412573341,16073,1141
28900.072225,2412581366,2412582511,16324,1145
28900.084247,2412590499,2412591648,16405,1149
28900.096257,2412599627,2412600763,15966,1136
28900.108294,2412608744,2412609901,16434,1157
28900.135345,2412629315,2412630462,16357,1147
28900.147351,2412638424,2412639562,16087,1138
28900.159384,2412647483,2412648621,16042,1138
28900.171413,2412656606,2412657743,16391,1137
28900.240533,2412708744,2412709885,16216,1141
28900.252563,2412717849,2412718995,16261,1146
28900.264573,2412726923,2412728061,16083,1138
28900.288634,2412745073,2412746213,16359,1140
28900.300641,2412754115,2412755248,16086,1133
28900.327703,2412774469,2412775606,16119,1137
28900.339721,2412783539,2412784688,16211,1149
28900.351754,2412792615,2412793752,16295,1137
28900.363761,2412801681,2412802818,16086,1137
28900.375791,2412810771,2412811899,16034,1128
28900.387823,2412819836,2412820969,16287,1133
28900.399841,2412828949,2412830086,16283,1137
28900.411863,2412837995,2412839133,16055,1138
28900.423889,2412847100,2412848224,16317,1124
28900.435905,2412856125,2412857256,16052,1131
28900.447932,2412865199,2412866334,16068,1135
28900.465967,2412878790,2412879928,16045,1138
28900.477993,2412887832,2412888972,16369,1140
28900.490001,2412896850,2412897991,16164,1141
28900.502036,2412905943,2412907062,16067,1119
28900.514065,2412914995,2412916109,16227,1114
28900.526071,2412924032,2412925170,16079,1138
28900.538099,2412933105,2412934247,16257,1142
28900.553123,2412944462,2412945600,16077,1138
28900.565155,2412953516,2412954659,16039,1143
28900.592207,2412973892,2412975027,16036,1135
28900.604236,2412982966,2412984108,16393,1142
28900.622269,2412996558,2412997693,16384,1135
28900.634283,2413005616,2413006744,16038,1128
28900.700413,2413055419,2413056552,16033,1133
28900.712439,2413064528,2413065648,16120,1120
28900.727464,2413075807,2413076938,16114,1131
28900.739491,2413084884,2413085999,16211,1115
28900.751498,2413093922,2413095060,16087,1138
28900.769533,2413107532,2413108666,16160,1134
28900.781569,2413116601,2413117744,16080,1143
28900.793595,2413125654,2413126805,16384,1151
28900.805616,2413134722,2413135863,16363,1141
28900.841671,2413161955,2413163083,15994,1128
28900.853704,2413171005,2413172143,15957,1138
28900.865731,2413180113,2413181232,16199,1119
28900.877738,2413189126,2413190264,16040,1138
28900.904790,2413209521,2413210649,16084,1128
28900.916823,2413218589,2413219730,16241,1141
28900.979948,2413266140,2413267283,16199,1143
28900.991972,2413275250,2413276383,16374,1133
28901.003981,2413284336,2413285469,16085,1133
28901.016009,2413293405,2413294532,16000,1127
28901.121202,2413372735,2413373868,16165,1133
28901.133230,2413381820,2413382957,16227,1137
28901.145265,2413390888,2413392004,16192,1116
28901.160287,2413402189,2413403323,15997,1134
28901.172315,2413411258,2413412407,16388,1149
28901.187339,2413422525,2413423668,16033,1143
28901.229415,2413454323,2413455466,16038,1143
28901.241441,2413463397,2413464527,16042,1130
28901.253469,2413472455,2413473596,16390,1141
28901.331608,2413531314,2413532460,16297,1146
28901.343641,2413540384,2413541517,16389,1133
28901.355650,2413549418,2413550560,16169,1142
28901.367681,2413558491,2413559622,16064,1131
28901.379710,2413567534,2413568662,16468,1128
28901.391716,2413576545,2413577674,16120,1129
28901.403750,2413585795,2413586939,16036,1144
28901.421784,2413599363,2413600505,16037,1142
28901.433813,2413608461,2413609603,16397,1142
28901.448836,2413619737,2413620885,16050,1148
28901.463854,2413631065,2413632204,16077,1139
28901.549021,2413696755,2413697896,16395,1141
28901.578087,2413717219,2413718365,16384,1146
28901.590095,2413726314,2413727457,16089,1143
28901.602129,2413735379,2413736512,15955,1133
28901.641206,2413764839,2413765980,16400,1141
28901.653227,2413773901,2413775038,16318,1137
28901.674268,2413789740,2413790883,16116,1143
28901.686294,2413798815,2413799924,16236,1109
28901.761431,2413855388,2413856521,16371,1133
28901.773460,2413864434,2413865573,16112,1139
28901.785482,2413873486,2413874615,16355,1129
28901.797488,2413882507,2413883638,16083,1131
28901.809524,2413891559,2413892702,16039,1143
28901.821550,2413900652,2413901797,16474,1145
28901.863625,2413932348,2413933475,16133,1127
28901.875651,2413941404,2413942550,16399,1146
28901.887661,2413950469,2413951598,16161,1129
28901.899693,2413959511,2413960649,16122,1138
28901.911723,2413968545,2413969657,16317,1112
28901.932746,2413984367,2413985495,16155,1128
28901.944775,2413993418,2413994552,16116,1134
28901.977830,2414018341,2414019467,16159,1126
28901.989865,2414027387,2414028530,16068,1143
28902.004882,2414038701,2414039830,16083,1129
28902.016916,2414047739,2414048875,15999,1136
28902.080036,2414095168,2414096313,16027,1145
28902.092064,2414104317,2414105462,16351,1145
28902.116104,2414122398,2414123531,16129,1133
28902.128133,2414131481,2414132616,16477,1135
28902.140152,2414140515,2414141662,16403,1147
28902.161190,2414156351,2414157468,16253,1117
28902.173217,2414165379,2414166523,16441,1144
28902.188242,2414176739,2414177886,16056,1147
28902.200269,2414185820,2414186966,16383,1146
28902.212280,2414194873,2414196000,16078,1127
28902.224309,2414203908,2414205039,16353,1131
28902.236337,2414212973,2414214105,16378,1132
28902.248358,2414222044,2414223181,16322,1137
28902.260376,2414231107,2414232248,16231,1141
28902.281424,2414246956,2414248102,16392,1146
28902.293433,2414256011,2414257144,16090,1133
28902.305465,2414265129,2414266273,16307,1144
28902.317494,2414274194,2414275331,16301,1137
28902.377602,2414319452,2414320590,16070,1138
28902.389630,2414328513,2414329650,16391,1137
28902.401639,2414337600,2414338725,16047,1125
28902.413669,2414346654,2414347791,16222,1137
28902.425700,2414355777,2414356918,16369,1141
28902.437707,2414364882,2414366024,16089,1142
28902.504844,2414417119,2414418265,16389,1146
28902.600016,2414487486,2414488624,16090,1138
28902.612047,2414496588,2414497729,16227,1141
28902.624079,2414505717,2414506854,16480,1137
28902.642111,2414519348,2414520493,16365,1145
28902.654123,2414528402,2414529534,16083,1132
28902.711235,2414571572,2414572717,16216,1145
28902.726256,2414582966,2414584099,16088,1133
28902.813437,2414648692,2414649833,16386,1141
28902.825445,2414657756,2414658890,16085,1134
28902.837476,2414666900,2414668029,16234,1129
28902.888563,2414705492,2414706634,16093,1142
28902.900595,2414714608,2414715749,16221,1141
28902.916639,2414728233,2414729379,16217,1146
28902.951685,2414753255,2414754392,16090,1137
28902.963719,2414762344,2414763463,16017,1119
28902.981750,2414775970,2414777116,16223,1146
28902.993779,2414785065,2414786206,16361,1141
28903.017815,2414803238,2414804379,16216,1141
28903.029850,2414812351,2414813493,16358,1142
28903.041856,2414821606,2414822741,16003,1135
28903.053887,2414830685,2414831821,16181,1136
28903.129038,2414887487,2414888627,16385,1140
28903.141056,2414896601,2414897743,16348,1142
28903.231222,2414964655,2414965782,16123,1127
28903.246260,2414976051,2414977189,16368,1138
28903.333418,2415041963,2415043104,16231,1141
28903.345449,2415051059,2415052194,16386,1135
28903.399552,2415091927,2415093064,16392,1137
28903.411565,2415100992,2415102130,16006,1138
28903.423590,2415110099,2415111236,16228,1137
28903.441624,2415123655,2415124785,16307,1130
28903.453655,2415133015,2415134160,16366,1145
28903.480705,2415153506,2415154652,16364,1146
28903.492713,2415162625,2415163763,16083,1138
28903.507757,2415174002,2415175147,16462,1145
28903.544826,2415203546,2415204694,16083,1148
28903.624980,2415262622,2415263759,16383,1137
28903.636988,2415271706,2415272839,16095,1133
28903.649018,2415280773,2415281914,16237,1141
28903.661049,2415290132,2415291273,16390,1141
28903.721156,2415335642,2415336785,16222,1143
28903.733186,2415344734,2415345869,16391,1135
28903.754211,2415360631,2415361759,16084,1128
28903.769254,2415372024,2415373155,16349,1131
28903.781263,2415381079,2415382200,16091,1121
28903.856419,2415437701,2415438847,16295,1146
28903.868442,2415447067,2415448204,16352,1137
28903.883465,2415458429,2415459564,16233,1135
28903.913529,2415481156,2415482297,16350,1141
28903.925536,2415490235,2415491383,16086,1148
28903.937568,2415499343,2415500471,16235,1128
28903.949597,2415508460,2415509597,16334,1137
28903.967631,2415522096,2415523234,16357,1138
28903.979640,2415531197,2415532335,16085,1138
28904.012718,2415556157,2415557302,16394,1145
28904.024726,2415565243,2415566377,16086,1134
28904.036756,2415574349,2415575493,16262,1144
28904.051781,2415585703,2415586846,16171,1143
28904.063808,2415594831,2415595967,16251,1136
28904.075837,2415603929,2415605071,16356,1142
28904.087850,2415612999,2415614142,16088,1143
28904.099876,2415622084,2415623221,16226,1137
28904.111907,2415631190,2415632336,16384,1146
28904.123914,2415640263,2415641407,16089,1144
28904.135944,2415649382,2415650529,16323,1147
28904.147975,2415658471,2415659612,16473,1141
28904.159993,2415667563,2415668704,16436,1141
28904.172010,2415676656,2415677794,16189,1138
28904.184044,2415685728,2415686868,16396,1140
28904.196051,2415694815,2415695953,16091,1138
28904.208081,2415703932,2415705069,16248,1137
28904.220112,2415712999,2415714137,16382,1138
28904.238147,2415726630,2415727776,16469,1146
28904.250154,2415735724,2415736852,16168,1128
28904.265195,2415747122,2415748273,16343,1151
28904.277206,2415756268,2415757411,16087,1143
28904.298253,2415772152,2415773293,16228,1141
28904.404469,2415853938,2415855080,16214,1142
28904.424494,2415867577,2415868723,16224,1146
28904.439514,2415878876,2415880002,16082,1126
28904.472592,2415903822,2415904965,16387,1143
28904.484598,2415912898,2415914029,16166,1131
28904.496630,2415921993,2415923125,16304,1132
28904.508662,2415931074,2415932220,16489,1146
28904.616867,2416012825,2416013967,16471,1142
28904.628874,2416021922,2416023062,16164,1140
28904.640905,2416030989,2416032113,16212,1124
28904.679988,2416060452,2416061590,16399,1138
28904.698021,2416074078,2416075219,16466,1141
28904.710029,2416083196,2416084334,16165,1138
28904.725073,2416094578,2416095715,16374,1137
28904.737080,2416103671,2416104813,16086,1142
28904.827252,2416171770,2416172908,16092,1138
28904.839283,2416180871,2416182002,16230,1131
28904.851314,2416187122,2416187941,14297,819
28904.863339,2416192600,2416193214,12646,614
28904.885879,2416205588,2416206721,16402,1133
28904.897902,2416214671,2416215820,16308,1149
28904.909924,2416223743,2416224875,16316,1132
28904.921946,2416232799,2416233937,16385,1138
28904.933963,2416241911,2416243045,16254,1134
28904.945993,2416251001,2416252134,16297,1133
28904.970031,2416269207,2416270344,16235,1137
28904.982060,2416278325,2416279463,16312,1138
28905.006100,2416296548,2416297694,16235,1146
28905.018130,2416305697,2416306831,16313,1134
28905.033152,2416317092,2416318227,16218,1135
28905.045180,2416326214,2416327365,16319,1151
28905.075238,2416349062,2416350208,16380,1146
28905.090267,2416360485,2416361631,16314,1146
28905.105295,2416372010,2416373161,16320,1151
28905.117317,2416381191,2416382337,16317,1146
28905.129340,2416390357,2416391505,16318,1148
28905.141364,2416399562,2416400708,16315,1146
28905.153387,2416408761,2416409916,16324,1155
28905.168415,2416420288,2416421443,16324,1155
28905.183445,2416431743,2416432889,16403,1146
28905.195467,2416440871,2416442017,16312,1146
28905.207491,2416449990,2416451136,16324,1146
28905.219512,2416459130,2416460269,16389,1139
28905.231528,2416468282,2416469413,16249,1131
28905.243559,2416477405,2416478547,16322,1142
28905.255582,2416486538,2416487679,16318,1141
28905.267600,2416495644,2416496780,16174,1136
28905.279626,2416504783,2416505924,16321,1141
28905.291651,2416513914,2416515051,16398,1137
28905.304678,2416525341,2416526487,16307,1146
28905.351762,2416559562,2416560707,16313,1145
28905.365289,2416568048,2416569171,16314,1123
28905.377311,2416577119,2416578257,16379,1138
28905.392339,2416588502,2416589631,16313,1129
28905.404362,2416597622,2416598759,16324,1137
28905.416380,2416606753,2416607889,16203,1136
28905.428409,2416615883,2416617029,16320,1146
28905.440431,2416625015,2416626161,16454,1146
28905.452449,2416634123,2416635258,16333,1135
28905.464476,2416643261,2416644402,16326,1141
28905.476501,2416652396,2416653542,16471,1146
28905.497534,2416668384,2416669530,16262,1146
28905.509564,2416677510,2416678652,16319,1142
28905.527599,2416691193,2416692318,16296,1125
28905.539620,2416700289,2416701435,16381,1146
28905.551637,2416709462,2416710609,16318,1147
28905.563666,2416718601,2416719742,16319,1141
28905.575691,2416727713,2416728850,16378,1137
28905.599736,2416745998,2416747139,16399,1141
28905.611759,2416755148,2416756294,16404,1146
28905.623774,2416764325,2416765471,16203,1146
28905.665862,2416796299,2416797440,16397,1141
28905.677880,2416805407,2416806553,16282,1146
28905.689906,2416814555,2416815691,16315,1136
28905.704929,2416825969,2416827106,16250,1137
28905.721465,2416838741,2416839881,16323,1140
28905.733490,2416847867,2416849002,16365,1135
28905.748518,2416859284,2416860430,16315,1146
28905.760539,2416868430,2416869578,16259,1148
28905.772557,2416877571,2416878717,16260,1146
28905.808626,2416904942,2416906081,16268,1139
28905.820654,2416914043,2416915189,16314,1146
28905.832678,2416923144,2416924290,16445,1146
28905.844694,2416932294,2416933429,16271,1135
28905.877763,2416957432,2416958578,16379,1146
28905.889786,2416966577,2416967715,16314,1138
28905.901809,2416975692,2416976836,16321,1144
28905.913831,2416984820,2416985966,16369,1146
28905.937880,2417003346,2417004492,16310,1146
28905.949902,2417012482,2417013623,16398,1141
28905.973948,2417030745,2417031891,16315,1146
28905.985969,2417039906,2417041047,16383,1141
28906.013021,2417060480,2417061615,16426,1135
28906.025037,2417069629,2417070766,16333,1137
28906.041082,2417083338,2417084484,16182,1146
28906.064117,2417099320,2417100466,16224,1146
28906.076142,2417108464,2417109604,16315,1140
28906.088165,2417117559,2417118700,16313,1141
28906.100190,2417126719,2417127842,16336,1123
28906.112211,2417135822,2417136968,16376,1146
28906.124228,2417144978,2417146124,16249,1146
28906.137257,2417156399,2417157540,16319,1141
28906.169312,2417179203,2417180342,16235,1139
28906.181341,2417188331,2417189473,16311,1142
28906.229434,2417224795,2417225937,16402,1142
28906.241449,2417233917,2417235057,16254,1140
28906.253478,2417243035,2417244186,16312,1151
28906.268501,2417254465,2417255614,16250,1149
28906.280529,2417263620,2417264761,16231,1141
28906.295552,2417275026,2417276167,16244,1141
28906.313586,2417288707,2417289841,16234,1134
28906.325617,2417297826,2417298972,16318,1146
28906.337639,2417306967,2417308118,16322,1151
28906.349658,2417316103,2417317239,16347,1136
28906.361684,2417325258,2417326403,16317,1145
28906.440840,2417386854,2417388000,16313,1146
28906.457860,2417398268,2417399414,16250,1146
28906.469891,2417407404,2417408556,16313,1152
28906.481914,2417416510,2417417652,16394,1142
28906.505960,2417434751,2417435886,16296,1135
28906.517982,2417443855,2417444999,16397,1144
28906.533011,2417455303,2417456439,16276,1136
28906.545034,2417464458,2417465600,16401,1142
28906.557052,2417473601,2417474747,16253,1146
28906.572084,2417485019,2417486165,16383,1146
28906.584107,2417494115,2417495260,16319,1145
28906.605148,2417510071,2417511217,16332,1146
28906.617171,2417519215,2417520362,16313,1147
28906.629187,2417528354,2417529484,16130,1130
28906.641216,2417537422,2417538578,16306,1156
28906.653238,2417546539,2417547672,16386,1133
28906.665255,2417555649,2417556794,16249,1145
28906.677285,2417564786,2417565928,16314,1142
28906.689308,2417573912,2417575052,16314,1140
28906.701324,2417583021,2417584160,16237,1139
28906.713352,2417592160,2417593301,16319,1141
28906.740407,2417612714,2417613852,16335,1138
28906.752427,2417621811,2417622949,16390,1138
28906.767456,2417633192,2417634327,16315,1135
28906.779480,2417642341,2417643476,16404,1135
28906.791495,2417651475,2417652615,16235,1140
28906.809530,2417665143,2417666285,16234,1142
28906.821559,2417674234,2417675371,16228,1137
28906.845598,2417692519,2417693655,16253,1136
28906.857628,2417701650,2417702787,16315,1137
28906.869652,2417710785,2417711923,16404,1138
28906.881673,2417719939,2417721076,16313,1137
28906.920749,2417749561,2417750707,16319,1146
28906.932771,2417758692,2417759838,16320,1146
28906.944787,2417767804,2417768937,16232,1133
28906.959821,2417779192,2417780333,16386,1141
28906.971838,2417788324,2417789461,16256,1137
28906.983866,2417797464,2417798609,16327,1145
28907.016924,2417822588,2417823739,16249,1151
28907.028953,2417831711,2417832850,16262,1139
28907.049993,2417847678,2417848809,16387,1131
28907.062010,2417856806,2417857943,16251,1137
28907.074038,2417865937,2417867074,16314,1137
28907.086060,2417875065,2417876208,16376,1143
28907.152181,2417925330,2417926476,16253,1146
28907.164210,2417934462,2417935599,16314,1137
28907.176235,2417943582,2417944717,16315,1135
28907.197267,2417959563,2417960709,16245,1146
28907.209298,2417968681,2417969826,16322,1145
28907.224321,2417980096,2417981236,16362,1140
28907.281435,2418023514,2418024653,16328,1139
28907.293456,2418032657,2418033798,16472,1141
28907.311491,2418046350,2418047491,16395,1141
28907.323507,2418055475,2418056615,16238,1140
28907.335537,2418064618,2418065765,16317,1147
28907.353570,2418078341,2418079482,16309,1141
28907.365595,2418087483,2418088624,16314,1141
28907.389641,2418105708,2418106855,16321,1147
28907.401664,2418114864,2418116005,16297,1141
28907.413679,2418124016,2418125162,16238,1146
28907.425709,2418133159,2418134298,16291,1139
28907.437732,2418142296,2418143436,16400,1140
28907.491833,2418183388,2418184534,16387,1146
28907.503850,2418192513,2418193643,16254,1130
28907.515880,2418201623,2418202764,16322,1141
28907.527903,2418210762,2418211904,16320,1142
28907.539918,2418219915,2418221052,16147,1137
28907.560966,2418235908,2418237049,16312,1141
28907.572989,2418245137,2418246267,16357,1130
28907.597035,2418263420,2418264566,16320,1146
28907.609056,2418272555,2418273689,16384,1134
28907.624086,2418283996,2418285132,16319,1136
28907.678189,2418325068,2418326201,16322,1133
28907.690211,2418334190,2418335331,16398,1141
28907.702227,2418343316,2418344453,16335,1137
28907.714258,2418352481,2418353620,16321,1139
28907.768360,2418393521,2418394667,16315,1146
28907.780382,2418402690,2418403836,16296,1146
28907.792399,2418411816,2418412962,16257,1146
28907.804429,2418420976,2418422113,16229,1137
28907.873558,2418473515,2418474661,16313,1146
28907.885582,2418482649,2418483789,16318,1140
28907.897606,2418491803,2418492943,16402,1140
28907.909622,2418500960,2418502097,16239,1137
28907.921650,2418510081,2418511224,16377,1143
28907.975753,2418551162,2418552308,16320,1146
28907.987777,2418560379,2418561530,16292,1151
28908.012823,2418580936,2418582078,16402,1142
28908.041879,2418601485,2418602636,16357,1151
28908.053896,2418610632,2418611779,16253,1147
28908.065925,2418619768,2418620914,16303,1146
28908.077948,2418628931,2418630082,16386,1151
28908.089965,2418638087,2418639223,16247,1136
28908.101994,2418647215,2418648360,16316,1145
28908.121029,2418663189,2418664330,16324,1141
28908.138064,2418674629,2418675775,16335,1146
28908.150085,2418683761,2418684904,16473,1143
28908.168121,2418697473,2418698619,16486,1146
28908.180136,2418706612,2418707753,16321,1141
28908.192163,2418715778,2418716924,16314,1146
28908.210198,2418729492,2418730630,16307,1138
28908.222221,2418738618,2418739764,16320,1146
28908.234242,2418747737,2418748880,16297,1143
28908.244328,2418756870,2418758010,16313,1140
28908.258289,2418766019,2418767165,16366,1146
28908.327422,2418818555,2418819692,16319,1137
28908.339445,2418827665,2418828811,16395,1146
28908.351461,2418836795,2418837934,16267,1139
28908.369502,2418850463,2418851614,16306,1151
28908.381525,2418859622,2418860758,16315,1136
28908.400561,2418875625,2418876762,16391,1137
28908.436629,2418903029,2418904176,16385,1147
28908.483721,2418937319,2418938463,16401,1144
28908.495736,2418946461,2418947603,16152,1142
28908.507765,2418955606,2418956748,16314,1142
28908.519788,2418964744,2418965890,16323,1146
28908.540822,2418980743,2418981889,16254,1146
28908.552852,2418989888,2418991034,16316,1146
28908.564875,2418999022,2419000163,16356,1141
28908.588920,2419017267,2419018402,16319,1135
28908.600944,2419026376,2419027508,16486,1132
28908.624990,2419044571,2419045707,16314,1136
28908.637011,2419053704,2419054850,16428,1146
28908.649028,2419062841,2419063982,16244,1141
28908.661058,2419071961,2419073107,16314,1146
28908.673081,2419081099,2419082232,16406,1133
28908.712151,2419110715,2419111857,16271,1142
28908.724178,2419119855,2419120991,16318,1136
28908.736201,2419128971,2419130116,16375,1145
28908.748217,2419138125,2419139260,16255,1135
28908.760245,2419147253,2419148389,16316,1136
28908.772270,2419156383,2419157529,16403,1146
28908.784285,2419165497,2419166643,16243,1146
28908.796314,2419174674,2419175820,16325,1146
28908.808338,2419183798,2419184932,16397,1134
28908.844405,2419211191,2419212337,16382,1146
28908.856422,2419220333,2419221473,16333,1140
28908.868451,2419229481,2419230618,16326,1137
28908.904521,2419256906,2419258047,16319,1141
28908.916543,2419266046,2419267185,16278,1139
28908.961628,2419300334,2419301480,16384,1146
28908.973645,2419309464,2419310603,16231,1139
28908.985674,2419318566,2419319707,16401,1141
28909.003708,2419332261,2419333393,16314,1132
28909.015732,2419341423,2419342567,16313,1144
28909.027748,2419350542,2419351683,16261,1141
28909.045782,2419364207,2419365345,16333,1138
28909.057812,2419373347,2419374493,16400,1146
28909.069836,2419382488,2419383636,16491,1148
28909.081851,2419391631,2419392771,16320,1140
28909.093880,2419400771,2419401917,16305,1146
28909.105899,2419410125,2419411265,16432,1140
28909.117920,2419419237,2419420370,16252,1133
28909.129950,2419428367,2419429513,16368,1146
28909.172023,2419460238,2419461376,16254,1138
28909.184051,2419469342,2419470488,16359,1146
28909.196071,2419478444,2419479590,16350,1146
28909.208091,2419487580,2419488713,16218,1133
28909.220122,2419496711,2419497857,16374,1146
28909.232139,2419505831,2419506972,16349,1141
28909.244162,2419514933,2419516084,16269,1151
28909.256190,2419524073,2419525214,16373,1141
28909.268209,2419533178,2419534324,16450,1146
28909.280228,2419542311,2419543441,16258,1130
28909.298262,2419555972,2419557117,16237,1145
28909.310293,2419565100,2419566241,16372,1141
28909.373410,2419612865,2419614010,16333,1145
28909.385420,2419621925,2419623068,16090,1143
28909.412477,2419642466,2419643606,16080,1140
28909.424502,2419651565,2419652698,16252,1133
28909.436532,2419660668,2419661806,16269,1138
28909.488623,2419701579,2419702714,16385,1135
28909.577792,2419767594,2419768734,16284,1140
28909.589824,2419776726,2419777862,16448,1136
28909.601832,2419785808,2419786951,16118,1143
28909.619877,2419799480,2419800621,16347,1141
28909.631897,2419808639,2419809788,16247,1149
28909.643927,2419817760,2419818901,16365,1141
28909.661960,2419831388,2419832528,16366,1140
28909.673969,2419840484,2419841617,16089,1133
28909.698030,2419858718,2419859865,16369,1147
28909.710047,2419867847,2419868993,16255,1146
28909.770167,2419913460,2419914599,16352,1139
28909.785188,2419924821,2419925955,16230,1134
28909.797219,2419933896,2419935035,16491,1139
28909.824269,2419954375,2419955511,16374,1136
28909.836289,2419963567,2419964704,16359,1137
28909.848308,2419972693,2419973830,16336,1137
28909.896407,2420009118,2420010259,16375,1141
28909.908424,2420018222,2420019363,16269,1141
28909.959527,2420057057,2420058198,16461,1141
28909.971546,2420066137,2420067268,16411,1131
28909.983566,2420075245,2420076388,16315,1143
28910.004614,2420091222,2420092369,16479,1147
28910.016633,2420100363,2420101502,16454,1139
28910.028651,2420109438,2420110579,16243,1141
28910.040682,2420118544,2420119682,16420,1138
28910.052700,2420127679,2420128820,16352,1141
28910.064720,2420136805,2420137953,16237,1148
28910.109806,2420171025,2420172173,16256,1148
28910.121836,2420180238,2420181379,16328,1141
28910.151894,2420203151,2420204297,16407,1146
28910.163909,2420212319,2420213465,16257,1146
28910.175939,2420221485,2420222636,16319,1151
28910.187961,2420230671,2420231815,16395,1144
28910.199977,2420239822,2420240959,16235,1137
28910.212008,2420248911,2420250048,16397,1137
28910.224030,2420257999,2420259143,16373,1144
28910.236042,2420267159,2420268275,16064,1116
28910.248076,2420276251,2420277391,16358,1140
28910.260096,2420285320,2420286453,16375,1133
28910.272114,2420294405,2420295551,16239,1146
28910.293162,2420310331,2420311465,16494,1134
28910.305179,2420319428,2420320574,16268,1146
28910.326218,2420335403,2420336537,16244,1134
28910.344247,2420349089,2420350211,16100,1122
28910.356281,2420358183,2420359324,16382,1141
28910.368301,2420367259,2420368400,16327,1141
28910.380316,2420376360,2420377476,16024,1116
28910.392351,2420385439,2420386580,16370,1141
28910.428420,2420412688,2420413833,16501,1145
28910.443438,2420424120,2420425233,16035,1113
28910.455470,2420433392,2420434527,16382,1135
28910.467488,2420442495,2420443632,16350,1137
28910.479504,2420451589,2420452709,16020,1120
28910.491539,2420460703,2420461839,16374,1136
28910.503556,2420469783,2420470929,16200,1146
28910.521590,2420483422,2420484563,16351,1141
28910.533606,2420492520,2420493636,15938,1116
28910.632796,2420567597,2420568717,16020,1120
28910.644834,2420576676,2420577820,16505,1144
28910.728985,2420640297,2420641430,16337,1133
28910.741006,2420649433,2420650574,16238,1141
28910.756035,2420660816,2420661962,16359,1146
28910.792105,2420688093,2420689231,16339,1138
28910.804126,2420697197,2420698339,16249,1142
28910.816156,2420706303,2420707444,16411,1141
28910.828175,2420715393,2420716524,16360,1131
28910.840193,2420724489,2420725601,16045,1112
28910.852225,2420733549,2420734693,16405,1144
28910.864244,2420742699,2420743848,16444,1149
28910.876259,2420751812,2420752931,16100,1119
28910.888294,2420760888,2420762032,16586,1144
28910.909329,2420776789,2420777935,16400,1146
28910.921345,2420785902,2420787022,16101,1120
28910.952423,2420810892,2420812040,16450,1148
28910.984465,2420833682,2420834791,16019,1109
28910.996500,2420842737,2420843876,16503,1139
28911.056602,2420888213,2420889333,16019,1120
28911.068638,2420897531,2420898670,16500,1139
28911.080653,2420906635,2420907779,16342,1144
28911.092671,2420915740,2420916858,16015,1118
28911.104704,2420924853,2420925993,16367,1140
28911.143775,2420954389,2420955526,16360,1137
28911.155787,2420963503,2420964628,15985,1125
28911.167828,2420972606,2420973741,16508,1135
28911.179842,2420981727,2420982873,16339,1146
28911.191860,2420990865,2420991985,16025,1120
28911.263997,2421045357,2421046479,16100,1122
28911.276032,2421054705,2421055849,16512,1144
28911.288050,2421063797,2421064928,16329,1131
28911.300070,2421072887,2421074037,16268,1150
28911.312101,2421082013,2421083146,16506,1133
28911.324120,2421091103,2421092236,16415,1133
28911.336134,2421100147,2421101263,16023,1116
28911.348171,2421109211,2421110341,16473,1130
28911.360185,2421118283,2421119429,16336,1146
28911.372202,2421127392,2421128511,16020,1119
28911.384238,2421136452,2421137588,16443,1136
28911.468390,2421200091,2421201232,16422,1141
28911.480412,2421209212,2421210356,16240,1144
28911.585614,2421288761,2421289902,16340,1141
28911.597635,2421297846,2421298986,16278,1140
28911.624681,2421318305,2421319421,16095,1116
28911.636718,2421327376,2421328515,16587,1139
28911.657751,2421343295,2421344435,16421,1140
28911.669768,2421352381,2421353500,16096,1119
28911.681805,2421361450,2421362595,16469,1145
28911.696827,2421372814,2421373956,16352,1142
28911.720873,2421391007,2421392143,16333,1136
28911.732891,2421400095,2421401213,16048,1118
28911.802027,2421452361,2421453504,16412,1143
28911.814042,2421461479,2421462597,16096,1118
28911.850111,2421488716,2421489838,16032,1122
28911.862145,2421497771,2421498898,16480,1127
28911.880179,2421511398,2421512541,16359,1143
28911.892197,2421520520,2421521657,16272,1137
28911.904214,2421529643,2421530755,16036,1112
28911.916250,2421538701,2421539836,16460,1135
28911.928265,2421547775,2421548907,16335,1132
28911.940296,2421556854,2421557963,16160,1109
28911.952318,2421565939,2421567085,16374,1146
28911.964335,2421575052,2421576197,16355,1145
28911.976351,2421584172,2421585291,16016,1119
28911.988386,2421593261,2421594405,16500,1144
28912.000404,2421602351,2421603489,16356,1138
28912.024455,2421620498,2421621633,16501,1135
28912.039484,2421631851,2421632965,16152,1114
28912.084557,2421665913,2421667026,16003,1113
28912.096591,2421675004,2421676147,16431,1143
28912.108608,2421684105,2421685242,16442,1137
28912.124640,2421697676,2421698813,16314,1137
28912.168730,2421729471,2421730608,16507,1137
28912.180746,2421738529,2421739673,16308,1144
28912.228832,2421774936,2421776059,16019,1123
28912.240864,2421784022,2421785160,16408,1138
28912.252883,2421793112,2421794251,16333,1139
28912.264900,2421802189,2421803314,16024,1125
28912.276935,2421811291,2421812428,16373,1137
28912.288950,2421820362,2421821500,16247,1138
28912.300969,2421829484,2421830604,16023,1120
28912.313002,2421838554,2421839684,16481,1130
28912.325020,2421847653,2421848789,16419,1136
28912.341064,2421861287,2421862435,16370,1148
28912.358090,2421872689,2421873828,16391,1139
28912.370107,2421881771,2421882904,16365,1133
28912.388140,2421895394,2421896540,16283,1146
28912.400156,2421904522,2421905643,16040,1121
28912.412193,2421913587,2421914731,16587,1144
28912.430227,2421927224,2421928359,16511,1135
28912.442241,2421936281,2421937413,16373,1132
28912.496347,2421977139,2421978282,16355,1143
28912.508362,2421986282,2421987395,16002,1113
28912.553449,2422020310,2422021429,16019,1119
28912.565484,2422029369,2422030507,16501,1138
28912.625586,2422074821,2422075946,16038,1125
28912.637618,2422083902,2422085039,16363,1137
28912.649640,2422093011,2422094149,16407,1138
28912.679693,2422115650,2422116780,16322,1130
28912.691723,2422124737,2422125878,16436,1141
28912.703741,2422133820,2422134953,16434,1133
28912.715765,2422142908,2422144054,16262,1146
28912.727793,2422152009,2422153144,16500,1135
28912.748826,2422167934,2422169080,16342,1146
28912.760843,2422177040,2422178156,16014,1116
28912.841997,2422238340,2422239452,16017,1112
28912.854033,2422247406,2422248543,16485,1137
28912.866049,2422256482,2422257623,16341,1141
28912.878064,2422265581,2422266701,16018,1120
28912.890099,2422274672,2422275818,16360,1146
28912.905117,2422286050,2422287170,16021,1120
28912.917153,2422295125,2422296264,16539,1139
28912.956220,2422324658,2422325799,16424,1141
28912.968238,2422333760,2422334880,16099,1120
28912.980273,2422342877,2422344021,16603,1144
28912.992290,2422352026,2422353166,16355,1140
28913.004303,2422361118,2422362238,15979,1120
28913.016342,2422370198,2422371336,16504,1138
28913.028359,2422379288,2422380430,16360,1142
28913.040374,2422388394,2422389511,16010,1117
28913.079461,2422417930,2422419073,16494,1143
28913.091479,2422427085,2422428222,16436,1137
28913.103495,2422436179,2422437299,16102,1120
28913.115534,2422445271,2422446403,16428,1132
28913.127546,2422454335,2422455476,16344,1141
28913.139562,2422463422,2422464547,16015,1125
28913.151599,2422472476,2422473617,16505,1141
28913.169633,2422486099,2422487238,16497,1139
28913.181649,2422495159,2422496291,16264,1132
28913.193667,2422504230,2422505350,16019,1120
28913.205702,2422513348,2422514492,16411,1144
28913.223736,2422526979,2422528123,16586,1144
28913.235751,2422536088,2422537229,16453,1141
28913.247769,2422545204,2422546323,16093,1119
28913.296869,2422583819,2422584965,16341,1146
28913.316908,2422597513,2422598652,16365,1139
28913.328938,2422606585,2422607695,16157,1110
28913.401059,2422661084,2422662202,16017,1118
28913.413096,2422670170,2422671310,16457,1140
28913.503267,2422738349,2422739479,16492,1130
28913.515283,2422747420,2422748557,16423,1137
28913.527313,2422756538,2422757654,16155,1116
28913.539336,2422765568,2422766707,16500,1139
28913.551352,2422774626,2422775760,16343,1134
28913.563370,2422783731,2422784853,16098,1122
28913.575403,2422792815,2422793954,16527,1139
28913.587422,2422801935,2422803076,16438,1141
28913.599438,2422811010,2422812123,16019,1113
28913.611472,2422820060,2422821199,16450,1139
28913.623491,2422829120,2422830257,16357,1137
28913.635506,2422838247,2422839367,16094,1120
28913.647542,2422847304,2422848439,16546,1135
28913.659557,2422856395,2422857536,16339,1141
28913.671572,2422865467,2422866583,15984,1116
28913.683608,2422874568,2422875709,16363,1141
28913.695628,2422883631,2422884771,16439,1140
28913.707643,2422892727,2422893847,16103,1120
28913.719680,2422901800,2422902934,16526,1134
28913.731697,2422910873,2422912014,16411,1141
28913.743711,2422919963,2422921083,16113,1120
28913.764765,2422935842,2422936972,16498,1130
28913.776781,2422944916,2422946052,16271,1136
28913.839901,2422992717,2422993864,16335,1147
28913.851918,2423001848,2423002968,16018,1120
28913.863954,2423010923,2423012061,16509,1138
28913.875968,2423020017,2423021148,16355,1131
28913.897004,2423035937,2423037050,16024,1113
28913.909038,2423045012,2423046145,16587,1133
28913.921055,2423054092,2423055237,16425,1145
28913.936091,2423065437,2423066581,16507,1144
28913.948106,2423074547,2423075693,16338,1146
28913.960124,2423083686,2423084808,16020,1122
28913.972158,2423092765,2423093900,16501,1135
28913.984177,2423101894,2423103035,16354,1141
28914.026259,2423133767,2423134911,16412,1144
28914.038278,2423142866,2423144006,16343,1140
28914.056314,2423156510,2423157657,16355,1147
28914.068330,2423165624,2423166744,16018,1120
28914.104397,2423192883,2423193999,16019,1116
28914.124332,2423202145,2423202754,12026,609
28914.141980,2423209089,2423210210,16434,1121
28914.153999,2423218142,2423219270,16280,1128
28914.166027,2423227221,2423228350,16277,1129
28914.178051,2423236293,2423237420,16364,1127
28914.193078,2423247650,2423248778,16323,1128
28914.205102,2423256726,2423257859,16315,1133
28914.217120,2423265802,2423266939,16273,1137
28914.229148,2423274881,2423276019,16321,1138
28914.241169,2423283984,2423285135,16359,1151
28914.253185,2423293115,2423294256,16227,1141
28914.265216,2423302246,2423303392,16324,1146
28914.280237,2423313672,2423314809,16243,1137
28914.292266,2423322791,2423323933,16324,1142
28914.304290,2423331866,2423333008,16378,1142
28914.316305,2423340964,2423342110,16253,1146
28914.355387,2423370580,2423371707,16318,1127
28914.367411,2423379765,2423380911,16404,1146
28914.379426,2423388894,2423390046,16243,1152
28914.391455,2423398067,2423399218,16321,1151
28914.412496,2423414073,2423415218,16396,1145
28914.424511,2423423220,2423424366,16250,1146
28914.436542,2423432302,2423433453,16321,1151
28914.448563,2423441428,2423442567,16301,1139
28914.496649,2423477972,2423479119,16237,1147
28914.508677,2423487077,2423488223,16315,1146
28914.520700,2423496205,2423497337,16277,1132
28914.559769,2423525868,2423527001,16256,1133
28914.571798,2423534996,2423536137,16312,1141
28914.583821,2423544112,2423545242,16392,1130
28914.601856,2423557801,2423558938,16401,1137
28914.613872,2423566907,2423568042,16237,1135
28914.624331,2423573471,2423574362,15372,891
28914.639428,2423584532,2423585655,16321,1123
28914.651449,2423593605,2423594746,16316,1141
28914.663466,2423602729,2423603862,16257,1133
28914.675495,2423611845,2423612980,16308,1135
28914.687519,2423620996,2423622136,16403,1140
28914.699534,2423630125,2423631266,16148,1141
28914.711563,2423639225,2423640363,16315,1138
28914.723586,2423648332,2423649478,16364,1146
28914.735606,2423657456,2423658602,16242,1146
28914.747631,2423666578,2423667720,16312,1142
28914.759656,2423675701,2423676839,16379,1138
28914.771671,2423684813,2423685941,16248,1128
28914.783699,2423693928,2423695068,16313,1140
28914.795724,2423703056,2423704191,16396,1135
28914.807740,2423712180,2423713321,16266,1141
28914.819769,2423721318,2423722451,16320,1133
28914.831791,2423730447,2423731588,16375,1141
28914.843808,2423739580,2423740725,16267,1145
28914.855838,2423748745,2423749891,16318,1146
28914.867859,2423757882,2423759019,16315,1137
28914.879877,2423767032,2423768160,16251,1128
28914.891904,2423776130,2423777268,16313,1138
28914.903929,2423785252,2423786394,16386,1142
28914.915952,2423794392,2423795534,16313,1142
28914.927975,2423803512,2423804654,16327,1142
28914.939996,2423812622,2423813759,16370,1137
28914.952014,2423821701,2423822839,16273,1138
28914.964044,2423830803,2423831949,16315,1146
28914.976068,2423839996,2423841124,16402,1128
28914.988083,2423849133,2423850272,16234,1139
28915.000113,2423858246,2423859387,16316,1141
28915.012136,2423867375,2423868526,16398,1151
28915.033169,2423883366,2423884512,16236,1146
28915.045199,2423892512,2423893648,16317,1136
28915.081268,2423919885,2423921023,16313,1138
28915.093289,2423928997,2423930141,16471,1144
28915.117335,2423947256,2423948397,16336,1141
28915.129360,2423956404,2423957541,16487,1137
28915.144387,2423967820,2423968962,16309,1142
28915.156411,2423976951,2423978097,16410,1146
28915.171439,2423988423,2423989569,16410,1146
28915.183463,2423997673,2423998820,16398,1147
28915.195477,2424006850,2424007988,16230,1138
28915.207508,2424015997,2424017145,16319,1148
28915.219529,2424025175,2424026319,16471,1144
28915.231549,2424034338,2424035475,16279,1137
28915.243577,2424043471,2424044616,16403,1145
28915.255598,2424052637,2424053782,16385,1145
28915.267614,2424061772,2424062912,16162,1140
28915.279645,2424070891,2424072025,16313,1134
28915.291666,2424080009,2424081149,16358,1140
28915.303683,2424089163,2424090305,16312,1142
28915.315712,2424098304,2424099450,16336,1146
28915.327737,2424107439,2424108585,16368,1146
28915.339752,2424116586,2424117717,16234,1131
28915.351782,2424125735,2424126881,16317,1146
28915.363804,2424134891,2424136037,16321,1146
28915.375821,2424144020,2424145158,16251,1138
28915.387851,2424153151,2424154290,16319,1139
28915.399872,2424162227,2424163363,16268,1136
28915.411895,2424171349,2424172488,16317,1139
28915.423918,2424180480,2424181618,16298,1138
28915.435943,2424189611,2424190757,16410,1146
28915.448972,2424201017,2424202154,16314,1137
28915.496056,2424235196,2424236333,16316,1137
28915.508079,2424244338,2424245473,16384,1135
28915.520095,2424253468,2424254604,16239,1136
28915.532125,2424262599,2424263739,16320,1140
28915.544147,2424271728,2424272878,16389,1150
28915.556163,2424280861,2424281992,16246,1131
28915.568192,2424289978,2424291115,16315,1137
28915.580215,2424299103,2424300240,16383,1137
28915.592232,2424308235,2424309362,16217,1127
28915.604260,2424317339,2424318479,16313,1140
28915.616284,2424326469,2424327615,16358,1146
28915.628300,2424335582,2424336728,16258,1146
28915.655353,2424356096,2424357229,16234,1133
28915.667383,2424365200,2424366329,16336,1129
28915.679406,2424374289,2424375431,16401,1142
28915.691420,2424383436,2424384571,16320,1135
28915.712468,2424399395,2424400535,16323,1140
28915.724491,2424408535,2424409674,16414,1139
28915.748537,2424426770,2424427907,16318,1137
28915.760558,2424435981,2424437133,16302,1152
28915.784604,2424454349,2424455495,16319,1146
28915.796625,2424463561,2424464712,16314,1151
28915.820673,2424481942,2424483083,16316,1141
28915.832694,2424491080,2424492220,16392,1140
28915.844712,2424500210,2424501356,16313,1146
28915.856741,2424509359,2424510501,16400,1142
28915.877780,2424525364,2424526516,16373,1152
28915.889797,2424534478,2424535624,16247,1146
28915.913848,2424552742,2424553870,16457,1128
28915.925867,2424561831,2424562974,16277,1143
28915.943901,2424575537,2424576674,16265,1137
28915.955930,2424584610,2424585745,16315,1135
28915.967953,2424593745,2424594876,16399,1131
28915.980983,2424605135,2424606281,16311,1146
28915.993000,2424614258,2424615391,16400,1133
28916.025056,2424637032,2424638153,16254,1121
28916.037086,2424646153,2424647290,16317,1137
28916.061124,2424664398,2424665535,16238,1137
28916.073152,2424673532,2424674669,16313,1137
28916.136274,2424721446,2424722592,16317,1146
28916.148296,2424730580,2424731726,16384,1146
28916.160312,2424739728,2424740868,16234,1140
28916.175349,2424751147,2424752302,16373,1155
28916.187364,2424760283,2424761414,16234,1131
28916.199396,2424769416,2424770555,16320,1139
28916.211416,2424778493,2424779642,16388,1149
28916.236463,2424799002,2424800132,16378,1130
28916.265520,2424819498,2424820627,16398,1129
28916.277535,2424828649,2424829785,16228,1136
28916.289564,2424837790,2424838935,16311,1145
28916.368722,2424899368,2424900506,16310,1138
28916.391760,2424915368,2424916498,16400,1130
28916.403785,2424924493,2424925639,16314,1146
28916.415806,2424933635,2424934781,16409,1146
28916.436846,2424949595,2424950733,16486,1138
28916.448861,2424958718,2424959864,16336,1146
28916.475913,2424979240,2424980378,16323,1138
28916.487943,2424988354,2424989490,16330,1136
28916.499966,2424997440,2424998572,16402,1132
28916.511981,2425006532,2425007666,16251,1134
28916.533029,2425022515,2425023652,16313,1137
28916.545052,2425031628,2425032761,16405,1133
28916.581118,2425058993,2425060139,16383,1146
28916.593136,2425068145,2425069286,16238,1141
28916.605168,2425077258,2425078401,16353,1143
28916.620187,2425088638,2425089780,16249,1142
28916.632216,2425097782,2425098924,16311,1142
28916.644238,2425106898,2425108044,16371,1146
28916.656258,2425116001,2425117143,16280,1142
28916.668283,2425125156,2425126293,16315,1137
28916.680307,2425134267,2425135407,16388,1140
28916.692324,2425143367,2425144505,16234,1138
28916.740421,2425179901,2425181038,16306,1137
28916.752444,2425189034,2425190166,16411,1132
28916.767471,2425200434,2425201571,16319,1137
28916.797531,2425223255,2425224406,16443,1151
28916.809547,2425232376,2425233528,16351,1152
28916.821576,2425241519,2425242660,16318,1141
28916.857643,2425268942,2425270081,16312,1139
28916.869666,2425278063,2425279204,16381,1141
28916.899723,2425300882,2425302028,16308,1146
28916.911748,2425310046,2425311194,16402,1148
28916.923769,2425319210,2425320345,16290,1135
28916.935787,2425328324,2425329461,16265,1137
28916.947816,2425337444,2425338586,16271,1142
28916.959839,2425346589,2425347731,16392,1142
28916.971856,2425355705,2425356845,16265,1140
28916.983885,2425364845,2425365991,16365,1146
28917.008939,2425385414,2425386550,16402,1136
28917.028970,2425399109,2425400249,16313,1140
28917.040992,2425408310,2425409438,16369,1128
28917.086079,2425442500,2425443646,16390,1146
28917.098101,2425451635,2425452772,16397,1137
28917.113131,2425463067,2425464213,16399,1146
28917.125147,2425472225,2425473361,16334,1136
28917.161216,2425499621,2425500762,16270,1141
28917.173245,2425508756,2425509893,16316,1137
28917.194285,2425524718,2425525864,16384,1146
28917.215321,2425540707,2425541847,16278,1140
28917.227347,2425549819,2425550960,16327,1141
28917.239374,2425558953,2425560087,16424,1134
28917.251387,2425568091,2425569237,16234,1146
28917.263417,2425577229,2425578375,16311,1146
28917.275439,2425586353,2425587494,16382,1141
28917.287456,2425595477,2425596611,16255,1134
28917.299485,2425604600,2425605751,16319,1151
28917.311507,2425613744,2425614886,16382,1142
28917.323524,2425622884,2425624023,16231,1139
28917.425725,2425700432,2425701579,16319,1147
28917.437751,2425709576,2425710704,16402,1128
28917.533931,2425782610,2425783756,16320,1146
28917.545956,2425791753,2425792891,16343,1138
28917.557970,2425800866,2425802012,16253,1146
28917.636127,2425860225,2425861362,16399,1137
28917.648144,2425869360,2425870506,16268,1146
28917.660171,2425878489,2425879627,16205,1138
28917.672192,2425887587,2425888724,16367,1137
28917.684210,2425896703,2425897849,16257,1146
28917.741324,2425940094,2425941239,16315,1145
28917.753348,2425949254,2425950398,16385,1144
28917.765365,2425958400,2425959540,16263,1140
28917.780399,2425969794,2425970940,16381,1146
28917.801433,2425985772,2425986912,16247,1140
28917.813462,2425994943,2425996085,16315,1142
28917.840512,2426015481,2426016609,16314,1128
28917.852539,2426024622,2426025754,16389,1132
28917.864553,2426033750,2426034896,16336,1146
28917.876584,2426042898,2426044043,16225,1145
28917.897624,2426058910,2426060051,16408,1141
28917.909639,2426068026,2426069168,16250,1142
28917.921669,2426077134,2426078285,16318,1151
28917.957737,2426104502,2426105642,16314,1140
28917.969760,2426113636,2426114777,16388,1141
28917.984788,2426125073,2426126214,16311,1141
28917.996811,2426134143,2426135285,16386,1142
28918.023863,2426154713,2426155857,16385,1144
28918.035879,2426163870,2426165011,16252,1141
28918.047908,2426173013,2426174159,16315,1146
28918.059931,2426182146,2426183292,16385,1146
28918.071950,2426191282,2426192415,16236,1133
28918.083978,2426200388,2426201525,16329,1137
28918.096000,2426209519,2426210661,16390,1142
28918.108016,2426218627,2426219773,16236,1146
28918.120046,2426227760,2426228906,16307,1146
28918.132068,2426236886,2426238025,16387,1139
28918.144085,2426246017,2426247163,16145,1146
28918.156115,2426255124,2426256259,16317,1135
28918.177155,2426271126,2426272267,16394,1141
28918.189178,2426280267,2426281404,16314,1137
28918.201203,2426289389,2426290519,16335,1130
28918.249293,2426325882,2426327029,16401,1147
28918.261310,2426335046,2426336191,16333,1145
28918.273335,2426344346,2426345479,16343,1133
28918.285355,2426353441,2426354579,16363,1138
28918.312406,2426373863,2426375004,16378,1141
28918.324425,2426382933,2426384073,16121,1140
28918.384542,2426428444,2426429590,16361,1146
28918.396562,2426437526,2426438669,16125,1143
28918.408590,2426446632,2426447778,16346,1146
28918.420610,2426455747,2426456893,16359,1146
28918.459682,2426485351,2426486489,16046,1138
28918.471714,2426494491,2426495637,16363,1146
28918.483731,2426503591,2426504736,16375,1145
28918.495752,2426512658,2426513802,15998,1144
28918.507779,2426521734,2426522879,16343,1145
28918.528818,2426537672,2426538812,16456,1140
28918.540839,2426546789,2426547929,16251,1140
28918.592949,2426587717,2426588860,16117,1143
28918.634019,2426617253,2426618399,16355,1146
28918.646041,2426626396,2426627533,16351,1137
28918.664075,2426639984,2426641108,16381,1124
28918.676094,2426649061,2426650199,15991,1138
28918.688126,2426658141,2426659287,16406,1146
28918.700145,2426667251,2426668386,16346,1135
28918.712166,2426676295,2426677432,16071,1137
28918.730197,2426689929,2426691072,16025,1143
28918.742230,2426699011,2426700148,16371,1137
28918.793317,2426737635,2426738762,15995,1127
28918.805346,2426746672,2426747805,16358,1133
28918.823380,2426760315,2426761459,16362,1144
28918.835401,2426769394,2426770525,16353,1131
28918.853435,2426783047,2426784189,16379,1142
28918.865454,2426792104,2426793243,16033,1139
28918.877483,2426801220,2426802355,16354,1135
28918.889506,2426810311,2426811436,16358,1125
28918.913552,2426828460,2426829604,16356,1144
28918.925570,2426837554,2426838700,16351,1146
28918.943608,2426851224,2426852370,16342,1146
28918.955625,2426860312,2426861439,16030,1127
28918.973662,2426873966,2426875100,16223,1134
28918.985692,2426883055,2426884189,16409,1134
28919.015745,2426905813,2426906953,16339,1140
28919.027763,2426914883,2426916021,16031,1138
28919.039797,2426923989,2426925112,16222,1123
28919.051812,2426933062,2426934207,16388,1145
28919.063831,2426942155,2426943293,16029,1138
28919.075860,2426951290,2426952431,16376,1141
28919.087883,2426960400,2426961546,16443,1146
28919.099900,2426969483,2426970620,16109,1137
28919.120951,2426985406,2426986520,16324,1114
28919.132966,2426994489,2426995629,16275,1140
28919.178049,2427028558,2427029703,16299,1145
28919.190072,2427037619,2427038754,16110,1135
28919.229156,2427067158,2427068300,16387,1142
28919.244175,2427078529,2427079672,16075,1143
28919.280251,2427105829,2427106976,16190,1147
28919.292272,2427114955,2427116095,16443,1140
28919.304292,2427124069,2427125211,16379,1142
28919.316312,2427133157,2427134300,16033,1143
28919.328341,2427142267,2427143406,16365,1139
28919.349377,2427158187,2427159333,16355,1146
28919.361397,2427167284,2427168413,16030,1129
28919.436551,2427224017,2427225163,16369,1146
28919.448567,2427233100,2427234241,16372,1141
28919.484638,2427260435,2427261576,16364,1141
28919.496654,2427269530,2427270664,16028,1134
28919.536739,2427301299,2427302438,16345,1139
28919.625906,2427367241,2427368377,16458,1136
28919.640929,2427378637,2427379776,16072,1139
28919.652958,2427387734,2427388874,16365,1140
28919.692030,2427417297,2427418439,16462,1142
28919.710064,2427430897,2427432035,16370,1138
28919.722089,2427439959,2427441084,16146,1125
28919.746133,2427458154,2427459295,16387,1141
28919.758155,2427467216,2427468354,16126,1138
28919.785203,2427487658,2427488789,16031,1131
28919.797232,2427496741,2427497887,16360,1146
28919.848323,2427535387,2427536522,16026,1135
28919.860353,2427544452,2427545598,16371,1146
28919.881393,2427560409,2427561549,16361,1140
28919.893409,2427569485,2427570628,16032,1143
28919.908442,2427580902,2427582033,16373,1131
28919.920460,2427589969,2427591112,15948,1143
28919.932494,2427599073,2427600214,16374,1141
28919.959541,2427619508,2427620647,16355,1139
28919.971561,2427628629,2427629763,16374,1134
28919.989596,2427642233,2427643383,16458,1150
28920.001618,2427651312,2427652458,16313,1146
28920.061733,2427696731,2427697871,16379,1140
28920.073759,2427705806,2427706937,16113,1131
28920.100803,2427726228,2427727362,16109,1134
28920.112833,2427735346,2427736490,16359,1144
28920.136870,2427753560,2427754703,15995,1143
28920.148901,2427762631,2427763772,16365,1141
28920.164935,2427776234,2427777380,16368,1146
28920.199992,2427801243,2427802381,16106,1138
28920.212026,2427810395,2427811541,16393,1146
28920.224039,2427819569,2427820721,16314,1152
28920.236069,2427828741,2427829879,16316,1138
28920.248094,2427837922,2427839069,16404,1147
28920.260112,2427847067,2427848218,16266,1151
28920.272138,2427856206,2427857349,16276,1143
28920.284162,2427865379,2427866519,16405,1140
28920.296179,2427874448,2427875571,16371,1123
28920.308200,2427883524,2427884664,16312,1140
28920.320227,2427892638,2427893774,16356,1136
28920.332248,2427901783,2427902929,16343,1146
28920.350280,2427915432,2427916577,16360,1145
28920.380338,2427938183,2427939320,16231,1137
28920.392364,2427947293,2427948439,16362,1146
28920.425423,2427972311,2427973441,16239,1130
28920.437451,2427981389,2427982523,16466,1134
28920.480537,2428015456,2428016594,16441,1138
28920.512589,2428038199,2428039336,16357,1137
28920.524612,2428047318,2428048458,16229,1140
28920.584726,2428092797,2428093934,16354,1137
28920.596746,2428101881,2428103024,16031,1143
28920.623801,2428122351,2428123497,16233,1146
28920.684926,2428170085,2428171218,16024,1133
28920.719985,2428195086,2428196219,16262,1133
28920.732004,2428204220,2428205360,16011,1140
28920.744031,2428213332,2428214469,16344,1137
28920.756053,2428222424,2428223571,16393,1147
28920.768080,2428231520,2428232656,16161,1136
28920.780102,2428240583,2428241724,16363,1141
28920.792116,2428249657,2428250796,16279,1139
28920.804141,2428258754,2428259882,16032,1128
28920.816170,2428267848,2428268983,16362,1135
28920.834204,2428281512,2428282644,16358,1132
28920.846225,2428290615,2428291752,16373,1137
28920.876278,2428313344,2428314471,16027,1127
28920.903330,2428333753,2428334881,16028,1128
28920.915359,2428342838,2428343984,16357,1146
28920.927382,2428351975,2428353112,16427,1137
28920.939398,2428361038,2428362183,16031,1145
28920.951427,2428370142,2428371273,16370,1131
28920.963448,2428379216,2428380356,16375,1140
28920.984484,2428395106,2428396234,16107,1128
28920.996514,2428404175,2428405321,16381,1146
28921.012545,2428417831,2428418970,16464,1139
28921.032581,2428431472,2428432618,16367,1146
28921.044602,2428440567,2428441712,16378,1145
28921.116739,2428495139,2428496285,16262,1146
28921.128758,2428504251,2428505389,15991,1138
28921.140788,2428513353,2428514480,16380,1127
28921.152808,2428522400,2428523530,16376,1130
28921.191875,2428551903,2428553034,15989,1131
28921.203907,2428560986,2428562119,16271,1133
28921.215928,2428570068,2428571199,16160,1131
28921.227950,2428579191,2428580337,16230,1146
28921.239979,2428588286,2428589428,16409,1142
28921.258015,2428601937,2428603074,16380,1137
28921.270034,2428611050,2428612179,16445,1129
28921.325148,2428654219,2428655346,16074,1127
28921.342169,2428665751,2428666886,16457,1135
28921.354187,2428674816,2428675949,16028,1133
28921.384251,2428697564,2428698699,16362,1135
28921.396270,2428706691,2428707834,16226,1143
28921.408302,2428715825,2428716965,16330,1140
28921.420324,2428724964,2428726100,16324,1136
28921.432339,2428734168,2428735319,16209,1151
28921.453386,2428750216,2428751348,16310,1132
28921.465407,2428759389,2428760538,16396,1149
28921.477424,2428768566,2428769713,16236,1147
28921.492459,2428780013,2428781159,16347,1146
28921.504476,2428789177,2428790321,16162,1144
28921.519512,2428800638,2428801780,16399,1142
28921.536035,2428813509,2428814654,16231,1145
28921.548066,2428822738,2428823884,16395,1146
28921.560089,2428831956,2428833102,16396,1146
28921.578122,2428845739,2428846890,16381,1151
28921.590138,2428854928,2428856078,16224,1150
28921.602169,2428864130,2428865281,16316,1151
28921.626207,2428882443,2428883589,16232,1146
28921.638237,2428891613,2428892755,16254,1142
28921.650259,2428900761,2428901903,16384,1142
28921.743430,2428971380,2428972515,16364,1135
28921.755451,2428980468,2428981611,15992,1143
28921.767483,2428989599,2428990738,16267,1139
28921.785514,2429003237,2429004378,16358,1141
28921.797534,2429012330,2429013472,16373,1142
28921.812568,2429023655,2429024799,16403,1144
28921.824586,2429032718,2429033850,16329,1132
28921.857651,2429057728,2429058874,16354,1146
28921.869672,2429066850,2429067986,16340,1136
28921.881690,2429075905,2429077043,16025,1138
28921.893720,2429084974,2429086111,16359,1137
28921.905738,2429094056,2429095202,16355,1146
28921.917759,2429103132,2429104268,15989,1136
28921.929788,2429112194,2429113323,16308,1129
28921.941808,2429121261,2429122401,16372,1140
28921.956839,2429132611,2429133744,16351,1133
28921.971862,2429143966,2429145098,15989,1132
28921.983890,2429153055,2429154185,16269,1130
28921.995911,2429162101,2429163238,16370,1137
28922.007940,2429171205,2429172351,16308,1146
28922.019959,2429180300,2429181421,16354,1121
28922.031980,2429189375,2429190512,16374,1137
28922.044002,2429198470,2429199611,16231,1141
28922.056028,2429207534,2429208676,16357,1142
28922.068049,2429216626,2429217762,16258,1136
28922.080071,2429225661,2429226799,16044,1138
28922.092096,2429234750,2429235880,16358,1130
28922.104117,2429243822,2429244967,16371,1145
28922.125157,2429259757,2429260893,16313,1136
28922.137186,2429268805,2429269923,16234,1118
28922.152205,2429280156,2429281291,16104,1135
28922.164238,2429289308,2429290444,16374,1136
28922.176254,2429298419,2429299554,16457,1135
28922.188273,2429307477,2429308617,16030,1140
28922.200302,2429316606,2429317751,16442,1145
28922.260413,2429362003,2429363144,16225,1141
28922.272440,2429371093,2429372234,16367,1141
28922.293477,2429386970,2429388100,16327,1130
28922.305504,2429396032,2429397174,16112,1142
28922.356597,2429434607,2429435744,16345,1137
28922.368618,2429443722,2429444860,15995,1138
28922.395667,2429464119,2429465244,16106,1125
28922.407699,2429473178,2429474305,16409,1127
28922.419717,2429482253,2429483381,16373,1128
28922.431736,2429491304,2429492434,16027,1130
28922.443769,2429500406,2429501546,16457,1140
28922.455785,2429509514,2429510651,16268,1137
28922.473819,2429523152,2429524293,16361,1141
28922.485839,2429532264,2429533395,16069,1131
28922.504885,2429548154,2429549295,16408,1141
28922.540953,2429575391,2429576511,16246,1120
28922.570005,2429595817,2429596961,16354,1144
28922.582022,2429604908,2429606049,16291,1141
28922.609080,2429625363,2429626509,16364,1146
28922.621099,2429634493,2429635640,16189,1147
28922.711267,2429702649,2429703783,16101,1134
28922.723297,2429711726,2429712867,16367,1141
28922.735318,2429720807,2429721935,16457,1128
28922.747336,2429729853,2429730996,16110,1143
28922.759371,2429738961,2429740073,16214,1112
28922.771386,2429747984,2429749122,16382,1138
28922.783411,2429757065,2429758205,16266,1140
28922.801443,2429770667,2429771802,16148,1135
28922.813468,2429779736,2429780871,16444,1135
28922.825489,2429788842,2429789979,16457,1137
28922.837508,2429797929,2429799067,16104,1138
28922.876592,2429827546,2429828687,16371,1141
28922.888608,2429836617,2429837762,16366,1145
28922.900635,2429845678,2429846808,16111,1130
28922.921674,2429861532,2429862678,16356,1146
28922.933693,2429870635,2429871777,16356,1142
28922.951729,2429884236,2429885376,16258,1140
28922.963748,2429893325,2429894463,15992,1138
28922.981782,2429906908,2429908035,16025,1127
28922.993811,2429915966,2429917108,16361,1142
28923.036897,2429949994,2429951126,16355,1132
28923.080976,2429981781,2429982922,16263,1141
28923.093004,2429990903,2429992040,16369,1137
28923.141089,2430027218,2430028356,16370,1138
28923.153113,2430036293,2430037432,16256,1139
28923.189179,2430063439,2430064569,16235,1130
28923.201208,2430072510,2430073647,16370,1137
28923.243280,2430104364,2430105502,16028,1138
28923.255313,2430113492,2430114632,16327,1140
28923.267329,2430122578,2430123718,16287,1140
28923.291384,2430134210,2430134815,12019,605
28923.355999,2430177438,2430178584,16276,1146
28923.368027,2430186553,2430187686,16316,1133
28923.380049,2430195633,2430196771,16382,1138
28923.392065,2430204727,2430205864,16240,1137
28923.405095,2430216152,2430217284,16383,1132
28923.440163,2430241210,2430242356,16315,1146
28923.452186,2430250310,2430251440,16296,1130
28923.464202,2430259413,2430260550,16251,1137
28923.476230,2430268495,2430269633,16322,1138
28923.488255,2430277593,2430278734,16391,1141
28923.500271,2430286724,2430287858,16253,1134
28923.512300,2430295842,2430296982,16328,1140
28923.524321,2430304975,2430306111,16369,1136
28923.536340,2430314074,2430315219,16262,1145
28923.548369,2430323211,2430324343,16343,1132
28923.581425,2430348276,2430349415,16231,1139
28923.596458,2430359691,2430360832,16316,1141
28923.608477,2430368942,2430370077,16250,1135
28923.620507,2430378043,2430379185,16268,1142
28923.632530,2430387173,2430388314,16397,1141
28923.644551,2430396293,2430397422,16312,1129
28923.659582,2430407702,2430408848,16400,1146
28923.684627,2430428136,2430429274,16401,1138
28923.719696,2430453218,2430454355,16311,1137
28923.731717,2430462345,2430463483,16384,1138
28923.743740,2430471476,2430472617,16316,1141
28923.755763,2430480615,2430481761,16319,1146
28923.767787,2430489722,2430490857,16371,1135
28923.779803,2430498853,2430499994,16230,1141
28923.793335,2430507260,2430508403,16308,1143
28923.805358,2430516363,2430517495,16309,1132
28923.817382,2430525499,2430526632,16403,1133
28923.829397,2430534601,2430535737,16233,1136
28923.853449,2430552847,2430553988,16386,1141
28923.865466,2430561995,2430563136,16334,1141
28923.877496,2430571115,2430572250,16322,1135
28923.889517,2430580183,2430581334,16387,1151
28923.901534,2430589310,2430590444,16244,1134
28923.913563,2430598417,2430599563,16314,1146
28923.925588,2430607539,2430608685,16403,1146
28923.937603,2430616648,2430617790,16262,1142
28923.956652,2430632586,2430633732,16317,1146
28923.968667,2430641714,2430642860,16481,1146
28923.985700,2430653143,2430654287,16317,1144
28923.997724,2430662259,2430663394,16361,1135
28924.012753,2430673628,2430674769,16318,1141
28924.024775,2430682828,2430683964,16378,1136
28924.036792,2430691946,2430693086,16255,1140
28924.048820,2430701083,2430702234,16314,1151
28924.060844,2430710236,2430711377,16395,1141
28924.072860,2430719357,2430720494,16230,1137
28924.084891,2430728467,2430729593,16334,1126
28924.096912,2430737567,2430738704,16380,1137
28924.108929,2430746707,2430747842,16254,1135
28924.120959,2430755821,2430756967,16274,1146
28924.132981,2430764939,2430766077,16381,1138
28924.161039,2430787744,2430788878,16228,1134
28924.181068,2430801414,2430802551,16265,1137
28924.193095,2430810525,2430811668,16322,1143
28924.209131,2430824222,2430825358,16312,1136
28924.232168,2430840186,2430841319,16375,1133
28924.244185,2430849301,2430850442,16258,1141
28924.256213,2430858439,2430859572,16271,1133
28924.274247,2430872050,2430873188,16313,1138
28924.286272,2430881157,2430882303,16297,1146
28924.307308,2430897072,2430898209,16205,1137
28924.319335,2430906205,2430907351,16317,1146
28924.331356,2430915326,2430916468,16254,1142
28924.343374,2430924450,2430925596,16254,1146
28924.361409,2430938156,2430939288,16328,1132
28924.373438,2430947294,2430948445,16321,1151
28924.409506,2430974695,2430975841,16323,1146
28924.421530,2430983819,2430984975,16369,1156
28924.433546,2430992992,2430994133,16246,1141
28924.445574,2431002107,2431003243,16314,1136
28924.457600,2431011213,2431012365,16405,1152
28924.469614,2431020381,2431021524,16231,1143
28924.481643,2431029486,2431030627,16312,1141
28924.505683,2431047774,2431048905,16253,1131
28924.517713,2431056863,2431058002,16314,1139
28924.532734,2431068294,2431069439,16255,1145
28924.544763,2431077398,2431078540,16311,1142
28924.556788,2431086524,2431087670,16401,1146
28924.571815,2431097937,2431099078,16316,1141
28924.583839,2431107065,2431108205,16397,1140
28924.595855,2431116200,2431117341,16240,1141
28924.613889,2431129903,2431131036,16225,1133
28924.625919,2431139010,2431140161,16325,1151
28924.637942,2431148125,2431149263,16319,1138
28924.649958,2431157250,2431158391,16237,1141
28924.664994,2431168691,2431169832,16399,1141
28924.677009,2431177819,2431178957,16226,1138
28924.692044,2431189237,2431190374,16393,1137
28924.725106,2431214269,2431215398,16312,1129
28924.737131,2431223402,2431224553,16234,1151
28924.749146,2431232552,2431233687,16232,1135
28924.776201,2431253072,2431254208,16265,1136
28924.788228,2431262184,2431263323,16317,1139
28924.800249,2431271302,2431272447,16266,1145
28924.821283,2431287293,2431288444,16250,1151
28924.833314,2431296450,2431297574,16316,1124
28924.860362,2431316930,2431318053,16317,1123
28924.872385,2431326057,2431327197,16367,1140
28924.893420,2431342054,2431343196,16162,1142
28924.905448,2431351175,2431352321,16309,1146
28924.929489,2431369389,2431370526,16248,1137
28924.941518,2431378518,2431379650,16315,1132
28924.965557,2431396753,2431397895,16264,1142
28924.977586,2431405869,2431407015,16310,1146
28924.989610,2431415024,2431416156,16386,1132
28925.001626,2431424142,2431425292,16248,1150
28925.013655,2431433265,2431434411,16332,1146
28925.025676,2431442406,2431443543,16370,1137
28925.037695,2431451520,2431452665,16261,1145
28925.049724,2431460622,2431461763,16298,1141
28925.061747,2431469767,2431470913,16381,1146
28925.073763,2431478896,2431480033,16250,1137
28925.109832,2431506287,2431507433,16253,1146
28925.121861,2431515411,2431516557,16310,1146
28925.136883,2431526814,2431527954,16245,1140
28925.148914,2431535960,2431537106,16312,1146
28925.175965,2431556490,2431557632,16314,1142
28925.187988,2431565625,2431566766,16403,1141
28925.206021,2431579288,2431580430,16352,1142
28925.218040,2431588399,2431589534,16265,1135
28925.237086,2431604368,2431605505,16310,1137
28925.254111,2431615836,2431616992,16312,1156
28925.266134,2431625030,2431626175,16317,1145
28925.278158,2431634235,2431635380,16405,1145
28925.290179,2431643440,2431644591,16403,1151
28925.302203,2431652625,2431653770,16322,1145
28925.344277,2431684685,2431685826,16252,1141
28925.356305,2431693843,2431694983,16397,1140
28925.371329,2431705275,2431706412,16243,1137
28925.383357,2431714413,2431715547,16318,1134
28925.395381,2431723539,2431724680,16390,1141
28925.407398,2431732676,2431733807,16256,1131
28925.419425,2431741792,2431742938,16224,1146
28925.431450,2431750897,2431752038,16276,1141
28925.449484,2431764569,2431765709,16384,1140
28925.464514,2431776004,2431777145,16313,1141
28925.479541,2431787437,2431788567,16294,1130
28925.493061,2431798141,2431799292,16249,1151
28925.505091,2431807310,2431808452,16315,1142
28925.556181,2431846076,2431847206,16239,1130
28925.568210,2431855164,2431856306,16313,1142
28925.580233,2431864295,2431865428,16315,1133
28925.610283,2431887117,2431888258,16228,1141
28925.655370,2431921347,2431922487,16238,1140
28925.667397,2431930735,2431931879,16315,1144
28925.679420,2431939881,2431941027,16324,1146
28925.691438,2431949029,2431950161,16245,1132
28925.703467,2431958142,2431959283,16314,1141
28925.715489,2431967259,2431968397,16378,1138
28925.727511,2431976387,2431977518,16315,1131
28925.748553,2431992333,2431993479,16316,1146
28925.760576,2432001477,2432002619,16388,1142
28925.832715,2432056283,2432057412,16407,1129
28925.844730,2432065400,2432066546,16256,1146
28925.859764,2432076834,2432077980,16390,1146
28925.871781,2432086010,2432087147,16245,1137
28925.883810,2432095131,2432096277,16316,1146
28925.895833,2432104268,2432105419,16378,1151
28925.916867,2432120305,2432121448,16244,1143
28925.928896,2432129427,2432130568,16325,1141
28925.949934,2432145382,2432146517,16371,1135
28925.961952,2432154511,2432155647,16266,1136
28925.976987,2432165916,2432167052,16323,1136
28925.989004,2432175042,2432176188,16256,1146
28926.025078,2432202436,2432203567,16311,1131
28926.037102,2432211546,2432212692,16314,1146
28926.049123,2432220673,2432221806,16370,1133
28926.064153,2432232071,2432233222,16319,1151
28926.076176,2432241214,2432242359,16325,1145
28926.088192,2432250348,2432251488,16243,1140
28926.100222,2432259476,2432260619,16313,1143
28926.112245,2432268615,2432269752,16385,1137
28926.151315,2432298273,2432299416,16293,1143
28926.163342,2432307410,2432308556,16323,1146
28926.175364,2432316535,2432317673,16321,1138
28926.187383,2432325669,2432326806,16251,1137
28926.199409,2432334802,2432335946,16316,1144
28926.211433,2432343943,2432345080,16392,1137
28926.223455,2432353048,2432354185,16315,1137
28926.235479,2432362193,2432363339,16316,1146
28926.247502,2432371326,2432372472,16388,1146
28926.259518,2432380466,2432381607,16251,1141
28926.271551,2432389608,2432390749,16320,1141
28926.283570,2432398730,2432399874,16386,1144
28926.295587,2432407862,2432409003,16238,1141
28926.307618,2432417001,2432418141,16325,1140
28926.325651,2432430680,2432431822,16320,1142
28926.337674,2432439781,2432440932,16397,1151
28926.400795,2432487687,2432488827,16399,1140
28926.412810,2432496853,2432497993,16244,1140
28926.472930,2432542475,2432543621,16317,1146
28926.484947,2432551632,2432552778,16235,1146
28926.499983,2432563046,2432564186,16392,1140
28926.518017,2432576759,2432577904,16399,1145
28926.530033,2432585922,2432587063,16251,1141
28926.542064,2432595029,2432596175,16321,1146
28926.569115,2432615575,2432616715,16319,1140
28926.581138,2432624715,2432625861,16400,1146
28926.608189,2432645280,2432646420,16397,1140
28926.620211,2432654380,2432655522,16312,1142
28926.632235,2432663492,2432664621,16320,1129
28926.644256,2432672620,2432673756,16384,1136
28926.656275,2432681762,2432682902,16278,1140
28926.680326,2432700015,2432701161,16369,1146
28926.692342,2432709186,2432710327,16241,1141
28926.716395,2432727455,2432728600,16399,1145
28926.728410,2432736603,2432737744,16236,1141
28926.749456,2432752571,2432753711,16316,1140
28926.761480,2432761713,2432762855,16398,1142
28926.773496,2432770858,2432771999,16247,1141
28926.785525,2432779990,2432781126,16317,1136
28926.797549,2432789111,2432790255,16397,1144
28926.821595,2432807340,2432808481,16318,1141
28926.833618,2432816448,2432817593,16399,1145
28926.857663,2432834718,2432835869,16314,1151
28926.869685,2432843881,2432845027,16321,1146
28926.887720,2432857588,2432858733,16387,1145
28926.899736,2432866736,2432867870,16248,1134
28926.911765,2432875872,2432877013,16305,1141
28926.923790,2432884993,2432886133,16377,1140
28926.935807,2432894107,2432895243,16281,1136
28926.947833,2432903233,2432904368,16317,1135
28926.959858,2432912373,2432913518,16399,1145
28926.977892,2432926055,2432927197,16400,1142
28926.989908,2432935163,2432936303,16258,1140
28927.001939,2432944287,2432945423,16316,1136
28927.013961,2432953413,2432954559,16403,1146
28927.031995,2432967102,2432968229,16403,1127
28927.044010,2432976225,2432977371,16236,1146
28927.056041,2432985363,2432986509,16319,1146
28927.068062,2432994473,2432995618,16240,1145
28927.080079,2433003622,2433004759,16251,1137
28927.092109,2433012726,2433013866,16315,1140
28927.104132,2433021875,2433023016,16400,1141
28927.117161,2433033241,2433034379,16316,1138
28927.137194,2433046915,2433048052,16317,1137
28927.149218,2433056031,2433057170,16315,1139
28927.161234,2433065162,2433066302,16240,1140
28927.173262,2433074312,2433075458,16222,1146
28927.188285,2433085753,2433086893,16247,1140
28927.200315,2433094897,2433096040,16310,1143
28927.221356,2433110826,2433111963,16377,1137
28927.233371,2433119959,2433121104,16237,1145
28927.245401,2433129104,2433130250,16315,1146
28927.296491,2433167883,2433169029,16240,1146
28927.308517,2433177026,2433178163,16313,1137
28927.320541,2433186176,2433187312,16373,1136
28927.341576,2433202123,2433203264,16253,1141
28927.353604,2433211281,2433212427,16315,1146
28927.365626,2433220419,2433221562,16321,1143
28927.444781,2433282059,2433283205,16385,1146
28927.461811,2433293461,2433294599,16334,1138
28927.473833,2433302605,2433303750,16371,1145
28927.503879,2433325566,2433326698,16068,1132
28927.515914,2433334622,2433335764,16414,1142
28927.527928,2433343690,2433344836,16301,1146
28927.539951,2433352775,2433353918,16027,1143
28927.551980,2433361889,2433363030,16361,1141
28927.564000,2433370981,2433372128,16261,1147
28927.576019,2433380077,2433381220,15993,1143
28927.594053,2433393713,2433394839,16025,1126
28927.606087,2433402799,2433403933,16371,1134
28927.618106,2433411858,2433412999,16357,1141
28927.630125,2433420946,2433422083,16229,1137
28927.660186,2433443602,2433444734,16358,1132
28927.672207,2433452723,2433453861,16345,1138
28927.684225,2433461793,2433462932,16033,1139
28927.696256,2433470901,2433472021,16210,1120
28927.708276,2433479976,2433481121,16343,1145
28927.729311,2433495911,2433497054,16026,1143
28927.760376,2433520938,2433522079,16268,1141
28927.849546,2433586831,2433587977,16368,1146
28927.861566,2433595952,2433597090,16269,1138
28927.885615,2433614162,2433615304,16369,1142
28927.900637,2433625489,2433626629,16035,1140
28927.912670,2433634590,2433635731,16418,1141
28927.964769,2433675524,2433676666,16490,1142
28927.984803,2433689168,2433690309,16446,1141
28927.996823,2433698258,2433699395,16379,1137
28928.068962,2433752838,2433753982,16348,1144
28928.080979,2433761918,2433763050,16077,1132
28928.105029,2433780119,2433781256,16372,1137
28928.117048,2433789185,2433790328,16027,1143
28928.133091,2433802795,2433803926,16028,1131
28928.168150,2433827759,2433828892,16342,1133
28928.180168,2433836831,2433837965,16025,1134
28928.192197,2433845927,2433847071,16361,1144
28928.204216,2433855035,2433856180,16357,1145
28928.216237,2433864112,2433865256,16026,1144
28928.228266,2433873228,2433874365,16356,1137
28928.240285,2433882271,2433883407,16358,1136
28928.252305,2433891365,2433892503,15994,1138
28928.264339,2433900487,2433901612,16380,1125
28928.276355,2433909578,2433910715,16374,1137
28928.291386,2433920932,2433922078,16362,1146
28928.324443,2433945855,2433946991,16032,1136
28928.336471,2433954948,2433956087,16362,1139
28928.348492,2433964014,2433965157,16459,1143
28928.396580,2434000375,2434001507,16031,1132
28928.408612,2434009448,2434010587,16492,1139
28928.420626,2434018554,2434019694,16290,1140
28928.489763,2434070807,2434071948,16359,1141
28928.501786,2434079912,2434081057,16374,1145
28928.531835,2434102642,2434103791,16026,1149
28928.543867,2434111751,2434112878,16401,1127
28928.555887,2434120796,2434121933,16277,1137
28928.567909,2434129881,2434131024,16038,1143
28928.579935,2434138952,2434140082,16445,1130
28928.600972,2434154869,2434156009,16330,1140
28928.612991,2434163941,2434165084,16032,1143
28928.625020,2434173017,2434174157,16366,1140
28928.694146,2434225228,2434226366,16108,1138
28928.706178,2434234337,2434235479,16495,1142
28928.736231,2434257112,2434258245,16346,1133
28928.754264,2434270796,2434271929,16348,1133
28928.766283,2434279862,2434281002,15998,1140
28928.811369,2434313831,2434314962,16109,1131
28928.823397,2434322919,2434324057,16364,1138
28928.835419,2434332045,2434333176,16341,1131
28928.847437,2434341112,2434342236,16031,1124
28928.859472,2434350189,2434351305,16221,1116
28928.871486,2434359245,2434360385,16372,1140
28928.904555,2434384197,2434385325,16409,1128
28928.916573,2434393236,2434394387,16378,1151
28928.940621,2434411426,2434412572,16358,1146
28928.952641,2434420551,2434421693,16250,1142
28928.964658,2434429674,2434430816,15993,1142
28928.979693,2434441046,2434442183,16370,1137
28929.012758,2434466008,2434467153,16373,1145
28929.024774,2434475099,2434476240,16291,1141
28929.036797,2434484185,2434485323,16028,1138
28929.063852,2434504670,2434505797,16014,1127
28929.075880,2434513729,2434514854,16216,1125
28929.087902,2434522779,2434523912,16372,1133
28929.108937,2434538707,2434539830,16238,1123
28929.120964,2434547753,2434548894,16366,1141
28929.135986,2434559106,2434560240,16109,1134
28929.148015,2434568190,2434569327,16440,1137
28929.160037,2434577391,2434578534,16342,1143
28929.172058,2434586471,2434587612,16315,1141
28929.184083,2434595530,2434596659,16439,1129
28929.196104,2434604597,2434605730,16382,1133
28929.217141,2434620459,2434621590,16107,1131
28929.229169,2434629531,2434630669,16442,1138
28929.244192,2434640871,2434641999,16071,1128
28929.256225,2434649988,2434651126,16380,1138
28929.268241,2434659039,2434660177,16369,1138
28929.280260,2434668080,2434669201,16031,1121
28929.292289,2434677138,2434678268,16347,1130
28929.344393,2434717933,2434719068,16356,1135
28929.367429,2434733848,2434734984,16370,1136
28929.379452,2434742937,2434744078,16312,1141
28929.391480,2434752019,2434753138,16294,1119
28929.403499,2434761103,2434762254,16425,1151
28929.415518,2434770156,2434771293,16030,1137
28929.427549,2434779245,2434780370,16221,1125
28929.439567,2434788293,2434789432,16380,1139
28929.460603,2434804216,2434805359,15988,1143
28929.472633,2434813319,2434814465,16448,1146
28929.523723,2434851831,2434852958,16072,1127
28929.535752,2434860894,2434862040,16464,1146
28929.547773,2434870004,2434871148,16262,1144
28929.559796,2434879388,2434880516,16215,1128
28929.571823,2434888495,2434889633,16379,1138
28929.583841,2434897593,2434898728,16374,1135
28929.595868,2434906631,2434907762,16116,1131
28929.613899,2434920241,2434921383,16042,1142
28929.625924,2434929329,2434930475,16361,1146
28929.640946,2434940647,2434941781,16031,1134
28929.652980,2434949739,2434950874,16371,1135
28929.664997,2434958814,2434959955,16380,1141
28929.677015,2434967912,2434969048,15991,1136
28929.692047,2434979280,2434980425,16367,1145
28929.761181,2435031441,2435032576,16361,1135
28929.773203,2435040881,2435042024,16350,1143
28929.785221,2435049941,2435051071,15997,1130
28929.863372,2435108814,2435109957,16355,1143
28929.875392,2435117889,2435119027,16032,1138
28929.896441,2435133837,2435134971,16407,1134
28929.908459,2435142945,2435144090,16375,1145
28929.968576,2435188443,2435189584,16363,1141
28929.980599,2435197871,2435199012,16365,1141
28930.073769,2435268264,2435269400,16109,1136
28930.085799,2435277363,2435278502,16370,1139
28930.151923,2435327249,2435328384,16427,1135
28930.163941,2435336275,2435337414,16031,1139
28930.175970,2435345390,2435346521,16366,1131
28930.218043,2435377420,2435378558,16033,1138
28930.230073,2435386482,2435387618,16444,1136
28930.248113,2435400181,2435401303,16299,1122
28930.260128,2435409271,2435410408,16457,1137
28930.272149,2435418388,2435419523,16239,1135
28930.284180,2435427504,2435428649,16321,1145
28930.296203,2435436668,2435437817,16403,1149
28930.308218,2435445842,2435446983,16236,1141
28930.320247,2435454984,2435456128,16318,1144
28930.332271,2435464099,2435465255,16402,1156
28930.344286,2435473255,2435474383,16252,1128
28930.356313,2435482339,2435483481,16358,1142
28930.368333,2435491458,2435492597,16371,1139
28930.380356,2435500512,2435501649,16070,1137
28930.392384,2435509644,2435510780,16406,1136
28930.407404,2435521004,2435522138,15990,1134
28930.443475,2435548279,2435549414,16314,1135
28930.455503,2435557379,2435558524,16458,1145
28930.467522,2435566482,2435567621,16458,1139
28930.479544,2435575553,2435576689,16219,1136
28930.491573,2435584653,2435585789,16417,1136
28930.503589,2435593725,2435594870,16370,1145
28930.515609,2435602805,2435603943,16106,1138
28930.527639,2435611898,2435613035,16366,1137
28930.539659,2435620997,2435622139,16266,1142
28930.557692,2435634602,2435635738,16401,1136
28930.569713,2435643673,2435644816,16108,1143
28930.587755,2435657287,2435658423,16194,1136
28930.599776,2435666351,2435667481,16438,1130
28930.611796,2435675432,2435676571,16336,1139
28930.623815,2435684490,2435685627,16109,1137
28930.665899,2435716250,2435717383,16372,1133
28930.677918,2435725281,2435726419,16030,1138
28930.716999,2435754798,2435755931,16349,1133
28930.729020,2435763876,2435765003,16380,1127
28930.792142,2435811610,2435812749,16365,1139
28930.804159,2435820710,2435821842,16029,1132
28930.816188,2435829780,2435830916,16363,1136
28930.828208,2435838847,2435839984,16384,1137
28930.840232,2435847930,2435849072,16259,1142
28930.852256,2435857029,2435858175,16367,1146
28930.864277,2435866124,2435867269,16460,1145
28930.885320,2435881993,2435883127,16115,1134
28930.897344,2435891103,2435892236,16473,1133
28930.921381,2435909300,2435910434,16109,1134
28930.933410,2435918405,2435919556,16360,1151
28930.984505,2435956955,2435958103,16075,1148
28930.996530,2435966083,2435967227,16360,1144
28931.017568,2435982019,2435983148,16377,1129
28931.029587,2435991065,2435992203,16109,1138
28931.132789,2436070370,2436071498,16257,1128
28931.176873,2436102111,2436103249,16443,1138
28931.188897,2436111184,2436112322,16447,1138
28931.203925,2436122533,2436123670,16370,1137
28931.215947,2436131650,2436132782,16346,1132
28931.227964,2436140718,2436141851,15993,1133
28931.245999,2436154382,2436155524,15989,1142
28931.258028,2436163443,2436164579,16360,1136
28931.273050,2436174768,2436175904,16031,1136
28931.285082,2436183873,2436185019,16415,1146
28931.297100,2436192946,2436194085,16463,1139
28931.348199,2436231520,2436232662,16359,1142
28931.360219,2436240575,2436241713,16377,1138
28931.378250,2436254156,2436255290,16291,1134
28931.390273,2436263239,2436264377,16025,1138
28931.408306,2436276876,2436278014,15992,1138
28931.420337,2436285939,2436287075,16452,1136
28931.453393,2436310977,2436312111,16109,1134
28931.465422,2436320068,2436321205,16439,1137
28931.477443,2436329183,2436330318,16458,1135
28931.555594,2436388071,2436389210,16357,1139
28931.567613,2436397174,2436398308,16365,1134
28931.579641,2436406232,2436407371,16116,1139
28931.597667,2436419862,2436420994,16107,1132
28931.609696,2436428928,2436430069,16446,1141
28931.624719,2436440282,2436441420,15995,1138
28931.636753,2436449386,2436450519,16378,1133
28931.664801,2436472008,2436473145,16329,1137
28931.687839,2436487871,2436489007,16108,1136
28931.699868,2436496965,2436498101,16445,1136
28931.711888,2436506042,2436507185,16378,1143
28931.729922,2436519647,2436520784,16324,1137
28931.741942,2436528757,2436529888,16073,1131
28931.772005,2436551441,2436552574,16440,1133
28931.784028,2436560519,2436561659,16365,1140
28931.796044,2436569582,2436570718,16110,1136
28931.814078,2436583170,2436584313,16025,1143
28931.826108,2436592239,2436593376,16358,1137
28931.874198,2436628558,2436629695,16375,1137
28931.886217,2436637625,2436638755,16030,1130
28931.913268,2436658036,2436659167,16032,1131
28931.925297,2436667078,2436668219,16366,1141
28931.979403,2436707907,2436709049,16532,1142
28931.991420,2436716985,2436718116,16417,1131
28932.003439,2436726034,2436727168,16032,1134
28932.015468,2436735098,2436736225,16353,1127
28932.027489,2436744207,2436745339,16268,1132
28932.039508,2436753276,2436754419,15998,1143
28932.051537,2436762382,2436763519,16368,1137
28932.063558,2436771460,2436772597,16424,1137
28932.075584,2436780577,2436781715,16161,1138
28932.087608,2436789672,2436790788,16292,1116
28932.195811,2436871332,2436872475,16436,1143
28932.207831,2436880432,2436881577,16381,1145
28932.219851,2436889480,2436890618,16031,1138
28932.231884,2436898596,2436899741,16367,1145
28932.243900,2436907684,2436908815,16452,1131
28932.255920,2436916757,2436917900,16113,1143
28932.267948,2436925795,2436926930,16445,1135
28932.279972,2436934826,2436935956,16368,1130
28932.291988,2436943834,2436944964,16031,1130
28932.304017,2436952916,2436954062,16366,1146
28932.316037,2436962031,2436963175,16379,1144
28932.328059,2436971114,2436972262,16229,1148
28932.340085,2436980195,2436981332,16363,1137
28932.352106,2436989285,2436990421,16376,1136
28932.364125,2436998358,2436999486,16030,1128
28932.376157,2437007443,2437008584,16412,1141
28932.388176,2437016517,2437017645,16351,1128
28932.400194,2437025545,2437026676,16030,1131
28932.412223,2437034613,2437035758,16356,1145
28932.424243,2437043726,2437044865,16267,1139
28932.436259,2437053026,2437054158,16033,1132
28932.448291,2437062115,2437063252,16356,1137
28932.460310,2437071235,2437072375,16360,1140
28932.472338,2437080301,2437081433,16114,1132
28932.499389,2437094044,2437094649,11967,605
28932.512916,2437099086,2437099903,13380,817
28932.524940,2437107781,2437108914,16399,1133
28932.536958,2437116823,2437117966,16374,1143
28932.548977,2437125862,2437126997,16031,1135
28932.561012,2437134954,2437136097,16371,1143
28932.577039,2437148545,2437149683,16366,1138
28932.624128,2437182496,2437183629,16402,1133
28932.636148,2437191561,2437192694,16380,1133
28932.648165,2437200635,2437201759,15992,1124
28932.660194,2437209713,2437210846,16441,1133
28932.672215,2437218770,2437219912,16267,1142
28932.684233,2437227845,2437228988,15999,1143
28932.696263,2437236912,2437238058,16442,1146
28932.708283,2437245983,2437247118,16458,1135
28932.720310,2437255041,2437256179,16111,1138
28932.732335,2437264125,2437265267,16457,1142
28932.744351,2437273210,2437274353,16374,1143
28932.756371,2437282285,2437283423,16030,1138
28932.771404,2437293664,2437294800,16331,1136
28932.807472,2437320926,2437322068,16375,1142
28932.819499,2437329998,2437331136,16119,1138
28932.831520,2437339051,2437340197,16353,1146
28932.843541,2437348367,2437349501,16375,1134
28932.855560,2437357434,2437358570,16032,1136
28932.867593,2437366553,2437367695,16278,1142
28932.903657,2437393807,2437394947,16362,1140
28932.915678,2437402889,2437404027,16377,1138
28932.927696,2437411969,2437413107,16111,1138
28932.939726,2437421026,2437422159,16440,1133
28932.951746,2437430104,2437431242,16460,1138
28932.963769,2437439131,2437440274,16124,1143
28932.975798,2437448272,2437449417,16375,1145
28932.987816,2437457390,2437458513,16423,1123
28933.001340,2437465803,2437466932,16291,1129
28933.013360,2437474856,2437475999,15999,1143
28933.025393,2437483955,2437485093,16368,1138
28933.037409,2437493032,2437494170,16370,1138
28933.049428,2437502285,2437503421,16032,1136
28933.061457,2437511357,2437512501,16355,1144
28933.076480,2437522677,2437523812,16030,1135
28933.088508,2437531759,2437532898,16355,1139
28933.103531,2437543109,2437544240,16033,1131
28933.115559,2437552189,2437553335,16349,1146
28933.127582,2437561275,2437562413,16312,1138
28933.139600,2437570328,2437571458,16115,1130
28933.151629,2437579364,2437580502,16359,1138
28933.163649,2437588439,2437589579,16458,1140
28933.175668,2437597492,2437598622,16035,1130
28933.187698,2437606566,2437607707,16370,1141
28933.199718,2437615651,2437616789,16378,1138
28933.211737,2437624693,2437625836,16030,1143
28933.223770,2437633762,2437634894,16377,1132
28933.235784,2437642839,2437643979,16438,1140
28933.247811,2437651939,2437653072,16324,1133
28933.259837,2437661064,2437662198,16359,1134
28933.271858,2437670127,2437671264,16441,1137
28933.283874,2437679205,2437680348,16112,1143
28933.295903,2437688294,2437689436,16434,1142
28933.307924,2437697370,2437698508,16375,1138
28933.319948,2437706415,2437707556,16264,1141
28933.353011,2437731428,2437732568,16347,1140
28933.365039,2437740485,2437741621,16191,1136
28933.380061,2437751841,2437752985,16381,1144
28933.392080,2437760935,2437762071,16000,1136
28933.404108,2437769960,2437771093,16357,1133
28933.416129,2437779007,2437780137,16266,1130
28933.428149,2437788080,2437789212,15999,1132
28933.446187,2437801683,2437802826,16128,1143
28933.458211,2437810771,2437811908,16444,1137
28933.473235,2437822112,2437823243,16102,1131
28933.485263,2437831168,2437832306,16441,1138
28933.497282,2437840256,2437841389,16364,1133
28933.521336,2437858402,2437859548,16373,1146
28933.533352,2437867508,2437868648,16416,1140
28933.552397,2437883403,2437884541,16027,1138
28933.575438,2437899300,2437900427,16365,1127
28933.587455,2437908350,2437909474,16463,1124
28933.599474,2437917383,2437918514,16032,1131
28933.611503,2437926466,2437927607,16354,1141
28933.623526,2437935558,2437936696,16343,1138
28933.635543,2437944660,2437945796,16013,1136
28933.653577,2437958285,2437959416,16108,1131
28933.665609,2437967411,2437968534,16401,1123
28933.677628,2437976520,2437977661,16351,1141
28933.689646,2437985631,2437986774,15999,1143
28933.704678,2437996984,2437998121,16370,1137
28933.716700,2438006048,2438007181,16318,1133
28933.737743,2438021951,2438023093,16363,1142
28933.749765,2438031047,2438032187,16387,1140
28933.779817,2438053798,2438054941,16110,1143
28933.791846,2438062885,2438064022,16357,1137
28933.803863,2438071981,2438073127,16297,1146
28933.815888,2438081075,2438082221,16323,1146
28933.827915,2438090143,2438091289,16350,1146
28933.860979,2438115086,2438116229,16115,1143
28933.873000,2438124170,2438125308,16359,1138
28933.897043,2438142312,2438143445,16297,1133
28933.909071,2438151407,2438152522,16210,1115
28933.948141,2438180851,2438181989,16367,1138
28933.960168,2438189908,2438191043,16202,1135
28933.972189,2438198973,2438200115,16351,1142
28933.984210,2438208055,2438209179,16376,1124
28934.014266,2438230760,2438231906,16323,1146
28934.026292,2438239869,2438241013,16441,1144
28934.065367,2438269437,2438270574,16361,1137
28934.077383,2438278476,2438279606,15992,1130
28934.101433,2438296622,2438297752,16330,1130
28934.113455,2438305661,2438306801,16146,1140
28934.125481,2438314768,2438315908,16440,1140
28934.137501,2438323848,2438324994,16370,1146
28934.155536,2438337484,2438338621,16381,1137
28934.167555,2438346565,2438347699,16005,1134
28934.179588,2438355651,2438356797,16450,1146
28934.197618,2438369268,2438370406,16346,1138
28934.209639,2438378357,2438379493,16349,1136
28934.221657,2438387394,2438388530,16074,1136
28934.233686,2438396523,2438397660,16362,1137
28934.245707,2438405602,2438406747,16432,1145
28934.260740,2438416927,2438418073,16443,1146
28934.272758,2438425989,2438427118,16381,1129
28934.284777,2438435218,2438436359,16111,1141
28934.296810,2438444312,2438445442,16454,1130
28934.324863,2438467064,2438468203,16371,1139
28934.344896,2438480695,2438481833,16373,1138
28934.356922,2438489740,2438490874,16094,1134
28934.377960,2438505596,2438506733,16356,1137
28934.389983,2438514678,2438515807,16347,1129
28934.429052,2438544148,2438545274,16115,1126
28934.441085,2438553233,2438554371,16455,1138
28934.453103,2438562328,2438563451,16351,1123
28934.465120,2438571346,2438572481,16034,1135
28934.477150,2438580418,2438581556,16356,1138
28934.498187,2438596314,2438597454,16413,1140
28934.510211,2438605386,2438606522,16260,1136
28934.534256,2438623588,2438624734,16381,1146
28934.567321,2438648549,2438649687,16358,1138
28934.579342,2438657623,2438658769,16374,1146
28934.591360,2438666690,2438667821,16034,1131
28934.609397,2438680321,2438681459,16252,1138
28934.621424,2438689428,2438690570,16442,1142
28934.633446,2438698548,2438699694,16433,1146
28934.645463,2438707661,2438708809,16031,1148
28934.657495,2438716783,2438717922,16399,1139
28934.684545,2438737198,2438738344,16374,1146
28934.696566,2438746326,2438747459,16387,1133
28934.723615,2438766744,2438767882,16449,1138
28934.735635,2438775826,2438776964,15961,1138
28934.747664,2438784883,2438786021,16352,1138
28934.759687,2438793969,2438795113,16272,1144
28934.771704,2438803029,2438804151,16082,1122
28934.783733,2438812104,2438813249,16363,1145
28934.795755,2438821199,2438822327,16386,1128
28934.807775,2438830288,2438831416,16224,1128
28934.819801,2438839388,2438840534,16366,1146
28934.837837,2438853056,2438854184,16463,1128
28934.849856,2438862099,2438863237,16463,1138
28934.891940,2438893879,2438895006,16371,1127
28934.903959,2438902943,2438904081,16220,1138
28934.915978,2438912019,2438913149,16004,1130
28934.928007,2438921075,2438922217,16355,1142
28934.940027,2438930148,2438931288,16377,1140
28934.952054,2438939226,2438940369,16117,1143
28934.964075,2438948332,2438949469,16441,1137
28934.976096,2438957371,2438958499,16377,1128
28934.988115,2438966397,2438967540,16036,1143
28935.000144,2438975485,2438976618,16362,1133
28935.012166,2438984553,2438985686,16352,1133
28935.024184,2438993634,2438994755,16116,1121
28935.042218,2439007215,2439008348,16031,1133
28935.054250,2439016282,2439017423,16407,1141
28935.096321,2439047989,2439049120,16115,1131
28935.108354,2439057083,2439058205,16375,1122
28935.160455,2439097863,2439099014,16431,1151
28935.177475,2439109181,2439110315,16034,1134
28935.189504,2439118251,2439119386,16360,1135
28935.207544,2439131860,2439132978,16210,1118
28935.264645,2439174863,2439176000,16375,1137
28935.276661,2439183944,2439185080,15912,1136
28935.288695,2439193023,2439194153,16390,1130
28935.303718,2439204357,2439205503,16235,1146
28935.315744,2439213454,2439214586,16443,1132
28935.327765,2439222520,2439223649,16382,1129
28935.339789,2439231629,2439232776,16349,1147
28935.351815,2439240795,2439241946,16325,1151
28935.363840,2439249957,2439251113,16330,1156
28935.375856,2439259127,2439260273,16218,1146
28935.387884,2439268275,2439269414,16313,1139
28935.399907,2439277431,2439278569,16322,1138
28935.411924,2439286589,2439287729,16338,1140
28935.423952,2439295663,2439296782,16209,1119
28935.435971,2439304739,2439305876,16382,1137
28935.447998,2439313824,2439314953,16122,1129
28935.460019,2439322895,2439324034,16441,1139
28935.478053,2439336516,2439337659,16433,1143
28935.490075,2439345624,2439346766,16353,1142
28935.508109,2439359272,2439360399,16428,1127
28935.520127,2439368343,2439369486,16038,1143
28935.532156,2439377435,2439378570,16363,1135
28935.544176,2439386480,2439387618,16464,1138
28935.556195,2439395526,2439396662,16076,1136
28935.568224,2439404634,2439405776,16438,1142
28935.580245,2439413747,2439414898,16457,1151
28935.592264,2439422873,2439424014,16037,1141
28935.613310,2439438789,2439439922,16352,1133
28935.625331,2439447865,2439449010,16458,1145
28935.700473,2439504487,2439505620,16236,1133
28935.712501,2439513572,2439514711,16374,1139
28935.728534,2439527153,2439528286,16348,1133
28935.748570,2439540757,2439541893,16457,1136
28935.760588,2439549842,2439550980,16377,1138
28935.775619,2439561186,2439562329,16452,1143
28935.787639,2439570280,2439571420,16458,1140
28935.799661,2439579384,2439580517,16299,1133
28935.811691,2439588467,2439589595,16386,1128
28935.823708,2439597551,2439598691,16378,1140
28935.835727,2439606612,2439607748,15953,1136
28935.847759,2439615742,2439616879,16369,1137
28935.865792,2439629298,2439630411,16210,1113
28935.877809,2439638381,2439639523,16450,1142
28935.908877,2439663349,2439664495,16356,1146
28935.928910,2439676975,2439678113,16349,1138
28935.940931,2439686049,2439687188,16245,1139
28935.964979,2439704203,2439705344,16350,1141
28935.977000,2439713279,2439714409,16378,1130
28935.989019,2439722347,2439723495,15956,1148
28936.013069,2439740567,2439741699,16377,1132
28936.025090,2439749663,2439750800,16151,1137
28936.085205,2439795004,2439796149,16375,1145
28936.097227,2439804094,2439805230,16254,1136
28936.113267,2439817747,2439818884,16231,1137
28936.127289,2439826933,2439828067,16375,1134
28936.139308,2439836015,2439837148,16287,1133
28936.151327,2439845064,2439846190,16112,1126
28936.163356,2439854107,2439855240,16435,1133
28936.175375,2439863186,2439864326,16360,1140
28936.193411,2439876790,2439877936,16347,1146
28936.205432,2439885916,2439887053,16077,1137
28936.223465,2439899560,2439900698,16116,1138
28936.235495,2439908634,2439909780,16372,1146
28936.247517,2439917753,2439918893,16362,1140
28936.259537,2439926797,2439927936,16076,1139
28936.271562,2439935886,2439937026,16363,1140
28936.283579,2439944975,2439946121,16304,1146
28936.295604,2439954071,2439955209,16222,1138
28936.307635,2439963192,2439964351,16452,1159
28936.328668,2439979090,2439980228,16376,1138
28936.340695,2439988169,2439989298,16119,1129
28936.352716,2439997234,2439998380,16360,1146
28936.364738,2440006350,2440007488,16343,1138
28936.391789,2440026759,2440027896,16272,1137
28936.403807,2440035848,2440036981,15999,1133
28936.415838,2440044947,2440046067,16209,1120
28936.427859,2440054023,2440055163,16321,1140
28936.439888,2440063126,2440064261,16393,1135
28936.451905,2440072220,2440073353,16360,1133
28936.463926,2440081297,2440082435,16371,1138
28936.475945,2440090366,2440091510,16035,1144
28936.487973,2440099436,2440100573,16355,1137
28936.536063,2440135785,2440136918,16374,1133
28936.549590,2440146330,2440147476,16346,1146
28936.561611,2440155418,2440156548,16153,1130
28936.573641,2440164548,2440165678,16375,1130
28936.624728,2440203056,2440204190,16113,1134
28936.639760,2440214385,2440215524,16261,1139
28936.681844,2440246172,2440247314,16381,1142
28936.693865,2440255243,2440256386,16361,1143
28936.705882,2440264298,2440265433,16120,1135
28936.741953,2440291600,2440292742,16236,1142
28936.753984,2440300942,2440302088,16371,1146
28936.808083,2440341729,2440342873,16359,1144
28936.820103,2440350809,2440351942,16373,1133
28936.832122,2440359869,2440361010,16032,1141
28936.845155,2440371230,2440372367,16282,1137
28936.874202,2440391684,2440392827,16290,1143
28936.886235,2440400809,2440401946,16308,1137
28936.898254,2440409908,2440411042,16352,1134
28936.937324,2440439384,2440440517,16247,1133
28936.949345,2440448457,2440449587,15991,1130
28936.961374,2440457743,2440458888,16354,1145
28936.973394,2440466813,2440467940,16370,1127
28936.985421,2440475850,2440476986,16113,1136
28936.997443,2440484906,2440486039,16360,1133
28937.009463,2440493946,2440495084,16367,1138
28937.052549,2440527968,2440529099,16306,1131
28937.156739,2440605023,2440606152,16030,1129
28937.168770,2440614151,2440615278,16458,1127
28937.189809,2440630006,2440631137,16360,1131
28937.201825,2440639030,2440640161,16023,1131
28937.261943,2440684409,2440685542,16454,1133
28937.273962,2440693449,2440694580,16064,1131
28937.322060,2440729695,2440730833,16361,1138
28937.334080,2440738798,2440739926,16251,1128
28937.346100,2440747866,2440749001,15993,1135
28937.358128,2440756904,2440758042,16440,1138
28937.370149,2440765965,2440767103,16417,1138
28937.416740,2440801444,2440802573,16368,1129
28937.428760,2440810494,2440811639,16336,1145
28937.449797,2440826356,2440827477,16029,1121
28937.461825,2440835369,2440836507,16357,1138
28937.476849,2440846712,2440847843,16112,1131
28937.488883,2440855762,2440856881,16258,1119
28937.500899,2440864856,2440866002,16296,1146
28937.576037,2440921449,2440922580,16036,1131
28937.588071,2440930526,2440931661,16370,1135
28937.600087,2440939595,2440940733,16335,1138
28937.612105,2440948627,2440949766,15950,1139
28937.624134,2440957705,2440958836,16274,1131
28937.681241,2441000691,2441001837,16266,1146
28937.693260,2441009788,2441010922,15995,1134
28937.780429,2441075463,2441076596,16260,1133
28937.792451,2441084842,2441085983,16230,1141
28937.831532,2441114379,2441115519,16407,1140
28937.843549,2441123469,2441124615,16372,1146
28937.855572,2441132540,2441133677,15967,1137
28937.867597,2441141579,2441142721,16315,1142
28937.888637,2441157451,2441158579,16343,1128
28937.900651,2441166563,2441167690,15917,1127
28937.912683,2441175646,2441176791,16272,1145
28937.927715,2441187016,2441188155,16303,1139
28937.984824,2441230091,2441231227,16364,1136
28937.996843,2441239189,2441240326,16403,1137
28938.008860,2441248237,2441249378,16073,1141
28938.020889,2441257288,2441258426,16445,1138
28938.096029,2441313879,2441315012,16455,1133
28938.108048,2441322922,2441324062,16108,1140
28938.120077,2441332026,2441333172,16440,1146
28938.132101,2441341105,2441342237,16443,1132
28938.144117,2441350144,2441351275,16109,1131
28938.156148,2441359184,2441360293,16216,1109
28938.168167,2441368243,2441369377,16374,1134
28938.192215,2441386377,2441387510,16366,1133
28938.204237,2441395490,2441396613,16429,1123
28938.216255,2441404519,2441405655,16073,1136
28938.228287,2441413565,2441414698,16406,1133
28938.240303,2441422613,2441423762,16376,1149
28938.312441,2441476969,2441478102,16372,1133
28938.324468,2441486029,2441487168,16111,1139
28938.345508,2441501916,2441503049,16383,1133
28938.357526,2441510972,2441512111,16372,1139
28938.396601,2441540455,2441541593,16075,1138
28938.408626,2441549543,2441550684,16372,1141
28938.441683,2441574559,2441575702,16031,1143
28938.453712,2441583676,2441584811,16359,1135
28938.519836,2441633593,2441634722,16342,1129
28938.531854,2441642634,2441643777,16027,1143
28938.543884,2441651720,2441652850,16356,1130
28938.561920,2441665292,2441666410,16211,1118
28938.573938,2441674328,2441675458,16348,1130
28938.600990,2441694779,2441695919,16376,1140
28938.613009,2441703849,2441704980,16034,1131
28938.625042,2441712922,2441714055,16411,1133
28938.637059,2441721981,2441723114,16372,1133
28938.649077,2441731016,2441732143,15998,1127
28938.694163,2441765074,2441766201,16025,1127
28938.706192,2441774111,2441775248,16314,1137
28938.721222,2441785421,2441786550,16107,1129
28938.736247,2441796771,2441797917,16374,1146
28938.748266,2441805852,2441806983,15913,1131
28938.760295,2441814904,2441816050,16269,1146
28938.772316,2441823987,2441825123,16173,1136
28938.793352,2441839803,2441840933,16026,1130
28938.805385,2441848868,2441849991,16191,1123
28938.817403,2441857982,2441859116,16426,1134
28938.844449,2441878361,2441879492,16298,1131
28938.856472,2441887435,2441888580,15993,1145
28938.877522,2441903351,2441904492,16369,1141
28938.889539,2441912431,2441913561,16286,1130
28938.904574,2441923725,2441924834,16237,1109
28938.919599,2441935003,2441936139,16078,1136
28938.931625,2441944051,2441945168,16172,1117
28938.943643,2441953125,2441954258,16341,1133
28938.955662,2441962142,2441963277,16030,1135
28938.967689,2441971217,2441972363,16359,1146
28938.979711,2441980336,2441981476,16344,1140
28939.012775,2442005228,2442006366,16365,1138
28939.024799,2442014332,2442015467,16321,1135
28939.036815,2442023407,2442024544,16073,1137
28939.052858,2442036977,2442038108,16030,1131
28939.069881,2442048372,2442049507,16340,1135
28939.081900,2442057473,2442058609,15996,1136
28939.157050,2442114028,2442115167,16446,1139
28939.169070,2442123072,2442124204,16271,1132
28939.220172,2442161562,2442162695,16402,1133
28939.232191,2442170658,2442171791,16346,1133
28939.244209,2442179672,2442180797,16026,1125
28939.259242,2442191011,2442192153,16456,1142
28939.304327,2442225126,2442226259,16374,1133
28939.316354,2442234150,2442235293,16053,1143
28939.328380,2442243293,2442244434,16375,1141
28939.361434,2442268285,2442269423,16065,1138
28939.373466,2442277418,2442278565,16348,1147
28939.385482,2442286524,2442287657,16463,1133
28939.397503,2442295573,2442296712,16294,1139
28939.424552,2442315992,2442317135,16030,1143
28939.436581,2442325111,2442326251,16408,1140
28939.463633,2442345449,2442346582,16365,1133
28939.475655,2442354558,2442355696,16435,1138
28939.487672,2442363606,2442364731,15999,1125
28939.508719,2442379473,2442380613,16436,1140
28939.520742,2442388520,2442389651,16338,1131
28939.571843,2442427034,2442428170,16365,1136
28939.583859,2442436103,2442437231,16462,1128
28939.595878,2442445129,2442446265,15949,1136
28939.607907,2442454164,2442455297,16356,1133
28939.619931,2442463205,2442464340,16315,1135
28939.643975,2442481346,2442482473,16353,1127
28939.655999,2442490410,2442491548,16317,1138
28939.668018,2442499485,2442500631,16235,1146
28939.680044,2442508559,2442509700,16359,1141
28939.692065,2442517679,2442518819,16375,1140
28939.704084,2442526739,2442527865,16110,1126
28939.716115,2442535838,2442536968,16457,1130
28939.728133,2442544889,2442546035,16458,1146
28939.740151,2442553953,2442555089,16031,1136
28939.752183,2442563001,2442564134,16387,1133
28939.764202,2442572079,2442573224,16255,1145
28939.782236,2442585709,2442586842,16459,1133
28939.794258,2442594762,2442595900,16147,1138
28939.815304,2442610622,2442611750,16487,1128
28939.827319,2442619689,2442620824,16381,1135
28939.839341,2442628776,2442629919,16003,1143
28939.851372,2442637868,2442639006,16394,1138
28939.863390,2442646959,2442648092,16161,1133
28939.875410,2442656011,2442657137,15996,1126
28939.899461,2442674143,2442675270,16341,1127
28939.911486,2442683224,2442684367,16074,1143
28939.923509,2442692275,2442693392,16215,1117
28939.935527,2442701337,2442702474,16333,1137
28939.947547,2442710389,2442711511,16111,1122
28939.959576,2442719428,2442720567,16440,1139
28939.971597,2442728518,2442729653,16353,1135
28939.983615,2442737568,2442738706,16110,1138
28940.007665,2442755682,2442756811,16461,1129
28940.019684,2442764713,2442765840,16078,1127
28940.031714,2442773767,2442774905,16463,1138
28940.043733,2442782834,2442783974,16463,1140
28940.055757,2442791955,2442793097,16229,1142
28940.067786,2442801085,2442802218,16354,1133
28940.079802,2442810110,2442811250,16374,1140
28940.097838,2442823736,2442824871,16340,1135
28940.109863,2442832809,2442833942,16113,1133
28940.218059,2442914486,2442915614,16103,1128
28940.230090,2442923527,2442924667,16357,1140
28940.257142,2442943914,2442945038,16359,1124
28940.269163,2442953057,2442954192,16425,1135
28940.281184,2442962092,2442963216,16315,1124
28940.296213,2442973387,2442974525,16379,1138
28940.323265,2442993779,2442994921,16378,1142
28940.338296,2443005094,2443006228,16358,1134
28940.359334,2443020973,2443022112,16221,1139
28940.371356,2443030122,2443031260,16254,1138
28940.383384,2443039248,2443040392,16254,1144
28940.395409,2443048414,2443049553,16314,1139
28940.407431,2443057576,2443058718,16319,1142
28940.419455,2443066721,2443067859,16319,1138
28940.431476,2443075869,2443077009,16384,1140
28940.443492,2443085015,2443086153,16258,1138
28940.455519,2443094081,2443095223,16361,1142
28940.467542,2443103189,2443104327,16343,1138
28940.479558,2443112257,2443113391,15945,1134
28940.491588,2443121356,2443122502,16360,1146
28940.503608,2443130466,2443131600,16374,1134
28940.515627,2443139514,2443140639,16031,1125
28940.527658,2443148565,2443149686,16217,1121
28940.539677,2443157622,2443158760,16374,1138
28940.557712,2443171174,2443172315,16262,1141
28940.569730,2443180264,2443181394,15997,1130
28940.648896,2443241424,2443242555,16074,1131
28940.668918,2443255060,2443256202,15993,1142
28940.680949,2443264150,2443265283,16384,1133
28940.753085,2443318509,2443319639,16387,1130
28940.765107,2443327649,2443328789,16390,1140
28940.780136,2443338932,2443340064,16365,1132
28940.840245,2443384186,2443385324,16074,1138
28940.852275,2443393293,2443394409,16211,1116
28940.864295,2443402354,2443403482,16346,1128
28940.876313,2443411386,2443412515,16105,1129
28940.891345,2443422730,2443423873,16371,1143
28940.903374,2443431818,2443432954,16303,1136
28940.915394,2443440882,2443442019,16444,1137
28940.927414,2443449915,2443451048,16464,1133
28940.939433,2443458943,2443460081,16032,1138
28940.951462,2443468041,2443469186,16360,1145
28940.963484,2443477143,2443478272,16342,1129
28940.975501,2443486215,2443487348,16107,1133
28940.987531,2443495259,2443496403,16357,1144
28940.999551,2443504321,2443505445,16382,1124
28941.017585,2443517857,2443518995,16371,1138
28941.029604,2443526887,2443528023,16030,1136
28941.071688,2443558671,2443559817,16369,1146
28941.083708,2443567750,2443568893,16029,1143
28941.173879,2443635644,2443636780,16110,1136
28941.185908,2443644726,2443645856,16446,1130
28941.276079,2443712679,2443713818,16364,1139
28941.288100,2443721774,2443722903,16374,1129
28941.300126,2443730832,2443731968,16029,1136
28941.312148,2443739855,2443740984,16360,1129
28941.324168,2443748892,2443750037,16242,1145
28941.336193,2443757970,2443759105,16259,1135
28941.357238,2443773879,2443775021,16363,1142
28941.369254,2443782993,2443784133,16379,1140
28941.388327,2443798851,2443799989,16024,1138
28941.417342,2443819264,2443820394,16068,1130
28941.429371,2443828307,2443829444,16401,1137
28941.480462,2443866758,2443867890,16108,1132
28941.492491,2443875793,2443876938,16442,1145
28941.507516,2443887189,2443888331,16232,1142
28941.519547,2443896311,2443897433,16323,1122
28941.531563,2443905341,2443906481,16380,1140
28941.549597,2443918942,2443920070,16347,1128
28941.561616,2443927995,2443929122,16034,1127
28941.588332,2443941738,2443942348,11947,610
28941.602200,2443946809,2443947625,13533,816
28941.614223,2443955473,2443956606,16379,1133
28941.626243,2443964512,2443965649,16380,1137
28941.638262,2443973567,2443974703,16110,1136
28941.656296,2443987131,2443988261,16030,1130
28941.668325,2443996153,2443997281,16356,1128
28941.680346,2444005209,2444006342,16379,1133
28941.692365,2444014222,2444015352,16032,1130
28941.704398,2444023290,2444024428,16453,1138
28941.719416,2444034632,2444035761,15997,1129
28941.731445,2444043656,2444044785,16364,1129
28941.743466,2444052711,2444053844,16462,1133
28941.755485,2444061746,2444062882,16041,1136
28941.776531,2444077610,2444078748,16436,1138
28941.788552,2444086651,2444087797,16333,1146
28941.803588,2444098010,2444099121,16294,1111
28941.839651,2444125145,2444126278,16437,1133
28941.851675,2444134218,2444135346,16445,1128
28941.863691,2444143229,2444144359,16119,1130
28941.875719,2444152296,2444153438,16439,1142
28941.887741,2444161405,2444162551,16381,1146
28941.899762,2444170524,2444171657,16256,1133
28941.911788,2444179585,2444180731,16361,1146
28941.923810,2444188729,2444189867,16343,1138
28941.935828,2444197756,2444198875,16035,1119
28941.947860,2444206798,2444207931,16311,1133
28941.959877,2444215852,2444216981,16284,1129
28941.971896,2444224865,2444226001,15994,1136
28941.983925,2444233915,2444235044,16357,1129
28942.019994,2444261102,2444262246,16352,1144
28942.032015,2444270181,2444271319,16378,1138
28942.044044,2444279238,2444280383,16313,1145
28942.056064,2444288316,2444289457,16352,1141
28942.068079,2444297402,2444298542,16289,1140
28942.080103,2444306473,2444307603,15955,1130
28942.093636,2444314890,2444316018,16121,1128
28942.105657,2444323926,2444325064,16350,1138
28942.117677,2444332994,2444334132,16373,1138
28942.129696,2444342068,2444343199,16032,1131
28942.148742,2444357947,2444359085,16366,1138
28942.160765,2444367049,2444368186,16288,1137
28942.183802,2444382929,2444384035,16263,1106
28942.195833,2444391951,2444393089,16381,1138
28942.207849,2444401004,2444402142,16372,1138
28942.219868,2444410081,2444411219,16033,1138
28942.231897,2444419180,2444420320,16307,1140
28942.249935,2444432754,2444433889,16279,1135
28942.261952,2444441824,2444442962,16373,1138
28942.286000,2444459930,2444461066,16350,1136
28942.298023,2444469024,2444470159,16356,1135
28942.313051,2444480327,2444481463,16353,1136
28942.325072,2444489375,2444490504,16374,1129
28942.337091,2444498450,2444499586,16036,1136
28942.352124,2444509823,2444510955,16420,1132
28942.364142,2444518849,2444519982,16034,1133
28942.376175,2444527951,2444529088,16370,1137
28942.388190,2444537020,2444538165,16348,1145
28942.400214,2444546102,2444547217,16265,1115
28942.412240,2444555126,2444556264,16353,1138
28942.424261,2444564192,2444565327,16371,1135
28942.436283,2444573213,2444574326,16222,1113
28942.448313,2444582255,2444583384,16367,1129
28942.460329,2444591309,2444592447,16373,1138
28942.472348,2444600355,2444601491,16031,1136
28942.484381,2444609489,2444610620,16367,1131
28942.505413,2444625405,2444626538,16443,1133
28942.517434,2444634448,2444635579,16036,1131
28942.532461,2444645796,2444646936,16282,1140
28942.544488,2444654911,2444656049,16238,1138
28942.560528,2444668517,2444669645,16231,1128
28942.580558,2444682141,2444683279,16022,1138
28942.592586,2444691236,2444692379,16405,1143
28942.604603,2444700266,2444701404,16374,1138
28942.616626,2444709349,2444710483,16075,1134
28942.631656,2444720676,2444721809,16430,1133
28942.644686,2444732033,2444733171,16468,1138
28942.661712,2444743360,2444744493,16075,1133
28942.673739,2444752445,2444753578,16379,1133
28942.685758,2444761482,2444762616,16461,1134
28942.697781,2444770528,2444771656,16055,1128
28942.721825,2444788631,2444789762,16193,1131
28942.733845,2444797652,2444798790,16115,1138
28942.751880,2444811320,2444812456,16000,1136
28942.763908,2444820393,2444821539,16352,1146
28942.784946,2444836248,2444837375,16367,1127
28942.796966,2444845268,2444846403,16040,1135
28942.808994,2444854338,2444855484,16353,1146
28942.821015,2444863380,2444864518,16372,1138
28942.833034,2444872440,2444873574,16034,1134
28942.869102,2444899672,2444900805,16112,1133
28942.881132,2444908747,2444909886,16440,1139
28942.893153,2444917839,2444918975,16421,1136
28942.920202,2444938210,2444939351,16358,1141
28942.932222,2444947297,2444948435,16038,1138
28942.944256,2444956396,2444957529,16373,1133
28942.965290,2444972315,2444973453,16374,1138
28942.977308,2444981335,2444982464,16111,1129
28942.989340,2444990400,2444991524,16484,1124
28943.049450,2445035651,2445036793,16017,1142
28943.061476,2445044725,2445045855,16378,1130
28943.073496,2445053796,2445054929,16371,1133
28943.085522,2445062850,2445063983,16002,1133
28943.097548,2445071930,2445073047,16233,1117
28943.148634,2445110374,2445111510,16077,1136
28943.160667,2445119472,2445120610,16371,1138
28943.193720,2445144372,2445145499,16112,1127
28943.205751,2445153450,2445154583,16352,1133
28943.220775,2445164791,2445165929,16242,1138
28943.232800,2445173837,2445174975,16356,1138
28943.244823,2445182943,2445184076,16350,1133
28943.256840,2445191975,2445193106,15996,1131
28943.268869,2445201003,2445202140,16356,1137
28943.280890,2445210068,2445211206,16330,1138
28943.292908,2445219123,2445220256,16028,1133
28943.313954,2445234977,2445236115,16347,1138
28943.325974,2445244030,2445245168,16358,1138
28943.337997,2445253100,2445254240,16234,1140
28943.353027,2445264465,2445265607,16368,1142
28943.365046,2445273575,2445274713,16036,1138
28943.392097,2445293981,2445295117,16116,1136
28943.404126,2445303039,2445304177,16438,1138
28943.416147,2445312096,2445313224,16368,1128
28943.452215,2445339261,2445340397,16459,1136
28943.464234,2445348308,2445349444,16108,1136
28943.476266,2445357367,2445358476,16209,1109
28943.488283,2445366391,2445367536,16286,1145
28943.500303,2445375439,2445376569,16034,1130
28943.512332,2445384495,2445385630,16374,1135
28943.524354,2445393592,2445394721,16347,1129
28943.536375,2445402672,2445403811,16251,1139
28943.560421,2445420804,2445421933,16458,1129
28943.572440,2445429876,2445431003,16107,1127
28943.608512,2445457007,2445458150,16048,1143
28943.623541,2445468370,2445469510,16456,1140
28943.635563,2445477463,2445478600,16235,1137
28943.647589,2445486525,2445487667,16354,1142
28943.659610,2445495604,2445496742,16377,1138
28943.671631,2445504708,2445505846,16229,1138
28943.683661,2445513764,2445514892,16403,1128
28943.701692,2445527335,2445528465,16348,1130
28943.713713,2445536378,2445537516,16380,1138
28943.731747,2445549968,2445551101,16260,1133
28943.743769,2445559085,2445560223,16240,1138
28943.755795,2445568150,2445569279,16350,1129
28943.773831,2445581718,2445582843,16196,1125
28943.785852,2445590809,2445591943,16349,1134
28943.833941,2445627046,2445628173,16320,1127
28943.845966,2445636092,2445637230,16353,1138
28943.860989,2445647393,2445648522,16107,1129
28943.882038,2445663227,2445664360,16449,1133
28943.894057,2445672281,2445673416,16426,1135
28943.912090,2445685896,2445687029,16456,1133
28943.924109,2445694936,2445696079,16113,1143
28943.936142,2445704027,2445705165,16378,1138
28943.954175,2445717653,2445718786,16459,1133
28943.966193,2445726687,2445727816,16372,1129
28943.978220,2445735726,2445736861,16115,1135
28944.044343,2445785504,2445786627,16431,1123
28944.056364,2445794555,2445795688,16378,1133
28944.071395,2445805857,2445806995,16347,1138
28944.083419,2445814908,2445816041,16360,1133
28944.095438,2445824004,2445825139,16232,1135
28944.144540,2445862567,2445863697,16371,1130
28944.167575,2445878433,2445879569,16237,1136
28944.179604,2445887542,2445888687,16393,1145
28944.191620,2445896493,2445897637,16354,1144
28944.203640,2445905575,2445906708,16032,1133
28944.215669,2445914652,2445915790,16354,1138
28944.227690,2445923749,2445924895,16248,1146
28944.239710,2445932828,2445933955,15993,1127
28944.251738,2445941889,2445943024,16353,1135
28944.263759,2445950961,2445952098,16369,1137
28944.275785,2445960036,2445961179,16118,1143
28944.287806,2445969099,2445970241,16355,1142
28944.299827,2445978170,2445979308,16374,1138
28944.311846,2445987230,2445988373,16034,1143
28944.323877,2445996284,2445997396,16200,1112
28944.335897,2446005314,2446006449,16346,1135
28944.347914,2446014350,2446015485,16029,1135
28944.359947,2446023405,2446024530,16242,1125
28944.371965,2446032448,2446033588,16307,1140
28944.383980,2446041557,2446042688,15955,1131
28944.405029,2446057469,2446058607,16431,1138
28944.417046,2446066545,2446067684,16291,1139
28944.429072,2446075590,2446076728,16236,1138
28944.477170,2446111780,2446112917,16397,1137
28944.489188,2446120868,2446122003,16375,1135
28944.522253,2446145779,2446146919,16346,1140
28944.534275,2446154883,2446156018,16426,1135
28944.561325,2446175275,2446176403,16373,1128
28944.573347,2446184290,2446185428,16076,1138
28944.585374,2446193369,2446194506,16357,1137
28944.597395,2446202465,2446203597,16377,1132
28944.624445,2446222841,2446223969,16261,1128
28944.636463,2446231902,2446233036,15994,1134
28944.648492,2446240972,2446242113,16357,1141
28944.681549,2446265884,2446267022,16029,1138
28944.693578,2446274946,2446276081,16437,1135
28944.711612,2446288523,2446289656,16350,1133
28944.723633,2446297580,2446298713,16250,1133
28944.741667,2446311195,2446312341,16366,1146
28944.753686,2446320247,2446321378,16025,1131
28944.783750,2446342915,2446344051,16435,1136
28944.795771,2446352006,2446353157,16378,1151
28944.807789,2446361110,2446362246,16032,1136
28944.825827,2446374724,2446375856,16319,1132
28944.837853,2446383759,2446384886,16438,1127
28944.867909,2446406381,2446407518,16345,1137
28944.879927,2446415447,2446416582,16030,1135
28944.891958,2446424512,2446425645,16379,1133
28944.903976,2446433565,2446434697,16457,1132
28944.915995,2446442587,2446443717,16031,1130
28944.928028,2446451635,2446452767,16370,1132
28944.940045,2446460683,2446461816,16379,1133
28944.952064,2446469697,2446470833,16112,1136
28944.964093,2446478727,2446479865,16433,1138
28944.976117,2446487787,2446488914,16450,1127
28944.988132,2446496829,2446497965,16103,1136
28945.000161,2446505899,2446507043,16375,1144
28945.012183,2446515064,2446516202,16430,1138
28945.024204,2446524172,2446525300,16237,1128
28945.036230,2446533222,2446534360,16436,1138
28945.048251,2446542280,2446543409,16384,1129
28945.060269,2446551318,2446552461,16033,1143
28945.072301,2446560401,2446561541,16442,1140
28945.084319,2446569432,2446570574,16372,1142
28945.105355,2446585312,2446586436,16028,1124
28945.117384,2446594338,2446595475,16353,1137
28945.195527,2446653259,2446654395,16026,1136
28945.207560,2446662352,2446663485,16368,1133
28945.221084,2446672819,2446673957,16395,1138
28945.233101,2446681846,2446682996,16360,1150
28945.269171,2446709068,2446710211,16264,1143
28945.281190,2446718166,2446719309,15995,1143
28945.293218,2446727244,2446728382,16356,1138
28945.305239,2446736312,2446737458,16372,1146
28945.383390,2446795343,2446796473,16354,1130
28945.395411,2446804415,2446805551,16461,1136
28945.407433,2446813527,2446814665,16221,1138
28945.419461,2446822901,2446824044,16313,1143
28945.431486,2446832074,2446833226,16314,1152
28945.443501,2446841240,2446842380,16238,1140
28945.455530,2446850404,2446851545,16311,1141
28945.467553,2446859543,2446860689,16321,1146
28945.479570,2446868673,2446869811,16257,1138
28945.491596,2446877706,2446878841,16359,1135
28945.503618,2446886796,2446887925,16349,1129
28945.515643,2446895858,2446896989,16194,1131
28945.527665,2446904949,2446906088,16439,1139
28945.548705,2446920811,2446921944,16357,1133
28945.560721,2446929855,2446930979,16034,1124
28945.608819,2446966165,2446967306,16348,1141
28945.620841,2446975251,2446976386,16330,1135
28945.632858,2446984319,2446985466,16038,1147
28945.677944,2447018411,2447019538,16083,1127
28945.689973,2447027466,2447028599,16398,1133
28945.701996,2447036753,2447037900,16379,1147
28945.738063,2447063977,2447065122,16371,1145
28945.750081,2447073062,2447074198,16028,1136
28945.822218,2447127465,2447128595,16108,1130
28945.834248,2447136529,2447137662,16361,1133
28945.876325,2447168221,2447169349,16121,1128
28945.888350,2447177277,2447178414,16445,1137
28945.900364,2447186317,2447187450,16168,1133
28945.940442,2447217985,2447219118,16473,1133
28945.960488,2447231584,2447232707,16377,1123
28945.972503,2447240622,2447241756,16162,1134
28945.984530,2447249646,2447250781,16125,1135
28946.023608,2447278988,2447280121,16359,1133
28946.035628,2447288143,2447289281,16371,1138
28946.047647,2447297188,2447298326,16027,1138
28946.059677,2447306287,2447307424,16353,1137
28946.071699,2447315375,2447316508,16345,1133
28946.083716,2447324396,2447325531,16110,1135
28946.095745,2447333457,2447334595,16444,1138
28946.107766,2447342515,2447343648,16458,1133
28946.125800,2447356090,2447357223,16377,1133
28946.137819,2447365118,2447366249,16027,1131
28946.161869,2447383278,2447384411,16347,1133
28946.173887,2447392340,2447393483,15996,1143
28946.234007,2447437640,2447438778,16465,1138
28946.246024,2447446713,2447447844,15989,1131
28946.258054,2447455775,2447456920,16357,1145
28946.270076,2447464872,2447466019,16346,1147
28946.282096,2447473932,2447475078,16231,1146
28946.366264,2447537277,2447538426,16456,1149
28946.441399,2447593737,2447594874,16357,1137
28946.453419,2447602808,2447603939,16022,1131
28946.468453,2447614200,2447615337,16429,1137
28946.483488,2447625558,2447626666,16319,1108
28946.543594,2447670726,2447671832,16312,1106
28946.555623,2447679717,2447680863,16472,1146
28946.567631,2447688739,2447689871,16083,1132
28946.579662,2447697742,2447698873,16118,1131
28946.591693,2447706782,2447707913,16335,1131
28946.603698,2447715862,2447717005,16165,1143
28946.615731,2447724870,2447725993,16041,1123
28946.627757,2447733925,2447735065,16362,1140
28946.639772,2447742963,2447744094,16124,1131
28946.651800,2447751974,2447753117,16037,1143
28946.669834,2447765608,2447766739,16108,1131
28946.681863,2447774649,2447775782,16393,1133
28946.793064,2447858054,2447859188,16135,1134
28946.805096,2447867076,2447868212,16187,1136
28946.856189,2447905332,2447906470,16060,1138
28946.868208,2447914409,2447915539,15991,1130
28946.880237,2447923481,2447924619,16378,1138
28946.892260,2447932520,2447933653,16364,1133
28946.904286,2447941535,2447942666,16107,1131
28946.916310,2447950562,2447951697,16280,1135
28946.952377,2447977619,2447978751,16383,1132
28946.964385,2447986635,2447987766,16082,1131
28946.976417,2447995651,2447996761,16232,1110
28946.988445,2448004680,2448005825,16404,1145
28947.009469,2448020458,2448021593,16083,1135
28947.021503,2448029485,2448030616,16038,1131
28947.048554,2448049835,2448050964,16037,1129
28947.060584,2448058867,2448060005,16404,1138
28947.111674,2448097300,2448098436,16122,1136
28947.123701,2448106366,2448107503,16381,1137
28947.135723,2448115413,2448116546,16360,1133
28947.213872,2448174185,2448175318,16452,1133
28947.225882,2448183254,2448184390,16085,1136
28947.240924,2448194546,2448195686,16494,1140
28947.252943,2448203588,2448204728,16310,1140
28947.267976,2448214941,2448216081,16412,1140
28947.279996,2448224004,2448225139,16344,1135
28947.292017,2448233063,2448234204,16244,1141
28947.304046,2448242099,2448243240,16390,1141
28947.316067,2448251157,2448252295,16362,1138
28947.328086,2448260161,2448261294,16038,1133
28947.340114,2448269170,2448270303,16384,1133
28947.358150,2448282686,2448283837,16404,1151
28947.370155,2448291733,2448292870,16084,1137
28947.400230,2448314305,2448315448,16185,1143
28947.412251,2448323355,2448324495,16465,1140
28947.424262,2448332392,2448333530,16244,1138
28947.436291,2448341425,2448342566,16323,1141
28947.472357,2448368609,2448369733,15991,1124
28947.484388,2448377695,2448378833,16458,1138
28947.496409,2448386724,2448387857,16364,1133
28947.529475,2448411484,2448412622,16395,1138
28947.541483,2448420559,2448421702,16087,1143
28947.559517,2448434116,2448435252,16082,1136
28947.571552,2448443125,2448444242,16266,1117
28947.589584,2448456671,2448457798,16041,1127
28947.601611,2448465697,2448466834,16365,1137
28947.625652,2448483806,2448484921,16261,1115
28947.637680,2448492826,2448493964,16386,1138
28947.649700,2448501855,2448502994,16267,1139
28947.661720,2448510916,2448512043,16041,1127
28947.673751,2448519927,2448521051,16239,1124
28947.685757,2448528939,2448530066,16158,1127
28947.721826,2448556036,2448557166,16108,1130
28947.733855,2448565058,2448566188,16227,1130
28947.745883,2448574085,2448575208,16431,1123
28947.757894,2448583106,2448584245,16089,1139
28947.848072,2448650698,2448651833,16055,1135
28947.860098,2448659755,2448660884,16057,1129
28947.878132,2448673261,2448674371,16257,1110
28947.890163,2448682307,2448683444,16379,1137
28947.902171,2448691344,2448692472,16167,1128
28947.914201,2448700305,2448701439,16119,1134
28947.944263,2448722806,2448723939,16467,1133
28947.956271,2448731824,2448732950,16160,1126
28947.971318,2448743127,2448744256,16492,1129
28947.989349,2448756658,2448757794,16392,1136
28948.001370,2448765722,2448766854,16370,1132
28948.016398,2448776994,2448778121,16357,1127
28948.061486,2448810833,2448811961,16387,1128
28948.073498,2448819861,2448820992,16195,1131
28948.088538,2448831116,2448832254,16387,1138
28948.100544,2448840127,2448841260,16073,1133
28948.112578,2448849158,2448850293,16118,1135
28948.163664,2448887455,2448888580,16160,1125
28948.175698,2448896453,2448897584,16043,1131
28948.187726,2448905460,2448906592,16394,1132
28948.199733,2448914467,2448915615,16166,1148
28948.217767,2448927997,2448929127,16155,1130
28948.229801,2448936975,2448938100,16043,1125
28948.265869,2448964041,2448965178,16054,1137
28948.277897,2448973083,2448974219,16498,1136
28948.295930,2448986599,2448987732,16352,1133
28948.316956,2449002389,2449003524,16078,1135
28948.333003,2449015916,2449017043,16080,1127
28948.374076,2449045241,2449046373,16056,1132
28948.386104,2449054276,2449055403,16385,1127
28948.476275,2449121920,2449123052,16381,1132
28948.491302,2449133239,2449134369,16083,1130
28948.524350,2449158029,2449159155,16083,1126
28948.536384,2449167080,2449168216,16042,1136
28948.548414,2449176114,2449177248,16408,1134
28948.581470,2449200866,2449202003,16043,1137
28948.593498,2449209929,2449211062,16364,1133
28948.617538,2449227893,2449229017,16038,1124
28948.629568,2449236935,2449238053,16314,1118
28948.680659,2449275284,2449276425,16116,1141
28948.692685,2449284311,2449285449,16429,1138
28948.704693,2449293340,2449294475,16087,1135
28948.731749,2449313650,2449314777,16131,1127
28948.749781,2449327197,2449328329,16082,1132
28948.761813,2449336233,2449337363,16122,1130
28948.776830,2449347561,2449348699,16081,1138
28948.788869,2449356580,2449357716,16115,1136
28948.876019,2449422020,2449423163,16084,1143
28948.897063,2449437790,2449438923,15966,1133
28948.909100,2449446850,2449447963,16327,1113
28948.921104,2449455823,2449456959,16083,1136
28948.936149,2449467095,2449468228,16404,1133
28948.948162,2449476229,2449477372,16175,1143
28948.984225,2449503339,2449504469,16161,1130
28949.005276,2449519116,2449520247,16114,1131
28949.017301,2449528196,2449529333,16433,1137
28949.032326,2449539483,2449540622,16325,1139
28949.044357,2449548516,2449549649,16492,1133
28949.095447,2449586868,2449588006,16132,1138
28949.107474,2449595898,2449597031,16461,1133
28949.119482,2449604915,2449606044,16083,1129
28949.131516,2449613930,2449615071,16055,1141
28949.143548,2449623004,2449624137,16572,1133
28949.155551,2449632034,2449633164,16164,1130
28949.173587,2449645603,2449646738,16079,1135
28949.185625,2449654639,2449655778,16112,1139
28949.215684,2449677221,2449678354,16407,1133
28949.227687,2449686243,2449687384,16084,1141
28949.239716,2449695290,2449696408,16046,1118
28949.257756,2449708806,2449709932,16113,1126
28949.269784,2449717811,2449718949,16469,1138
28949.317860,2449753877,2449755008,16084,1131
28949.329893,2449762947,2449764088,16042,1141
28949.344912,2449774297,2449775428,16083,1131
28949.356945,2449783328,2449784458,16123,1130
28949.368973,2449792378,2449793511,16486,1133
28949.417048,2449828452,2449829588,16081,1136
28949.429082,2449837447,2449838577,16111,1130
28949.441112,2449846512,2449847652,16406,1140
28949.525254,2449909644,2449910765,16081,1121
28949.537287,2449918669,2449919787,16111,1118
28949.552311,2449929971,2449931098,16115,1127
28949.564339,2449939009,2449940144,16043,1135
28949.609425,2449972801,2449973931,16039,1130
28949.621453,2449981835,2449982973,16379,1138
28949.633467,2449990836,2449991960,16041,1124
28949.645490,2449999884,2450001003,16038,1119
28949.705597,2450044982,2450046126,16087,1144
28949.717630,2450054011,2450055147,16056,1136
28949.729654,2450063060,2450064187,16338,1127
28949.741667,2450072093,2450073227,16088,1134
28949.756709,2450083362,2450084495,16453,1133
28949.837866,2450144499,2450145644,16402,1145
28949.849871,2450153582,2450154720,16083,1138
28949.897974,2450189600,2450190732,16043,1132
28949.910002,2450198642,2450199771,16386,1129
28949.940044,2450221192,2450222323,16079,1131
28949.952076,2450230166,2450231275,16240,1109
28949.964105,2450239170,2450240301,16387,1131
28949.982137,2450252795,2450253940,16359,1145
28949.994145,2450261833,2450262960,16162,1127
28950.045258,2450300181,2450301303,16469,1122
28950.057276,2450309239,2450310380,16410,1141
28950.120389,2450356680,2450357809,16077,1129
28950.132415,2450365686,2450366819,16142,1133
28950.147450,2450376982,2450378123,16352,1141
28950.159471,2450386005,2450387125,16056,1120
28950.171499,2450395045,2450396178,16388,1133
28950.183510,2450404085,2450405215,16132,1130
28950.195536,2450413101,2450414230,16053,1129
28950.213574,2450426597,2450427726,16053,1129
28950.225601,2450435617,2450436750,16373,1133
28950.256665,2450460388,2450461518,16057,1130
28950.273679,2450471666,2450472801,16080,1135
28950.309751,2450498715,2450499853,16164,1138
28950.321780,2450507721,2450508851,16047,1130
28950.360861,2450537129,2450538262,16412,1133
28950.372866,2450546202,2450547336,16079,1134
28950.384900,2450555403,2450556534,16110,1131
28950.396928,2450564414,2450565565,16394,1151
28950.445016,2450600532,2450601662,16443,1130
28950.457037,2450609639,2450610778,16056,1139
28950.469066,2450618717,2450619855,16398,1138
28950.481071,2450627822,2450628962,16083,1140
28950.493105,2450636856,2450637966,16246,1110
28950.505133,2450645886,2450647029,16386,1143
28950.520159,2450657182,2450658304,16347,1122
28950.553209,2450682034,2450683164,16164,1130
28950.565243,2450691040,2450692172,16123,1132
28950.577272,2450700101,2450701236,16367,1135
28950.596327,2450716078,2450717213,16089,1135
28950.631375,2450740970,2450742110,16405,1140
28950.643380,2450749975,2450751106,16083,1131
28950.655414,2450758985,2450760128,16038,1143
28950.667442,2450768012,2450769141,16385,1129
28950.679451,2450777033,2450778175,16087,1142
28950.691481,2450786110,2450787247,16231,1137
28950.715529,2450797703,2450798303,11960,600
28950.729055,2450802750,2450803554,13291,804
28950.741080,2450811410,2450812519,16064,1109
28950.753103,2450820395,2450821533,16274,1138
28950.765119,2450829411,2450830541,15976,1130
28950.780155,2450840709,2450841851,16321,1142
28950.792170,2450849774,2450850900,16001,1126
28950.804204,2450858800,2450859933,16259,1133
28950.816225,2450867878,2450869002,16384,1124
28950.828239,2450876931,2450878064,16003,1133
28950.840272,2450885979,2450887119,16351,1140
28950.900376,2450931220,2450932341,16002,1121
28950.912410,2450940235,2450941371,16264,1136
28950.963500,2450978796,2450979935,16019,1139
28950.975530,2450987853,2450988999,16262,1146
28950.987551,2450996931,2450998064,16379,1133
28950.999565,2451005977,2451007113,16000,1136
28951.011599,2451015023,2451016165,16353,1142
28951.023619,2451024103,2451025230,16347,1127
28951.035634,2451033126,2451034248,15924,1122
28951.047669,2451042195,2451043328,16277,1133
28951.059688,2451051229,2451052372,16386,1143
28951.071699,2451060306,2451061442,15962,1136
28951.083735,2451069360,2451070498,16196,1138
28951.095757,2451078440,2451079580,16384,1140
28951.107773,2451087551,2451088690,16259,1139
28951.119801,2451096652,2451097769,16144,1117
28951.131825,2451105754,2451106901,16383,1147
28951.143839,2451114864,2451115990,15995,1126
28951.155873,2451123900,2451125038,16349,1138
28951.167893,2451132969,2451134102,16378,1133
28951.179908,2451141999,2451143132,16002,1133
28951.191941,2451151066,2451152199,16432,1133
28951.203964,2451160149,2451161287,16395,1138
28951.217487,2451168745,2451169874,16351,1129
28951.229503,2451177757,2451178892,16006,1135
28951.241536,2451186813,2451187943,16347,1130
28951.253557,2451195902,2451197040,16382,1138
28951.277604,2451214018,2451215156,16336,1138
28951.289626,2451223087,2451224233,16307,1146
28951.304656,2451234410,2451235548,16344,1138
28951.316677,2451243475,2451244610,16335,1135
28951.328694,2451252522,2451253653,16256,1131
28951.340723,2451261589,2451262727,16256,1138
28951.376793,2451288714,2451289852,16433,1138
28951.388814,2451297824,2451298961,16467,1137
28951.400832,2451306919,2451308048,16294,1129
28951.412862,2451315988,2451317126,16332,1138
28951.424882,2451325021,2451326161,16381,1140
28951.436896,2451334075,2451335200,15963,1125
28951.448930,2451343116,2451344251,16348,1135
28951.460951,2451352202,2451353348,16295,1146
28951.472962,2451361292,2451362427,15962,1135
28951.484998,2451370353,2451371484,16308,1131
28951.521069,2451397528,2451398671,16373,1143
28951.533088,2451406605,2451407751,16399,1146
28951.545099,2451415684,2451416819,15967,1135
28951.557136,2451424738,2451425876,16431,1138
28951.569156,2451433804,2451434949,16363,1145
28951.581175,2451442861,2451443998,16019,1137
28951.593205,2451451934,2451453066,16351,1132
28951.608223,2451463318,2451464454,16002,1136
28951.620256,2451472359,2451473497,16351,1138
28951.653308,2451497258,2451498394,16083,1136
28951.665342,2451506310,2451507452,16416,1142
28951.689377,2451524425,2451525551,16086,1126
28951.701410,2451533462,2451534600,16432,1138
28951.716429,2451544779,2451545920,16000,1141
28951.728459,2451553824,2451554940,16152,1116
28951.752497,2451571909,2451573045,16007,1136
28951.764530,2451580949,2451582072,16251,1123
28951.788565,2451598998,2451600136,16004,1138
28951.800599,2451608077,2451609211,16357,1134
28951.815618,2451619458,2451620596,16280,1138
28951.827650,2451628522,2451629650,16350,1128
28951.839671,2451637584,2451638712,16290,1128
28951.857706,2451651178,2451652316,16375,1138
28951.869719,2451660279,2451661417,15919,1138
28951.881753,2451669355,2451670493,16327,1138
28951.893774,2451678441,2451679576,16380,1135
28951.905788,2451687547,2451688681,16004,1134
28951.923823,2451701121,2451702252,16004,1131
28951.935853,2451710177,2451711297,16232,1120
28951.947877,2451719204,2451720342,16380,1138
28951.959891,2451728252,2451729383,16050,1131
28951.971924,2451737329,2451738458,16232,1129
28951.983945,2451746383,2451747521,16293,1138
28951.995960,2451755438,2451756571,16004,1133
28952.007993,2451764487,2451765625,16354,1138
28952.020014,2451773593,2451774722,16290,1129
28952.032028,2451782620,2451783749,15921,1129
28952.044063,2451791677,2451792813,16278,1136
28952.065100,2451807530,2451808659,16392,1129
28952.077111,2451816573,2451817708,15963,1135
28952.098165,2451832453,2451833583,16341,1130
28952.110186,2451841530,2451842666,16296,1136
28952.167289,2451884553,2451885685,16257,1132
28952.179319,2451893639,2451894786,16323,1147
28952.191339,2451902708,2451903838,16339,1130
28952.209374,2451916271,2451917404,16379,1133
28952.221389,2451925335,2451926459,16020,1124
28952.239422,2451938876,2451939997,16017,1121
28952.251455,2451947919,2451949042,16351,1123
28952.263476,2451956957,2451958085,16335,1128
28952.276506,2451968232,2451969375,16346,1143
28952.296540,2451981854,2451982992,16324,1138
28952.308561,2451990907,2451992058,16363,1151
28952.329594,2452006764,2452007885,16015,1121
28952.341626,2452015808,2452016946,16263,1138
28952.353647,2452024837,2452025970,16392,1133
28952.365665,2452033927,2452035070,16258,1143
28952.377695,2452043021,2452044162,16263,1141
28952.389716,2452052130,2452053273,16447,1143
28952.401731,2452061233,2452062365,15966,1132
28952.413764,2452070334,2452071474,16396,1140
28952.425786,2452079494,2452080632,16383,1138
28952.437797,2452088617,2452089758,15969,1141
28952.449835,2452097755,2452098897,16457,1142
28952.467865,2452111456,2452112581,16234,1125
28952.485902,2452125107,2452126245,16347,1138
28952.500920,2452136498,2452137635,15999,1137
28952.515957,2452147866,2452149004,16377,1138
28952.527972,2452156942,2452158078,16001,1136
28952.540006,2452166048,2452167194,16450,1146
28952.552027,2452175208,2452176363,16376,1155
28952.564041,2452184347,2452185479,16010,1132
28952.576073,2452194036,2452195182,16339,1146
28952.588094,2452203239,2452204379,16385,1140
28952.609126,2452219251,2452220377,15998,1126
28952.621159,2452228337,2452229481,16349,1144
28952.681263,2452273716,2452274859,16083,1143
28952.693297,2452282817,2452283951,16353,1134
28952.723354,2452305538,2452306671,16490,1133
28952.735366,2452314587,2452315719,16040,1132
28952.747399,2452323653,2452324803,16430,1150
28952.765434,2452337253,2452338396,16346,1143
28952.777452,2452346289,2452347428,16468,1139
28952.801502,2452364400,2452365533,16432,1133
28952.813523,2452373444,2452374572,16384,1128
28952.825538,2452382479,2452383605,16005,1126
28952.837570,2452391584,2452392722,16314,1138
28952.849591,2452400667,2452401805,16292,1138
28952.861606,2452409722,2452410858,16000,1136
28952.873639,2452418793,2452419916,16346,1123
28952.892671,2452434670,2452435813,16376,1143
28952.909708,2452446040,2452447185,16357,1145
28952.924726,2452457436,2452458569,15999,1133
28952.936759,2452466516,2452467653,16312,1137
28952.948780,2452475570,2452476708,16381,1138
28952.964804,2452489160,2452490298,16381,1138
28952.984849,2452502767,2452503900,16335,1133
28952.996863,2452511781,2452512912,15963,1131
28953.008896,2452520861,2452521989,16278,1128
28953.032932,2452539002,2452540138,16045,1136
28953.044964,2452548055,2452549194,16350,1139
28953.056985,2452557178,2452558311,16289,1133
28953.117101,2452602588,2452603721,16325,1133
28953.129122,2452611672,2452612806,16323,1134
28953.177206,2452647865,2452648998,16019,1133
28953.189238,2452656975,2452658121,16317,1146
28953.201260,2452666071,2452667204,16386,1133
28953.219293,2452679667,2452680805,16364,1138
28953.231312,2452688771,2452689908,16268,1137
28953.243340,2452698018,2452699160,16351,1142
28953.255362,2452707091,2452708220,16385,1129
28953.276395,2452722930,2452724064,16019,1134
28953.288427,2452732020,2452733166,16349,1146
28953.303447,2452743376,2452744510,16018,1134
28953.324495,2452759263,2452760407,16324,1144
28953.336516,2452768367,2452769513,16373,1146
28953.348532,2452777433,2452778564,16018,1131
28953.360564,2452786513,2452787654,16395,1141
28953.417671,2452829483,2452830620,16452,1137
28953.429686,2452838600,2452839738,16014,1138
28953.444722,2452849971,2452851114,16366,1143
28953.456738,2452859174,2452860300,16001,1126
28953.480792,2452877219,2452878352,16385,1133
28953.492806,2452886250,2452887379,16079,1129
28953.504840,2452895299,2452896431,16432,1132
28953.528876,2452913394,2452914521,16082,1127
28953.540910,2452922455,2452923593,16371,1138
28953.576977,2452949660,2452950804,16349,1144
28953.588998,2452958710,2452959848,16380,1138
28953.601016,2452967726,2452968866,16028,1140
28953.625067,2452985850,2452986983,16384,1133
28953.637081,2452994958,2452996089,16005,1131
28953.649114,2453004039,2453005179,16348,1140
28953.661138,2453013167,2453014306,16397,1139
28953.673150,2453022225,2453023349,16082,1124
28953.706220,2453047093,2453048233,16436,1140
28953.718235,2453056161,2453057297,16087,1136
28953.733272,2453067470,2453068612,16362,1142
28953.745287,2453076565,2453077708,16084,1143
28953.757320,2453085622,2453086766,16345,1144
28953.769341,2453094688,2453095826,16381,1138
28953.799390,2453117295,2453118431,16001,1136
28953.811424,2453126398,2453127523,16166,1125
28953.823443,2453135445,2453136582,16338,1137
28953.835458,2453144487,2453145618,15924,1131
28953.853492,2453158113,2453159247,15997,1134
28953.865525,2453167188,2453168334,16436,1146
28953.877545,2453176261,2453177404,16373,1143
28953.889557,2453185366,2453186497,15964,1131
28953.901595,2453194416,2453195554,16354,1138
28953.913615,2453203486,2453204620,16380,1134
28953.925634,2453212562,2453213699,16021,1137
28953.944680,2453228481,2453229620,16309,1139
28953.985752,2453257977,2453259115,16379,1138
28953.997767,2453267047,2453268174,16000,1127
28954.057889,2453312336,2453313469,16381,1133
28954.069903,2453321408,2453322541,16017,1133
28954.118004,2453357628,2453358766,16322,1138
28954.130025,2453366727,2453367860,16365,1133
28954.149069,2453382569,2453383698,16266,1129
28954.169092,2453396162,2453397298,16016,1136
28954.181123,2453405231,2453406363,16350,1132
28954.217193,2453432397,2453433527,16350,1130
28954.229214,2453441436,2453442574,16366,1138
28954.241229,2453450477,2453451602,16019,1125
28954.256266,2453461811,2453462953,16364,1142
28954.268284,2453470934,2453472068,16268,1134
28954.280313,2453479995,2453481133,16345,1138
28954.292334,2453489031,2453490167,16450,1136
28954.304350,2453498097,2453499223,16091,1126
28954.343434,2453527489,2453528623,16394,1134
28954.355455,2453536609,2453537747,16462,1138
28954.367473,2453545654,2453546798,16338,1144
28954.379503,2453554726,2453555882,16344,1156
28954.391524,2453563835,2453564959,16335,1124
28954.403535,2453572894,2453574020,15965,1126
28954.421572,2453586460,2453587586,16003,1126
28954.433604,2453595507,2453596625,16152,1118
28954.464671,2453620400,2453621536,15966,1136
28954.476692,2453629506,2453630650,16281,1144
28954.520761,2453661195,2453662316,16000,1121
28954.532794,2453670257,2453671385,16320,1128
28954.556830,2453688340,2453689465,16008,1125
28954.568864,2453697397,2453698537,16349,1140
28954.592900,2453715541,2453716678,16244,1137
28954.604929,2453724598,2453725711,16147,1113
28954.616952,2453733632,2453734778,16335,1146
28954.628967,2453742704,2453743835,16004,1131
28954.657034,2453765295,2453766435,16346,1140
28954.674053,2453776643,2453777774,16002,1131
28954.689090,2453787981,2453789125,16382,1144
28954.701104,2453797111,2453798246,15964,1135
28954.722155,2453812948,2453814081,16346,1133
28954.734176,2453822000,2453823132,16383,1132
28954.779261,2453855959,2453857099,16376,1140
28954.794292,2453867339,2453868480,16348,1141
28954.824347,2453890024,2453891152,16465,1128
28954.836364,2453899064,2453900191,16335,1127
28954.851399,2453910448,2453911581,16387,1133
28954.863422,2453919725,2453920865,16333,1140
28954.875439,2453928748,2453929878,16119,1130
28954.887465,2453937801,2453938937,16439,1136
28954.899484,2453946864,2453947997,16356,1133
28954.911508,2453955857,2453957000,16041,1143
28954.923536,2453964934,2453966069,16390,1135
28954.935549,2453973986,2453975122,16120,1136
28954.947576,2453982992,2453984117,16039,1125
28954.959605,2453991971,2453993109,16385,1138
28954.971611,2454000960,2454002085,16086,1125
28954.983645,2454009953,2454011079,16044,1126
28954.996671,2454021264,2454022412,16081,1148
28955.079831,2454082082,2454083209,16442,1127
28955.091845,2454091088,2454092198,16063,1110
28955.105374,2454101571,2454102701,16085,1130
28955.177507,2454155660,2454156785,16041,1125
28955.189542,2454164659,2454165797,16368,1138
28955.204565,2454175942,2454177078,16109,1136
28955.216593,2454184976,2454186110,16388,1134
28955.240629,2454202997,2454204125,16219,1128
28955.252662,2454212010,2454213145,16391,1135
28955.303747,2454250295,2454251419,15958,1124
28955.315779,2454259345,2454260477,16349,1132
28955.327794,2454268365,2454269495,16119,1130
28955.345825,2454281884,2454283025,16160,1141
28955.357857,2454290909,2454292043,16036,1134
28955.408943,2454329263,2454330396,16156,1133
28955.420973,2454338291,2454339421,16038,1130
28955.445022,2454356383,2454357519,16293,1136
28955.457045,2454365399,2454366537,15956,1138
28955.469073,2454374539,2454375683,16320,1144
28955.496127,2454394990,2454396128,16345,1138
28955.508147,2454404131,2454405275,16378,1144
28955.520162,2454413306,2454414443,16001,1137
28955.532195,2454422424,2454423563,16410,1139
28955.550229,2454436043,2454437172,16389,1129
28955.562249,2454445056,2454446196,16369,1140
28955.619354,2454487944,2454489066,16048,1122
28955.631380,2454496973,2454498105,16456,1132
28955.643395,2454506007,2454507138,16210,1131
28955.655422,2454515027,2454516161,16073,1134
28955.667451,2454524063,2454525197,16390,1134
28955.679459,2454533083,2454534215,16105,1132
28955.691491,2454542080,2454543186,16334,1106
28955.712537,2454557849,2454558982,16395,1133
28955.724549,2454566925,2454568062,16122,1137
28955.751595,2454587274,2454588415,16163,1141
28955.763628,2454596342,2454597473,16286,1131
28955.775656,2454605358,2454606496,16386,1138
28955.787677,2454614407,2454615530,16360,1123
28955.799697,2454623401,2454624512,16240,1111
28955.811725,2454632378,2454633511,16388,1133
28955.823732,2454641430,2454642570,16159,1140
28955.835760,2454650487,2454651599,16099,1112
28955.847795,2454659495,2454660624,16373,1129
28955.877835,2454681978,2454683116,16162,1138
28955.889869,2454691011,2454692141,16039,1130
28955.913903,2454709061,2454710194,16082,1133
28955.925935,2454718111,2454719242,16070,1131
28955.943971,2454731684,2454732811,16035,1127
28955.955999,2454740707,2454741835,16392,1128
28955.968013,2454749767,2454750903,16116,1136
28955.986046,2454763346,2454764482,16034,1136
28955.998075,2454772369,2454773512,16038,1143
28956.052174,2454813105,2454814241,16031,1136
28956.064207,2454822155,2454823301,16322,1146
28956.076212,2454831181,2454832324,16087,1143
28956.094246,2454844740,2454845866,16078,1126
28956.106280,2454853732,2454854862,16121,1130
28956.124311,2454867269,2454868401,16075,1132
28956.136343,2454876340,2454877478,16371,1138
28956.151366,2454887573,2454888703,16037,1130
28956.163391,2454896612,2454897736,16262,1124
28956.181429,2454910111,2454911249,16368,1138
28956.193435,2454919145,2454920276,16087,1131
28956.208482,2454930420,2454931532,16233,1112
28956.220486,2454939402,2454940527,16079,1125
28956.235534,2454950714,2454951847,16417,1133
28956.247538,2454959756,2454960899,16000,1143
28956.259572,2454968757,2454969900,15974,1143
28956.271601,2454977809,2454978938,16403,1129
28956.292637,2454993612,2454994750,16356,1138
28956.304657,2455002610,2455003725,16233,1115
28956.319679,2455013889,2455015023,16168,1134
28956.331704,2455022905,2455024033,16216,1128
28956.343734,2455031960,2455033098,16441,1138
28956.355743,2455040992,2455042113,16080,1121
28956.367776,2455050030,2455051162,16249,1132
28956.379805,2455059066,2455060202,16276,1136
28956.391812,2455068118,2455069261,16000,1143
28956.403846,2455077115,2455078242,16041,1127
28956.415875,2455086142,2455087255,16228,1113
28956.427885,2455095164,2455096293,15997,1129
28956.464973,2455124498,2455125634,16037,1136
28956.536093,2455176329,2455177456,16113,1127
28956.548120,2455185503,2455186630,16039,1127
28956.560149,2455194511,2455195644,16395,1133
28956.572168,2455203537,2455204661,16456,1124
28956.584189,2455212540,2455213683,16046,1143
28956.596216,2455221640,2455222760,16202,1120
28956.608224,2455230646,2455231781,16169,1135
28956.620258,2455239667,2455240800,16152,1133
28956.641302,2455255471,2455256608,16463,1137
28956.653309,2455264472,2455265608,16161,1136
28956.672367,2455280243,2455281366,16185,1123
28956.713442,2455309603,2455310740,16463,1137
28956.725454,2455318667,2455319804,16042,1137
28956.740491,2455329984,2455331122,16487,1138
28956.755512,2455341245,2455342370,16000,1125
28956.776560,2455357133,2455358267,16448,1134
28956.788568,2455366175,2455367300,16085,1125
28956.800597,2455375180,2455376302,15995,1122
28956.872741,2455429240,2455430379,16290,1139
28956.884769,2455438277,2455439402,16394,1125
28956.905789,2455454063,2455455185,16079,1122
28956.917824,2455463047,2455464174,16053,1127
28956.932843,2455474322,2455475449,16159,1127
28956.959892,2455494639,2455495772,16082,1133
28956.971930,2455503672,2455504800,16370,1128
28956.983950,2455512740,2455513863,16417,1123
28957.092159,2455593912,2455595040,16369,1128
28957.104167,2455602922,2455604060,16081,1138
28957.116200,2455611945,2455613075,16055,1130
28957.128229,2455620999,2455622137,16398,1138
28957.140237,2455630024,2455631157,16160,1133
28957.152269,2455639009,2455640133,16055,1124
28957.164298,2455648037,2455649174,16485,1137
28957.176305,2455657275,2455658406,16079,1131
28957.188338,2455666255,2455667386,16011,1131
28957.209382,2455682019,2455683152,16365,1133
28957.221397,2455691059,2455692187,15962,1128
28957.287527,2455740652,2455741785,16073,1133
28957.299554,2455749679,2455750812,16393,1133
28957.311561,2455758674,2455759795,16086,1121
28957.323590,2455767709,2455768844,16203,1135
28957.335623,2455776762,2455777902,16389,1140
28957.347630,2455785795,2455786925,16085,1130
28957.359664,2455794813,2455795939,16031,1126
28957.377698,2455808317,2455809447,16035,1130
28957.389726,2455817332,2455818475,16384,1143
28957.419775,2455839942,2455841069,16030,1127
28957.431797,2455848997,2455850128,16033,1131
28957.443830,2455858034,2455859167,16400,1133
28957.455836,2455867035,2455868164,16091,1129
28957.467876,2455876040,2455877170,16107,1130
28957.479897,2455885048,2455886186,16293,1138
28957.491905,2455894082,2455895220,16085,1138
28957.503938,2455903095,2455904205,16148,1110
28957.524985,2455918862,2455919995,16400,1133
28957.537004,2455927876,2455929022,16329,1146
28957.573058,2455954973,2455956106,16079,1133
28957.585093,2455964005,2455965136,16039,1131
28957.636179,2456002330,2456003460,16083,1130
28957.648208,2456011380,2456012523,15999,1143
28957.660241,2456020455,2456021590,16399,1135
28957.672247,2456029538,2456030680,16163,1142
28957.693298,2456045320,2456046458,16036,1138
28957.705325,2456054376,2456055498,16457,1122
28957.717340,2456063391,2456064524,16127,1133
28957.729366,2456072420,2456073550,16132,1130
28957.747401,2456085967,2456087098,16124,1131
28957.759427,2456094989,2456096122,16371,1133
28957.771440,2456104001,2456105126,16127,1125
28957.783467,2456113082,2456114214,16306,1132
28957.795498,2456122099,2456123237,16467,1138
28957.807505,2456131111,2456132247,16080,1136
28957.819533,2456140127,2456141250,16225,1123
28957.837573,2456153609,2456154734,16115,1125
28957.849601,2456162618,2456163755,16471,1137
28957.897679,2456198745,2456199888,16160,1143
28957.909710,2456207750,2456208880,16035,1130
28957.960796,2456246046,2456247171,16079,1125
28957.972830,2456255059,2456256192,15989,1133
28957.984859,2456264126,2456265258,16375,1132
28958.061009,2456322810,2456323943,16108,1133
28958.165200,2456399451,2456400583,16368,1132
28958.180225,2456410738,2456411865,16116,1127
28958.192249,2456419778,2456420907,16352,1129
28958.204260,2456428864,2456429985,16161,1121
28958.216288,2456437866,2456438999,16302,1133
28958.228321,2456446885,2456448023,16475,1138
28958.240328,2456455873,2456457009,16087,1136
28958.276396,2456482941,2456484068,16082,1127
28958.288430,2456491968,2456493103,16035,1135
28958.300458,2456500988,2456502121,16385,1133
28958.312472,2456510005,2456511132,16042,1127
28958.324499,2456519024,2456520160,16036,1136
28958.375585,2456557332,2456558462,16080,1130
28958.387616,2456566375,2456567511,16305,1136
28958.399647,2456575476,2456576609,16424,1133
28958.411661,2456584488,2456585614,16037,1126
28958.423687,2456593486,2456594627,16033,1141
28958.435715,2456602501,2456603629,16396,1128
28958.447722,2456611499,2456612635,16159,1136
28958.465756,2456625003,2456626124,16077,1121
28958.477783,2456634003,2456635134,15964,1131
28958.495824,2456647547,2456648690,16010,1143
28958.507852,2456656591,2456657734,16467,1143
28958.519872,2456665629,2456666767,16259,1138
28958.537893,2456679140,2456680270,16158,1130
28958.549928,2456688124,2456689249,16123,1125
28958.598024,2456724275,2456725412,16391,1137
28958.610038,2456733319,2456734455,16000,1136
28958.634093,2456751415,2456752553,16356,1138
28958.646099,2456760417,2456761544,16081,1127
28958.700202,2456800983,2456802104,16158,1121
28958.712231,2456809990,2456811123,16223,1133
28958.724265,2456819045,2456820179,16392,1134
28958.742299,2456832627,2456833760,16468,1133
28958.793389,2456871011,2456872149,16304,1138
28958.805420,2456880068,2456881207,16398,1139
28958.823454,2456893848,2456894987,16387,1139
28958.835463,2456902901,2456904032,16025,1131
28958.847493,2456911950,2456913059,16054,1109
28958.859519,2456920977,2456922110,16356,1133
28958.871530,2456929989,2456931122,16087,1133
28958.907605,2456957103,2456958232,16002,1129
28958.919629,2456966159,2456967292,16236,1133
28958.931660,2456975226,2456976359,16369,1133
28958.943667,2456984277,2456985407,16079,1130
28958.955703,2456993338,2456994475,16290,1137
28958.967728,2457002364,2457003493,16398,1129
28958.979736,2457011385,2457012525,16088,1140
28959.012814,2457036365,2457037497,16433,1132
28959.024821,2457045465,2457046603,16084,1138
28959.112003,2457111087,2457112215,16487,1128
28959.124021,2457120154,2457121296,16405,1142
28959.136041,2457129246,2457130381,16222,1135
28959.148071,2457138322,2457139450,16277,1128
28959.160081,2457147391,2457148522,16129,1131
28959.172109,2457156431,2457157575,16139,1144
28959.190143,2457170024,2457171162,16219,1138
28959.202175,2457179082,2457180220,16392,1138
28959.229226,2457199466,2457200598,16388,1132
28959.240742,2457209916,2457211054,16364,1138
28959.272793,2457232518,2457233649,16088,1131
28959.284824,2457241582,2457242717,16227,1135
28959.335917,2457279990,2457281133,16166,1143
28959.347944,2457289081,2457290208,16213,1127
28959.365978,2457302670,2457303811,16306,1141
28959.378008,2457311716,2457312857,16469,1141
28959.438116,2457357033,2457358171,16309,1138
28959.450147,2457366208,2457367348,16370,1140
28959.501243,2457404651,2457405796,16315,1145
28959.513266,2457413771,2457414901,16364,1130
28959.525273,2457422782,2457423918,16043,1136
28959.543307,2457436375,2457437501,16085,1126
28959.555341,2457445436,2457446577,16212,1141
28959.567367,2457454511,2457455644,16242,1133
28959.585403,2457468048,2457469181,16384,1133
28959.597415,2457477097,2457478219,16120,1122
28959.624465,2457497484,2457498614,16124,1130
28959.636493,2457506516,2457507640,16225,1124
28959.648523,2457515560,2457516697,16388,1137
28959.693609,2457549739,2457550872,16367,1133
28959.705628,2457558783,2457559921,16362,1138
28959.756729,2457597287,2457598425,16398,1138
28959.768736,2457606329,2457607465,16089,1136
28959.855918,2457671936,2457673070,16403,1134
28959.880331,2457684655,2457685255,11999,600
28959.913019,2457702924,2457704053,16229,1129
28959.925048,2457711983,2457713115,16317,1132
28959.937072,2457721050,2457722181,16358,1131
28959.949086,2457730110,2457731243,16227,1133
28959.985156,2457757335,2457758475,16321,1140
28959.997185,2457766424,2457767562,16321,1138
28960.012208,2457777766,2457778899,16193,1133
28960.024237,2457786843,2457787976,16276,1133
28960.036263,2457795933,2457797066,16424,1133
28960.060305,2457814096,2457815234,16315,1138
28960.072329,2457823238,2457824373,16353,1135
28960.084345,2457832367,2457833500,16223,1133
28960.096374,2457841439,2457842572,16316,1133
28960.108398,2457850529,2457851662,16402,1133
28960.120416,2457859623,2457860762,16224,1139
28960.135449,2457870974,2457872103,16353,1129
28960.147463,2457880047,2457881180,16224,1133
28960.165499,2457893626,2457894758,16233,1132
28960.177528,2457902686,2457903832,16317,1146
28960.192550,2457914069,2457915202,16238,1133
28960.204579,2457923180,2457924312,16316,1132
28960.219602,2457934536,2457935664,16233,1128
28960.231631,2457943614,2457944752,16272,1138
28960.243655,2457952699,2457953828,16313,1129
28960.255670,2457961775,2457962914,16232,1139
28960.267700,2457970871,2457972004,16319,1133
28960.279724,2457979981,2457981111,16316,1130
28960.291741,2457989050,2457990192,16174,1142
28960.303768,2457998157,2457999285,16228,1128
28960.315794,2458007263,2458008393,16397,1130
28960.327808,2458016378,2458017520,16240,1142
28960.339836,2458025498,2458026630,16295,1132
28960.351861,2458034567,2458035700,16402,1133
28960.363876,2458043639,2458044772,16147,1133
28960.375905,2458052756,2458053889,16289,1133
28960.389433,2458061371,2458062497,16316,1126
28960.401455,2458070432,2458071564,16392,1132
28960.416482,2458081761,2458082890,16314,1129
28960.428506,2458090812,2458091950,16394,1138
28960.443533,2458102153,2458103285,16312,1132
28960.455558,2458111219,2458112364,16357,1145
28960.467573,2458120320,2458121447,16231,1127
28960.485610,2458134049,2458135194,16375,1145
28960.497635,2458143209,2458144357,16318,1148
28960.509659,2458152350,2458153493,16353,1143
28960.521676,2458161481,2458162619,16248,1138
28960.533708,2458170653,2458171788,16297,1135
28960.548730,2458182056,2458183193,16274,1137
28960.560755,2458191136,2458192274,16228,1138
28960.587807,2458211563,2458212696,16316,1133
28960.599831,2458220668,2458221801,16440,1133
28960.611848,2458229794,2458230945,16298,1151
28960.623877,2458238918,2458240056,16364,1138
28960.648930,2458259407,2458260544,16316,1137
28960.671968,2458275292,2458276436,16384,1144
28960.683985,2458284428,2458285566,16246,1138
28960.696012,2458293510,2458294648,16313,1138
28960.708037,2458302579,2458303716,16345,1137
28960.720053,2458311685,2458312807,16245,1122
28960.732081,2458320789,2458321929,16321,1140
28960.744105,2458329873,2458331013,16284,1140
28960.756124,2458338956,2458340102,16189,1146
28960.768150,2458348077,2458349214,16315,1137
28960.780174,2458357192,2458358325,16390,1133
28960.810224,2458379992,2458381130,16243,1138
28960.822252,2458389078,2458390224,16312,1146
28960.834277,2458398140,2458399273,16392,1133
28960.849304,2458409532,2458410664,16296,1132
28960.861328,2458418611,2458419757,16385,1146
28960.873345,2458427726,2458428865,16248,1139
28960.885374,2458436855,2458437985,16317,1130
28960.897398,2458445919,2458447057,16398,1138
28960.921443,2458464124,2458465256,16293,1132
28960.933467,2458473191,2458474326,16398,1135
28960.957512,2458491387,2458492530,16319,1143
28960.969535,2458500460,2458501605,16309,1145
28960.981551,2458509613,2458510750,16233,1137
28960.993580,2458518714,2458519847,16265,1133
28961.017620,2458536923,2458538064,16236,1141
28961.029648,2458546043,2458547188,16221,1145
28961.041673,2458555176,2458556321,16414,1145
28961.059707,2458568813,2458569945,16404,1132
28961.071722,2458577896,2458579036,16233,1140
28961.083751,2458586986,2458588124,16227,1138
28961.095776,2458596067,2458597196,16398,1129
28961.107790,2458605186,2458606319,16231,1133
28961.119820,2458614256,2458615383,16316,1127
28961.131844,2458623357,2458624485,16400,1128
28961.143859,2458632440,2458633578,16236,1138
28961.155888,2458641532,2458642674,16315,1142
28961.167913,2458650656,2458651786,16396,1130
28961.179928,2458659748,2458660885,16236,1137
28961.200974,2458675640,2458676778,16310,1138
28961.212999,2458684760,2458685890,16307,1130
28961.240050,2458705225,2458706354,16413,1129
28961.252065,2458714316,2458715444,16241,1128
28961.264094,2458723381,2458724519,16318,1138
28961.276120,2458732475,2458733613,16420,1138
28961.288132,2458741581,2458742718,16219,1137
28961.300163,2458750658,2458751795,16314,1137
28961.312186,2458759744,2458760881,16306,1137
28961.324202,2458768843,2458769982,16231,1139
28961.336231,2458777948,2458779084,16288,1136
28961.354266,2458791545,2458792682,16317,1137
28961.364327,2458800649,2458801777,16391,1128
28961.381317,2458811997,2458813130,16313,1133
28961.393341,2458821063,2458822196,16398,1133
28961.405357,2458830155,2458831293,16238,1138
28961.460475,2458873270,2458874410,16310,1140
28961.489523,2458893702,2458894835,16315,1133
28961.501548,2458902772,2458903900,16403,1128
28961.537616,2458930000,2458931138,16416,1138
28961.549634,2458939094,2458940233,16264,1139
28961.564668,2458950444,2458951569,16404,1125
28961.576683,2458959506,2458960639,16234,1133
28961.588712,2458968604,2458969739,16314,1135
28961.600736,2458977686,2458978809,16399,1123
28961.615763,2458989001,2458990138,16320,1137
28961.627787,2458998143,2458999283,16399,1140
28961.639806,2459007255,2459008397,16268,1142
28961.651831,2459016375,2459017508,16314,1133
28961.663856,2459025471,2459026608,16400,1137
28961.675871,2459034554,2459035687,16239,1133
28961.687900,2459043636,2459044784,16230,1148
28961.699925,2459052770,2459053903,16387,1133
28961.711940,2459061862,2459062997,16249,1135
28961.723967,2459070937,2459072070,16312,1133
28961.735992,2459080019,2459081162,16375,1143
28961.748008,2459089109,2459090242,16247,1133
28961.760036,2459098187,2459099328,16314,1141
28961.772060,2459107262,2459108394,16387,1132
28961.784076,2459116343,2459117471,16242,1128
28961.796105,2459125454,2459126592,16309,1138
28961.808129,2459134565,2459135703,16301,1138
28961.829162,2459150453,2459151591,16245,1138
28961.841190,2459159532,2459160661,16226,1129
28961.871249,2459182269,2459183402,16390,1133
28961.889283,2459195877,2459197023,16386,1146
28961.901300,2459204995,2459206124,16249,1129
28961.913327,2459214108,2459215246,16312,1138
28961.943386,2459236833,2459237971,16392,1138
28961.955403,2459245945,2459247087,16259,1142
28961.967430,2459255036,2459256159,16314,1123
28961.979455,2459264093,2459265225,16390,1132
28961.991471,2459273178,2459274319,16247,1141
28962.003500,2459282299,2459283436,16335,1137
28962.015523,2459291376,2459292514,16298,1138
28962.027542,2459300467,2459301598,16193,1131
28962.039568,2459309573,2459310713,16318,1140
28962.051592,2459318670,2459319826,16360,1156
28962.063609,2459327784,2459328917,16262,1133
28962.075635,2459336865,2459338000,16324,1135
28962.087661,2459345961,2459347099,16392,1138
28962.099677,2459355048,2459356183,16336,1135
28962.111708,2459364177,2459365323,16319,1146
28962.123730,2459373282,2459374425,16397,1143
28962.135746,2459382385,2459383526,16145,1141
28962.147774,2459391484,2459392617,16228,1133
28962.159799,2459400594,2459401732,16403,1138
28962.171814,2459409693,2459410826,16144,1133
28962.183843,2459418781,2459419909,16269,1128
28962.195867,2459427860,2459428993,16400,1133
28962.207887,2459436973,2459438107,16260,1134
28962.219911,2459446077,2459447221,16312,1144
28962.231936,2459455160,2459456289,16416,1129
28962.249970,2459468754,2459469881,16394,1127
28962.261986,2459477845,2459478985,16233,1140
28962.280019,2459491485,2459492613,16222,1128
28962.292049,2459500557,2459501685,16317,1128
28962.304073,2459509625,2459510758,16396,1133
28962.316089,2459518743,2459519876,16231,1133
28962.328117,2459527860,2459528993,16292,1133
28962.346151,2459541524,2459542662,16289,1138
28962.358176,2459550616,2459551757,16399,1141
28962.394245,2459577940,2459579077,16402,1137
28962.406260,2459587018,2459588151,16314,1133
28962.445340,2459616581,2459617727,16315,1146
28962.457365,2459625706,2459626839,16401,1133
28962.472394,2459637075,2459638207,16334,1132
28962.508460,2459664311,2459665457,16311,1146
28962.520487,2459673457,2459674601,16406,1144
28962.613655,2459743990,2459745120,16233,1130
28962.625683,2459753077,2459754206,16311,1129
28962.637708,2459762130,2459763267,16400,1137
28962.697821,2459807655,2459808785,16313,1130
28962.709845,2459816736,2459817869,16405,1133
28962.721862,2459825820,2459826949,16230,1129
28962.739894,2459839421,2459840554,16246,1133
28962.751922,2459848497,2459849633,16318,1136
28962.763948,2459857562,2459858694,16365,1132
28962.781981,2459871151,2459872302,16382,1151
28962.793997,2459880289,2459881427,16251,1138
28962.821049,2459900817,2459901958,16250,1141
28962.836084,2459912212,2459913357,16384,1145
28962.854118,2459925846,2459926984,16387,1138
28962.866134,2459934965,2459936111,16250,1146
28962.878162,2459944075,2459945221,16312,1146
28962.890187,2459953167,2459954307,16386,1140
28962.902203,2459962334,2459963473,16247,1139
28962.920237,2459975946,2459977084,16248,1138
28962.932268,2459985046,2459986173,16315,1127
28962.944291,2459994169,2459995306,16399,1137
28962.956306,2460003298,2460004422,16233,1124
28962.968335,2460012359,2460013499,16311,1140
28962.989377,2460028306,2460029437,16385,1131
28963.001392,2460037399,2460038527,16310,1128
28963.013421,2460046501,2460047647,16402,1146
28963.037461,2460064705,2460065849,16234,1144
28963.049490,2460073825,2460074963,16403,1138
28963.085558,2460101114,2460102249,16317,1135
28963.100581,2460112488,2460113620,16229,1132
28963.112610,2460121551,2460122685,16316,1134
28963.124634,2460130661,2460131789,16417,1128
28963.136651,2460139757,2460140896,16231,1139
28963.152691,2460153383,2460154521,16232,1138
28963.187754,2460178356,2460179489,16397,1133
28963.199769,2460187459,2460188592,16232,1133
28963.211798,2460196522,2460197649,16313,1127
28963.223823,2460205633,2460206773,16385,1140
28963.235838,2460214763,2460215908,16235,1145
28963.247868,2460223902,2460225047,16315,1145
28963.259891,2460232999,2460234134,16402,1135
28963.271905,2460242090,2460243229,16223,1139
28963.283935,2460251181,2460252324,16291,1143
28963.301970,2460264832,2460265969,16310,1137
28963.313994,2460273930,2460275063,16401,1133
28963.329021,2460285266,2460286408,16317,1142
28963.341046,2460294368,2460295506,16385,1138
28963.353061,2460303464,2460304612,16248,1148
28963.365088,2460312593,2460313730,16312,1137
28963.434215,2460364886,2460366022,16247,1136
28963.446243,2460373972,2460375110,16315,1138
28963.539421,2460444514,2460445641,16385,1127
28963.551441,2460453625,2460454768,16177,1143
28963.563467,2460462787,2460463927,16306,1140
28963.575491,2460471918,2460473058,16400,1140
28963.587506,2460481046,2460482184,16185,1138
28963.599535,2460490150,2460491290,16315,1140
28963.611560,2460499233,2460500362,16399,1129
28963.623575,2460508364,2460509497,16233,1133
28963.635604,2460517443,2460518572,16321,1129
28963.647629,2460526505,2460527643,16397,1138
28963.659646,2460535587,2460536732,16269,1145
28963.671673,2460544712,2460545841,16317,1129
28963.683697,2460553806,2460554951,16402,1145
28963.695712,2460562908,2460564035,16231,1127
28963.707743,2460572023,2460573165,16318,1142
28963.737800,2460594798,2460595944,16400,1146
28963.749817,2460603927,2460605060,16247,1133
28963.773867,2460622126,2460623264,16390,1138
28963.785883,2460631214,2460632357,16245,1143
28963.809936,2460649418,2460650556,16386,1138
28963.821952,2460658543,2460659680,16249,1137
28963.876056,2460699479,2460700618,16252,1139
28963.906117,2460722185,2460723323,16318,1138
28963.918141,2460731247,2460732384,16402,1137
28963.930158,2460740367,2460741506,16227,1139
28963.945193,2460751744,2460752882,16387,1138
28963.957210,2460760850,2460761983,16232,1133
28963.969238,2460769923,2460771057,16316,1134
28963.984261,2460781263,2460782404,16211,1141
28964.035366,2460820006,2460821147,16369,1141
28964.047381,2460829116,2460830249,16239,1133
28964.059404,2460838383,2460839523,16229,1140
28964.071434,2460847444,2460848579,16488,1135
28964.083445,2460856468,2460857610,16135,1142
28964.095472,2460865595,2460866732,16276,1137
28964.107503,2460874664,2460875802,16392,1138
28964.119523,2460883740,2460884877,16276,1137
28964.131541,2460892829,2460893964,16233,1135
28964.143572,2460901937,2460903070,16371,1133
28964.168615,2460922305,2460923443,16405,1138
28964.191648,2460938158,2460939299,16167,1141
28964.203681,2460947239,2460948385,16274,1146
28964.215706,2460956327,2460957450,16277,1123
28964.227720,2460965377,2460966520,16173,1143
28964.239750,2460974446,2460975587,16265,1141
28964.251777,2460983541,2460984687,16389,1146
28964.263791,2460992612,2460993750,15931,1138
28964.275811,2461001728,2461002848,15933,1120
28964.287847,2461010783,2461011907,16387,1124
28964.299861,2461019817,2461020962,16293,1145
28964.317900,2461033492,2461034628,16364,1136
28964.329921,2461042576,2461043711,16254,1135
28964.356970,2461063016,2461064149,16228,1133
28964.369000,2461072121,2461073248,16356,1127
28964.393038,2461090247,2461091393,16310,1146
28964.405069,2461099364,2461100497,16447,1133
28964.426092,2461115213,2461116343,16089,1130
28964.438124,2461124272,2461125409,16221,1137
28964.456158,2461137940,2461139077,16225,1137
28964.468189,2461147030,2461148164,16397,1134
28964.480200,2461156051,2461157189,16143,1138
28964.498231,2461169633,2461170759,16086,1126
28964.510268,2461178723,2461179863,16312,1140
28964.564360,2461219537,2461220670,16219,1133
28964.576394,2461228632,2461229783,16366,1151
28964.588402,2461237721,2461238846,16088,1125
28964.615466,2461258124,2461259259,16370,1135
28964.627485,2461267220,2461268353,16303,1133
28964.639514,2461276241,2461277383,16381,1142
28964.657548,2461289855,2461290998,16382,1143
28964.669556,2461298890,2461300017,16084,1127
28964.711649,2461330576,2461331709,16358,1133
28964.723670,2461339650,2461340783,16346,1133
28964.735690,2461348727,2461349865,16247,1138
28964.753724,2461362318,2461363451,16308,1133
28964.765755,2461371404,2461372537,16358,1133
28964.783789,2461384973,2461386115,16392,1142
28964.795807,2461394033,2461395166,16347,1133
28964.807835,2461403123,2461404256,16232,1133
28964.825862,2461416728,2461417857,16234,1129
28964.837892,2461425795,2461426924,16367,1129
28964.873960,2461452874,2461454007,16473,1133
28964.885968,2461461904,2461463040,16167,1136
28964.897998,2461470945,2461472073,16230,1128
28964.925050,2461491352,2461492485,16313,1133
28964.937080,2461500431,2461501555,16370,1124
28964.949098,2461509467,2461510617,16435,1150
28964.961115,2461518568,2461519712,16301,1144
28964.985156,2461536687,2461537817,16166,1130
28965.000201,2461548026,2461549161,16466,1135
28965.030241,2461570676,2461571810,16090,1134
28965.042273,2461579795,2461580930,16319,1135
28965.063321,2461595681,2461596819,16404,1138
28965.075328,2461604700,2461605831,16091,1131
28965.087359,2461613784,2461614917,16215,1133
28965.132445,2461647747,2461648885,16293,1138
28965.144477,2461656840,2461657972,16423,1132
28965.156491,2461665917,2461667057,16247,1140
28965.171528,2461677260,2461678398,16487,1138
28965.192554,2461693081,2461694219,16244,1138
28965.204588,2461702156,2461703297,16333,1141
28965.216611,2461711261,2461712391,16361,1130
28965.231633,2461722550,2461723668,16305,1118
28965.243663,2461731582,2461732720,16469,1138
28965.255680,2461740635,2461741768,16254,1133
28965.267704,2461749706,2461750852,16265,1146
28965.279732,2461758830,2461759970,16367,1140
28965.291739,2461767886,2461769029,16085,1143
28965.303776,2461776979,2461778107,16313,1128
28965.315799,2461786035,2461787172,16356,1137
28965.327808,2461795062,2461796190,16086,1128
28965.339839,2461804140,2461805264,16246,1124
28965.351869,2461813208,2461814337,16346,1129
28965.363888,2461822304,2461823434,16345,1130
28965.381911,2461835892,2461837023,16083,1131
28965.393942,2461844943,2461846082,16235,1139
28965.417980,2461863105,2461864242,16086,1137
28965.430010,2461872185,2461873323,16239,1138
28965.457058,2461892646,2461893788,16299,1142
28965.469092,2461901757,2461902885,16373,1128
28965.481110,2461910795,2461911930,16344,1135
28965.493126,2461919897,2461921017,16062,1120
28965.559264,2461969708,2461970833,16358,1125
28965.569282,2461978826,2461979982,16352,1156
28965.595332,2461997108,2461998255,16357,1147
28965.607354,2462006237,2462007374,16367,1137
28965.619371,2462015367,2462016507,16255,1140
28965.631399,2462024516,2462025661,16461,1145
28965.643416,2462033642,2462034777,16380,1135
28965.655439,2462042761,2462043891,16311,1130
28965.667470,2462051796,2462052942,16395,1146
28965.679488,2462060923,2462062069,16434,1146
28965.700531,2462076845,2462077991,16371,1146
28965.712554,2462085949,2462087094,16440,1145
28965.772662,2462131294,2462132429,16235,1135
28965.784693,2462140372,2462141501,16450,1129
28965.808730,2462158543,2462159681,16234,1138
28965.820761,2462167628,2462168751,16365,1123
28965.872851,2462208289,2462209424,16391,1135
28965.895899,2462224183,2462225323,16347,1140
28965.907919,2462233280,2462234431,16232,1151
28965.919950,2462242393,2462243536,16370,1143
28965.931968,2462251492,2462252620,16347,1128
28965.943983,2462260601,2462261720,16016,1119
28965.956017,2462269628,2462270766,16391,1138
28965.968037,2462278692,2462279826,16356,1134
28965.980056,2462287813,2462288953,16146,1140
28965.992089,2462296927,2462298072,16370,1145
28966.004106,2462306006,2462307141,16360,1135
28966.016125,2462315105,2462316249,16251,1144
28966.028154,2462324203,2462325334,16361,1131
28966.040173,2462333241,2462334370,16350,1129
28966.052194,2462342344,2462343475,16256,1131
28966.064224,2462351392,2462352511,16453,1119
28966.076242,2462360483,2462361615,16432,1132
28966.088262,2462369572,2462370705,16296,1133
28966.100291,2462378666,2462379806,16384,1140
28966.205485,2462458147,2462459288,16233,1141
28966.217516,2462467224,2462468357,16374,1133
28966.235551,2462480870,2462482002,16377,1132
28966.247566,2462489929,2462491062,16249,1133
28966.259591,2462498987,2462500124,16263,1137
28966.271619,2462508092,2462509233,16368,1141
28966.283637,2462517184,2462518323,16351,1139
28966.301673,2462530821,2462531949,16365,1128
28966.313691,2462539883,2462541010,16230,1127
28966.421897,2462621388,2462622518,16318,1130
28966.433928,2462630503,2462631630,16369,1127
28966.445944,2462639563,2462640700,16253,1137
28966.506065,2462684905,2462686043,16377,1138
28966.518081,2462694009,2462695142,16339,1133
28966.629291,2462777824,2462778953,16235,1129
28966.641323,2462787154,2462788287,16389,1133
28966.695421,2462827935,2462829072,16389,1137
28966.707443,2462837033,2462838165,16308,1132
28966.719463,2462846100,2462847238,16165,1138
28966.731492,2462855155,2462856291,16268,1136
28966.743509,2462864232,2462865365,16178,1133
28966.755531,2462873332,2462874464,16164,1132
28966.767560,2462882391,2462883524,16272,1133
28966.785596,2462895965,2462897101,16445,1136
28966.797611,2462905032,2462906168,16448,1136
28966.836681,2462934547,2462935665,16021,1118
28966.848717,2462943821,2462944953,16344,1132
28966.920853,2462998066,2462999204,16455,1138
28966.932870,2463007114,2463008246,16342,1132
28966.947904,2463018396,2463019525,16430,1129
28966.959921,2463027424,2463028551,16355,1127
28966.977955,2463041037,2463042164,16416,1127
28966.989986,2463050106,2463051217,16233,1111
28967.017021,2463070466,2463071587,15982,1121
28967.029059,2463079546,2463080672,16539,1126
28967.044080,2463090856,2463091984,16239,1128
28967.056111,2463099895,2463101024,16509,1129
28967.068127,2463108970,2463110098,16424,1128
28967.086161,2463122558,2463123698,16331,1140
28967.098179,2463131611,2463132720,16018,1109
28967.113213,2463142900,2463144035,16337,1135
28967.125230,2463151961,2463153073,16019,1112
28967.164317,2463181369,2463182505,16500,1136
28967.176336,2463190440,2463191575,16366,1135
28967.188363,2463199495,2463200608,16153,1113
28967.248471,2463244714,2463245850,16352,1136
28967.260494,2463253814,2463254927,16082,1113
28967.368693,2463335275,2463336396,16017,1121
28967.380729,2463344339,2463345475,16436,1136
28967.461883,2463405602,2463406746,16589,1144
28967.473899,2463414685,2463415818,16377,1133
28967.528001,2463455326,2463456464,16335,1138
28967.540023,2463464426,2463465565,16163,1139
28967.552055,2463473469,2463474618,16500,1149
28967.576084,2463491579,2463492700,15980,1121
28967.588120,2463500626,2463501762,16407,1136
28967.600139,2463509685,2463510823,16248,1138
28967.612156,2463518761,2463519873,15916,1112
28967.624191,2463527848,2463528983,16328,1135
28967.669278,2463561767,2463562904,16500,1137
28967.684304,2463573139,2463574256,16199,1117
28967.696329,2463582179,2463583308,16567,1129
28967.708348,2463591250,2463592378,16493,1128
28967.720362,2463600317,2463601436,16093,1119
28967.732398,2463609376,2463610512,16451,1136
28967.744414,2463618460,2463619593,16350,1133
28967.789501,2463652404,2463653534,16356,1130
28967.801516,2463661468,2463662588,16098,1120
28967.879670,2463720376,2463721509,16333,1133
28967.891688,2463729529,2463730654,16059,1125
28967.903725,2463738565,2463739697,16507,1132
28967.915741,2463747648,2463748786,16353,1138
28967.927756,2463756737,2463757853,16098,1116
28967.939790,2463765861,2463767002,16430,1141
28967.951807,2463774949,2463776094,16430,1145
28967.964839,2463786246,2463787374,16505,1128
28967.984875,2463799794,2463800922,16414,1128
28967.996893,2463808833,2463809969,16425,1136
28968.008911,2463817944,2463819070,16095,1126
28968.020945,2463827015,2463828144,16493,1129
28968.041981,2463842859,2463843992,16266,1133
28968.053993,2463851960,2463853079,15998,1119
28968.084062,2463874617,2463875746,16308,1129
28968.096083,2463883699,2463884827,16438,1128
28968.114116,2463897266,2463898403,16342,1137
28968.126134,2463906347,2463907456,16097,1109
28968.141169,2463917685,2463918820,16350,1135
28968.216310,2463974390,2463975524,16246,1134
28968.228340,2463983476,2463984607,16440,1131
28968.240358,2463992521,2463993652,16329,1131
28968.252373,2464001582,2464002696,15935,1114
28968.288444,2464028843,2464029961,16043,1118
28968.300478,2464037878,2464039005,16504,1127
28968.321510,2464053690,2464054830,16434,1140
28968.333532,2464062761,2464063894,16258,1133
28968.423704,2464130631,2464131765,16242,1134
28968.435734,2464139718,2464140853,16437,1135
28968.453770,2464153307,2464154429,16477,1122
28968.465785,2464162351,2464163480,16337,1129
28968.495837,2464185000,2464186109,16022,1109
28968.507872,2464194087,2464195219,16409,1132
28968.531910,2464212216,2464213352,16228,1136
28968.543941,2464221280,2464222417,16504,1137
28968.555958,2464230354,2464231487,16353,1133
28968.567974,2464239423,2464240545,15935,1122
28968.580007,2464248460,2464249602,16329,1142
28968.592025,2464257520,2464258657,16249,1137
28968.604042,2464266572,2464267681,16020,1109
28968.616077,2464275601,2464276741,16371,1140
28968.634112,2464289247,2464290393,16356,1146
28968.646128,2464298303,2464299441,16339,1138
28968.700231,2464339023,2464340160,16391,1137
28968.712245,2464348088,2464349206,15978,1118
28968.745317,2464373014,2464374142,16356,1128
28968.757338,2464382106,2464383219,16121,1113
28968.772371,2464393444,2464394582,16407,1138
28968.853522,2464454512,2464455656,16419,1144
28968.865542,2464463604,2464464716,16042,1112
28968.877576,2464472669,2464473811,16564,1142
28968.904627,2464493025,2464494162,16508,1137
28968.916643,2464502122,2464503249,16342,1127
28968.928664,2464511183,2464512306,16312,1123
28968.961729,2464536051,2464537171,16421,1120
28968.973758,2464545105,2464546214,16156,1109
28968.985780,2464554118,2464555260,16504,1142
28969.000797,2464565479,2464566599,16096,1120
28969.012833,2464574505,2464575651,16506,1146
28969.057919,2464608510,2464609640,16507,1130
28969.071445,2464615286,2464615926,13733,640
28969.084332,2464621134,2464621733,12027,599
28969.101493,2464630012,2464631141,16242,1129
28969.113522,2464639084,2464640220,16318,1136
28969.128544,2464650429,2464651551,16241,1122
28969.140572,2464659528,2464660657,16234,1129
28969.152596,2464668595,2464669722,16402,1127
28969.164613,2464677645,2464678784,16334,1139
28969.176640,2464686725,2464687868,16373,1143
28969.191664,2464698080,2464699218,16256,1138
28969.203692,2464707166,2464708304,16326,1138
28969.215716,2464716244,2464717372,16397,1128
28969.227733,2464725303,2464726436,16213,1133
28969.239761,2464734377,2464735505,16238,1128
28969.257795,2464747978,2464749111,16320,1133
28969.269819,2464757055,2464758193,16396,1138
28969.281836,2464766122,2464767260,16255,1138
28969.300884,2464782019,2464783155,16320,1136
28969.317904,2464793385,2464794523,16244,1138
28969.329932,2464802502,2464803635,16324,1133
28969.341960,2464811620,2464812744,16406,1124
28969.384037,2464843355,2464844495,16315,1140
28969.396061,2464852438,2464853574,16408,1136
28969.408080,2464861525,2464862671,16268,1146
28969.420105,2464870607,2464871740,16321,1133
28969.432129,2464879669,2464880804,16318,1135
28969.444145,2464888757,2464889890,16237,1133
28969.504266,2464934202,2464935348,16374,1146
28969.516284,2464943340,2464944472,16268,1132
28969.528311,2464952411,2464953560,16280,1149
28969.540335,2464961519,2464962657,16406,1138
28969.552350,2464970623,2464971761,16154,1138
28969.564379,2464979711,2464980851,16321,1140
28969.577905,2464988235,2464989355,16321,1120
28969.589929,2464997309,2464998444,16406,1135
28969.604957,2465008652,2465009790,16320,1138
28969.616981,2465017754,2465018892,16364,1138
28969.628996,2465026846,2465027982,16238,1136
28969.641025,2465035937,2465037080,16280,1143
28969.657063,2465049563,2465050690,16326,1127
28969.677093,2465063181,2465064309,16368,1128
28969.689118,2465072252,2465073379,16492,1127
28969.705147,2465085859,2465086996,16402,1137
28969.725187,2465099519,2465100657,16408,1138
28969.737202,2465108633,2465109763,16237,1130
28969.749231,2465117744,2465118882,16323,1138
28969.761255,2465126847,2465127971,16409,1124
28969.776284,2465138222,2465139360,16343,1138
28969.788307,2465147326,2465148454,16411,1128
28969.800322,2465156440,2465157578,16218,1138
28969.812351,2465165499,2465166634,16320,1135
28969.828389,2465179162,2465180307,16322,1145
28969.848420,2465192848,2465193991,16323,1143
28969.860444,2465201928,2465203055,16318,1127
28969.875471,2465213260,2465214400,16321,1140
28969.887496,2465222379,2465223515,16411,1136
28969.899511,2465231487,2465232620,16241,1133
28969.911539,2465240582,2465241727,16231,1145
28969.923564,2465249665,2465250803,16410,1138
28969.935579,2465258778,2465259911,16317,1133
28969.947608,2465267905,2465269038,16408,1133
28969.959633,2465276990,2465278125,16396,1135
28969.971648,2465286074,2465287202,16167,1128
28969.983676,2465295139,2465296282,16327,1143
28970.013734,2465317836,2465318974,16400,1138
28970.025750,2465326911,2465328040,16336,1129
28970.040786,2465338281,2465339421,16392,1140
28970.055813,2465349677,2465350813,16322,1136
28970.067837,2465358772,2465359907,16409,1135
28970.079854,2465367870,2465369007,16258,1137
28970.091881,2465376953,2465378099,16234,1146
28970.103905,2465386035,2465387173,16348,1138
28970.115921,2465395113,2465396241,16156,1128
28970.127950,2465404164,2465405298,16322,1134
28970.145984,2465417806,2465418944,16405,1138
28970.158009,2465426902,2465428040,16402,1138
28970.176044,2465440536,2465441665,16406,1129
28970.188060,2465449626,2465450758,16135,1132
28970.200088,2465458709,2465459834,16238,1125
28970.212113,2465467779,2465468914,16408,1135
28970.224130,2465476870,2465478011,16176,1141
28970.236157,2465485959,2465487092,16321,1133
28970.248181,2465495072,2465496196,16360,1124
28970.260197,2465504151,2465505279,16238,1128
28970.272227,2465513227,2465514368,16338,1141
28970.284250,2465522321,2465523472,16382,1151
28970.305282,2465538224,2465539362,16240,1138
28970.317313,2465547333,2465548468,16341,1135
28970.329336,2465556422,2465557557,16489,1135
28970.344362,2465567754,2465568892,16325,1138
28970.356387,2465576821,2465577959,16404,1138
28970.368407,2465585945,2465587087,16267,1142
28970.380431,2465595034,2465596174,16321,1140
28970.431522,2465633597,2465634734,16239,1137
28970.443551,2465642686,2465643816,16325,1130
28970.461585,2465656349,2465657486,16315,1137
28970.473610,2465665442,2465666566,16410,1124
28970.536732,2465713182,2465714315,16431,1133
28970.548745,2465722263,2465723401,16154,1138
28970.564788,2465735894,2465737026,16187,1132
28970.581814,2465747478,2465748616,16350,1138
28970.593831,2465756588,2465757716,16208,1128
28970.623893,2465779310,2465780438,16268,1128
28970.647934,2465797510,2465798648,16213,1138
28970.659961,2465806602,2465807747,16329,1145
28970.671986,2465815767,2465816904,16410,1137
28970.684008,2465824945,2465826082,16219,1137
28970.696032,2465834092,2465835233,16346,1141
28970.708053,2465843249,2465844387,16324,1138
28970.720077,2465852370,2465853518,16323,1148
28970.732099,2465861492,2465862630,16326,1138
28970.744123,2465870594,2465871732,16350,1138
28970.756142,2465879685,2465880831,16283,1146
28970.768167,2465888819,2465889948,16234,1129
28970.780193,2465897909,2465899040,16405,1131
28970.792208,2465907002,2465908140,16235,1138
28970.804237,2465916081,2465917227,16325,1146
28970.816262,2465925204,2465926341,16412,1137
28970.828277,2465934321,2465935456,16165,1135
28970.840306,2465943450,2465944596,16236,1146
28970.852330,2465952545,2465953685,16463,1140
28970.876374,2465970770,2465971910,16330,1140
28970.888399,2465979871,2465981009,16462,1138
28970.903426,2465991241,2465992387,16321,1146
28970.921460,2466004874,2466006011,16332,1137
28970.933485,2466013987,2466015123,16388,1136
28970.945500,2466023097,2466024241,16321,1144
28970.975563,2466045858,2466046993,16409,1135
28970.987587,2466054980,2466056108,16358,1128
28970.999603,2466064084,2466065225,16233,1141
28971.012632,2466075465,2466076598,16356,1133
28971.047700,2466100475,2466101604,16312,1129
28971.059724,2466109548,2466110674,16416,1126
28971.071740,2466118635,2466119768,16190,1133
28971.083768,2466127695,2466128833,16317,1138
28971.095793,2466136794,2466137930,16406,1136
28971.113827,2466150461,2466151594,16398,1133
28971.125842,2466159536,2466160671,16190,1135
28971.143877,2466173169,2466174302,16192,1133
28971.155905,2466182266,2466183409,16226,1143
28971.167931,2466191382,2466192523,16408,1141
28971.179948,2466200506,2466201652,16262,1146
28971.191974,2466209606,2466210747,16266,1141
28971.203999,2466218723,2466219856,16399,1133
28971.273129,2466270974,2466272107,16317,1133
28971.285153,2466280068,2466281209,16369,1141
28971.297168,2466289143,2466290276,16234,1133
28971.309197,2466298226,2466299362,16313,1136
28971.321222,2466307335,2466308465,16396,1130
28971.384341,2466355026,2466356169,16397,1143
28971.405373,2466371020,2466372158,16223,1138
28971.501565,2466443717,2466444858,16399,1141
28971.513580,2466452828,2466453974,16235,1146
28971.591736,2466511947,2466513087,16401,1140
28971.603750,2466521062,2466522195,16220,1133
28971.615782,2466530236,2466531374,16312,1138
28971.627805,2466539304,2466540445,16282,1141
28971.639820,2466548380,2466549513,16234,1133
28971.651849,2466557442,2466558574,16269,1132
28971.663873,2466566513,2466567657,16311,1144
28971.675888,2466575599,2466576730,16238,1131
28971.687917,2466584683,2466585825,16231,1142
28971.708959,2466600626,2466601757,16395,1131
28971.720974,2466609711,2466610838,16190,1127
28971.754045,2466634705,2466635843,16413,1138
28971.766060,2466643825,2466644963,16239,1138
28971.796124,2466666568,2466667706,16318,1138
28971.808148,2466675686,2466676832,16368,1146
28971.820165,2466684814,2466685955,16259,1141
28971.832192,2466693939,2466695068,16313,1129
28971.844216,2466703003,2466704147,16484,1144
28971.856234,2466712101,2466713247,16344,1146
28971.868261,2466721208,2466722342,16401,1134
28971.913346,2466755301,2466756452,16400,1151
28971.925371,2466764422,2466765549,16406,1127
28971.943405,2466778049,2466779186,16482,1137
28971.955420,2466787103,2466788231,16283,1128
28971.967449,2466796187,2466797320,16377,1133
28971.979473,2466805255,2466806387,16447,1132
28972.000504,2466821133,2466822271,16302,1138
28972.012535,2466830254,2466831400,16313,1146
28972.024559,2466839368,2466840505,16308,1137
28972.039586,2466850772,2466851918,16313,1146
28972.051610,2466859903,2466861043,16369,1140
28972.063626,2466869019,2466870159,16233,1140
28972.075655,2466878108,2466879239,16230,1131
28972.096696,2466894049,2466895195,16392,1146
28972.108711,2466903157,2466904283,16233,1126
28972.141782,2466928135,2466929262,16398,1127
28972.153798,2466937231,2466938364,16238,1133
28972.165826,2466946326,2466947463,16323,1137
28972.177851,2466955408,2466956546,16485,1138
28972.213919,2466982700,2466983837,16482,1137
28972.225937,2466991817,2466992968,16268,1151
28972.237963,2467000908,2467002039,16320,1131
28972.292067,2467041810,2467042941,16322,1131
28972.304091,2467050911,2467052039,16404,1128
28972.316106,2467059998,2467061149,16238,1151
28972.328135,2467069117,2467070256,16399,1139
28972.340159,2467078240,2467079369,16488,1129
28972.352175,2467087313,2467088440,16320,1127
28972.364204,2467096399,2467097534,16228,1135
28972.376228,2467105504,2467106641,16398,1137
28972.388243,2467114636,2467115769,16237,1133
28972.400272,2467123738,2467124882,16318,1144
28972.412296,2467132821,2467133961,16367,1140
28972.424313,2467141905,2467143035,16232,1130
28972.436341,2467150991,2467152140,16315,1149
28972.448364,2467160096,2467161231,16399,1135
28972.460383,2467169170,2467170313,16251,1143
28972.472411,2467178305,2467179444,16208,1139
28972.484433,2467187387,2467188525,16296,1138
28972.517497,2467212354,2467213483,16295,1129
28972.529518,2467221422,2467222555,16380,1133
28972.541535,2467230532,2467231668,16252,1136
28972.560583,2467246436,2467247569,16313,1133
28972.625703,2467294159,2467295303,16315,1144
28972.637723,2467303285,2467304409,16381,1124
28972.664776,2467323677,2467324810,16470,1133
28972.676794,2467332779,2467333922,16287,1143
28972.697839,2467348700,2467349845,16318,1145
28972.709861,2467357798,2467358931,16382,1133
28972.721878,2467366869,2467368007,16246,1138
28972.745929,2467385022,2467386151,16354,1129
28972.757946,2467394086,2467395213,16207,1127
28972.772981,2467405444,2467406581,16353,1137
28972.784997,2467414547,2467415685,16162,1138
28972.809050,2467432798,2467433935,16384,1137
28972.821066,2467441880,2467443018,16335,1138
28972.833097,2467450960,2467452098,16400,1138
28972.845118,2467460047,2467461179,16397,1132
28972.857135,2467469162,2467470299,16249,1137
28972.878183,2467485074,2467486206,16318,1132
28972.890204,2467494186,2467495332,16354,1146
28972.902221,2467503296,2467504429,16245,1133
28972.926272,2467521439,2467522578,16383,1139
28972.959337,2467546404,2467547542,16403,1138
28972.971359,2467555517,2467556650,16394,1133
28972.983375,2467564613,2467565746,16247,1133
28973.040491,2467607808,2467608941,16291,1133
28973.052512,2467616905,2467618043,16382,1138
28973.064529,2467626002,2467627141,16247,1139
28973.088583,2467644190,2467645328,16395,1138
28973.100598,2467653296,2467654429,16144,1133
28973.152709,2467694155,2467695293,16226,1138
28973.164733,2467703266,2467704409,16310,1143
28973.187771,2467719216,2467720348,16398,1132
28973.199786,2467728319,2467729457,16232,1138
28973.211815,2467737426,2467738557,16228,1131
28973.223840,2467746500,2467747628,16400,1128
28973.235857,2467755651,2467756796,16398,1145
28973.247876,2467764744,2467765882,16027,1138
28973.259905,2467773842,2467774975,16372,1133
28973.271925,2467782893,2467784031,16375,1138
28973.283944,2467791903,2467793033,16034,1130
28973.295977,2467800961,2467802099,16376,1138
28973.307995,2467810016,2467811147,16377,1131
28973.320012,2467819044,2467820185,16106,1141
28973.332044,2467828090,2467829202,16208,1112
28973.344065,2467837132,2467838264,16362,1132
28973.356081,2467846170,2467847296,16027,1126
28973.374116,2467859752,2467860881,16110,1129
28973.386147,2467868794,2467869906,16295,1112
28973.410186,2467886883,2467888016,16229,1133
28973.422213,2467895933,2467897071,16441,1138
28973.452268,2467918526,2467919655,16373,1129
28973.464287,2467927578,2467928703,16110,1125
28973.476316,2467936644,2467937783,16358,1139
28973.512385,2467963775,2467964904,16367,1129
28973.524405,2467972861,2467973990,16378,1129
28973.536432,2467981890,2467983026,16108,1136
28973.612575,2468040766,2468041890,16370,1124
28973.641631,2468061116,2468062247,16355,1131
28973.653647,2468070122,2468071252,16029,1130
28973.704748,2468108618,2468109751,16459,1133
28973.716767,2468117642,2468118773,16028,1131
28973.767868,2468156125,2468157260,16369,1135
28973.779887,2468165180,2468166308,16028,1128
28973.791920,2468174269,2468175403,16372,1134
28973.809950,2468187853,2468188990,16354,1137
28973.821971,2468196904,2468198041,16373,1137
28973.861044,2468226368,2468227501,16312,1133
28973.873071,2468235442,2468236575,16274,1133
28973.885091,2468244495,2468245625,16258,1130
28973.897110,2468253556,2468254687,15990,1131
28973.927174,2468276159,2468277297,16359,1138
28973.942196,2468287478,2468288614,16026,1136
28973.984280,2468319163,2468320296,16260,1133
28974.029365,2468353086,2468354214,16374,1128
28974.041384,2468362136,2468363270,16032,1134
28974.068436,2468382504,2468383634,16025,1130
28974.080467,2468391592,2468392730,16295,1138
28974.131564,2468430068,2468431209,16113,1141
28974.143585,2468439129,2468440269,16358,1140
28974.155605,2468448204,2468449337,16377,1133
28974.167627,2468457251,2468458383,16232,1132
28974.179653,2468466299,2468467432,16356,1133
28974.191676,2468475374,2468476501,16345,1127
28974.215722,2468493482,2468494615,16366,1133
28974.227743,2468502512,2468503644,16284,1132
28974.239761,2468511541,2468512665,16029,1124
28974.251791,2468520572,2468521705,16362,1133
28974.263811,2468529613,2468530742,16373,1129
28974.275830,2468538643,2468539774,16030,1131
28974.287864,2468547730,2468548868,16380,1138
28974.299879,2468556764,2468557902,16286,1138
28974.317914,2468570363,2468571496,16365,1133
28974.329941,2468579414,2468580545,16116,1131
28974.344965,2468590731,2468591864,16371,1133
28974.356985,2468599763,2468600886,15946,1123
28974.378031,2468615608,2468616738,16366,1130
28974.390053,2468624686,2468625812,16343,1126
28974.408085,2468638229,2468639369,16367,1140
28974.420104,2468647273,2468648394,16029,1121
28974.432136,2468656329,2468657457,16369,1128
28974.453171,2468672130,2468673268,16369,1138
28974.465190,2468681175,2468682309,15947,1134
28974.480223,2468692527,2468693662,16260,1135
28974.492241,2468701617,2468702758,15986,1141
28974.504271,2468710682,2468711816,16362,1134
28974.516291,2468719750,2468720877,16381,1127
28974.528318,2468728751,2468729878,16111,1127
28974.540339,2468737784,2468738916,16446,1132
28974.568392,2468760373,2468761503,16373,1130
28974.585432,2468771678,2468772816,16382,1138
28974.633517,2468807907,2468809030,16356,1123
28974.645537,2468816932,2468818070,16070,1138
28974.664579,2468832778,2468833913,16361,1135
28974.684618,2468846434,2468847567,16358,1133
28974.696636,2468855544,2468856667,16370,1123
28974.708653,2468864534,2468865675,16026,1141
28974.729702,2468880399,2468881527,16407,1128
28974.741720,2468889424,2468890563,16374,1139
28974.772785,2468914382,2468915520,16358,1138
28974.855939,2468975558,2468976690,16357,1132
28974.867960,2468984601,2468985734,16378,1133
28974.879982,2468993667,2468994797,16226,1130
28974.892013,2469002731,2469003861,16377,1130
28974.910042,2469016318,2469017451,16441,1133
28974.922063,2469025359,2469026499,16374,1140
28974.979170,2469068274,2469069413,16309,1139
28974.994200,2469079618,2469080751,16380,1133
28975.081374,2469145274,2469146412,16423,1138
28975.093385,2469154337,2469155474,16289,1137
28975.111424,2469167910,2469169043,16377,1133
28975.123450,2469176959,2469178094,16078,1135
28975.135471,2469185988,2469187125,16363,1137
28975.147491,2469195069,2469196204,16372,1135
28975.159511,2469204064,2469205195,16030,1131
28975.177548,2469217671,2469218804,16211,1133
28975.189574,2469226705,2469227849,16360,1144
28975.240665,2469265165,2469266307,16027,1142
28975.252694,2469274255,2469275393,16366,1138
28975.300783,2469310447,2469311585,16456,1138
28975.312802,2469319515,2469320652,15992,1137
28975.345869,2469344461,2469345594,16374,1133
28975.357888,2469353489,2469354620,16030,1131
28975.400986,2469387457,2469388587,15992,1130
28975.505175,2469464365,2469465498,16357,1133
28975.517195,2469473413,2469474546,16379,1133
28975.607363,2469541301,2469542445,16293,1144
28975.619397,2469550412,2469551544,16115,1132
28975.652452,2469575277,2469576410,16373,1133
28975.664471,2469584306,2469585442,16032,1136
28975.676507,2469593388,2469594520,16335,1132
28975.692533,2469607071,2469608217,16377,1146
28975.712573,2469620792,2469621930,16402,1138
28975.724590,2469629940,2469631075,16231,1135
28975.751640,2469650518,2469651666,16235,1148
28975.763660,2469659620,2469660751,15999,1131
28975.775693,2469668720,2469669855,16282,1135
28975.787709,2469677750,2469678890,16328,1140
28975.799728,2469686818,2469687945,16031,1127
28975.811762,2469695878,2469697016,16377,1138
28975.823780,2469704925,2469706062,16332,1137
28975.835797,2469713983,2469715121,16023,1138
28975.880882,2469747970,2469749100,15993,1130
28975.892912,2469757038,2469758189,16356,1151
28975.913949,2469772887,2469774024,16373,1137
28975.925970,2469781917,2469783044,16025,1127
28975.937998,2469790958,2469792101,16440,1143
28975.950018,2469800018,2469801151,16378,1133
28975.986086,2469827195,2469828323,16374,1128
28975.998105,2469836210,2469837341,16028,1131
28976.040190,2469867840,2469868983,16374,1143
28976.052209,2469876887,2469878018,16032,1131
28976.070245,2469890458,2469891591,16225,1133
28976.082276,2469899551,2469900697,16373,1146
28976.124346,2469931226,2469932364,16026,1138
28976.136375,2469940274,2469941407,16446,1133
28976.193482,2469983325,2469984463,16379,1138
28976.205500,2469992385,2469993503,15994,1118
28976.220535,2470003685,2470004813,16357,1128
28976.236565,2470017233,2470018359,16370,1126
28976.265618,2470037612,2470038750,16258,1138
28976.277642,2470046701,2470047838,16255,1137
28976.328738,2470085240,2470086378,16374,1138
28976.340757,2470094293,2470095429,16027,1136
28976.361803,2470110191,2470111331,16357,1140
28976.373825,2470119291,2470120424,16342,1133
28976.451975,2470178029,2470179158,16353,1129
28976.463995,2470187126,2470188258,16261,1132
28976.482031,2470200758,2470201896,16339,1138
28976.494049,2470209793,2470210928,16028,1135
28976.521100,2470230186,2470231311,16029,1125
28976.533132,2470239244,2470240356,16216,1112
28976.560181,2470259633,2470260775,16363,1142
28976.572203,2470268767,2470269912,16341,1145
28976.584220,2470277845,2470278988,15910,1143
28976.596254,2470286936,2470288060,16285,1124
28976.608269,2470295975,2470297113,16369,1138
28976.629306,2470311783,2470312915,16022,1132
28976.641335,2470320835,2470321979,16354,1144
28976.671391,2470343517,2470344645,16341,1128
28976.683409,2470352585,2470353715,15951,1130
28976.695438,2470361632,2470362760,16360,1128
28976.707459,2470370687,2470371825,16375,1138
28976.728495,2470386481,2470387611,16025,1130
28976.740528,2470395556,2470396697,16371,1141
28976.756560,2470409143,2470410289,16361,1146
28976.773580,2470420524,2470421650,15993,1126
28976.785613,2470429597,2470430735,16390,1138
28976.872769,2470495155,2470496291,16067,1136
28976.884802,2470504242,2470505380,16386,1138
28976.905835,2470520102,2470521245,16370,1143
28976.917857,2470529190,2470530328,16238,1138
28976.947918,2470551780,2470552908,16357,1128
28976.959939,2470560815,2470561942,16260,1127
28976.971957,2470569843,2470570977,15991,1134
28976.983987,2470578880,2470580013,16317,1133
28977.093194,2470662659,2470663789,16458,1130
28977.128261,2470687568,2470688701,16363,1133
28977.140281,2470696608,2470697746,16375,1138
28977.152301,2470705610,2470706735,16028,1125
28977.164334,2470714694,2470715832,16367,1138
28977.200401,2470741903,2470743036,16462,1133
28977.212422,2470750972,2470752107,16449,1135
28977.257504,2470784866,2470785998,16340,1132
28977.269527,2470793911,2470795049,16089,1138
28977.281557,2470802959,2470804079,16318,1120
28977.305600,2470821046,2470822181,16080,1135
28977.317621,2470830100,2470831238,16446,1138
28977.353690,2470857255,2470858388,16360,1133
28977.365711,2470866340,2470867468,16339,1128
28977.383744,2470879875,2470881013,16367,1138
28977.395764,2470888919,2470890044,15949,1125
28977.407796,2470897979,2470899120,16448,1141
28977.419813,2470907065,2470908201,16371,1136
28977.431832,2470916126,2470917262,16030,1136
28977.443861,2470925174,2470926324,16367,1150
28977.517000,2470981685,2470982823,16376,1138
28977.561088,2471013378,2471014516,16373,1138
28977.573104,2471022480,2471023623,16371,1143
28977.621193,2471058673,2471059816,16026,1143
28977.633221,2471067724,2471068857,16360,1133
28977.645241,2471076766,2471077899,16375,1133
28977.657263,2471085807,2471086936,16235,1129
28977.672293,2471097123,2471098260,16379,1137
28977.684312,2471106138,2471107274,16029,1136
28977.699343,2471117467,2471118596,16439,1129
28977.732410,2471142284,2471143430,16433,1146
28977.744427,2471151355,2471152490,16377,1135
28977.768479,2471169482,2471170622,16444,1140
28977.780500,2471178583,2471179710,16380,1127
28977.801543,2471194406,2471195538,16110,1132
28977.813565,2471203468,2471204614,16375,1146
28977.837608,2471221593,2471222733,16046,1140
28977.849635,2471230703,2471231841,16379,1138
28977.873672,2471248796,2471249926,16026,1130
28977.885702,2471257864,2471259004,16360,1140
28977.897722,2471266928,2471268066,16374,1138
28977.909741,2471275975,2471277111,15995,1136
28977.921773,2471285043,2471286154,16218,1111
28977.933790,2471294049,2471295187,16370,1138
28977.948822,2471305331,2471306469,16355,1138
28977.960844,2471314424,2471315552,16340,1128
28977.972861,2471323428,2471324564,16030,1136
28977.984890,2471332501,2471333639,16359,1138
28978.049014,2471382398,2471383528,16245,1130
28978.153206,2471459407,2471460534,16314,1127
28978.165233,2471468463,2471469603,16449,1140
28978.180255,2471479823,2471480954,16069,1131
28978.192285,2471488863,2471489987,16358,1124
28978.204308,2471497892,2471499028,16364,1136
28978.216324,2471506934,2471508064,15994,1130
28978.228353,2471515994,2471517124,16355,1130
28978.255410,2471529751,2471530357,12012,606
28978.268939,2471534837,2471535633,13515,796
28978.280956,2471543521,2471544655,16304,1134
28978.295986,2471554838,2471555970,16317,1132
28978.308009,2471563907,2471565040,16401,1133
28978.320024,2471572979,2471574110,16230,1131
28978.332053,2471582041,2471583174,16320,1133
28978.344077,2471591114,2471592247,16408,1133
28978.356092,2471600170,2471601308,16341,1138
28978.374127,2471613788,2471614916,16328,1128
28978.386157,2471622866,2471623994,16312,1128
28978.398180,2471631949,2471633087,16321,1138
28978.440259,2471663710,2471664838,16310,1128
28978.452282,2471672787,2471673920,16392,1133
28978.473318,2471688670,2471689821,16275,1151
28978.485346,2471697806,2471698936,16317,1130
28978.500367,2471709145,2471710283,16226,1138
28978.512396,2471718237,2471719369,16316,1132
28978.524421,2471727345,2471728478,16400,1133
28978.536435,2471736443,2471737574,16234,1131
28978.548466,2471745534,2471746672,16322,1138
28978.560488,2471754585,2471755718,16385,1133
28978.593552,2471779556,2471780688,16316,1132
28978.605573,2471788639,2471789777,16389,1138
28978.617590,2471797717,2471798844,16248,1127
28978.629617,2471806807,2471807940,16291,1133
28978.671692,2471838598,2471839731,16260,1133
28978.683722,2471847678,2471848816,16315,1138
28978.695745,2471856760,2471857893,16321,1133
28978.707761,2471865850,2471866978,16142,1128
28978.719789,2471874929,2471876055,16224,1126
28978.731813,2471884014,2471885151,16386,1137
28978.743835,2471893085,2471894223,16308,1138
28978.757358,2471901602,2471902735,16288,1133
28978.769384,2471910664,2471911796,16311,1132
28978.781406,2471919737,2471920875,16370,1138
28978.793428,2471928823,2471929956,16312,1133
28978.808459,2471940199,2471941332,16385,1133
28978.820476,2471949270,2471950405,16246,1135
28978.832503,2471958363,2471959500,16228,1137
28978.844526,2471967435,2471968570,16321,1135
28978.856544,2471976523,2471977651,16263,1128
28978.868573,2471985613,2471986758,16222,1145
28978.880595,2471994723,2471995856,16372,1133
28978.892617,2472003806,2472004930,16314,1124
28978.904641,2472012862,2472014000,16314,1138
28978.916665,2472021931,2472023067,16362,1136
28978.928684,2472031019,2472032159,16278,1140
28978.940709,2472040148,2472041286,16314,1138
28978.952732,2472049234,2472050373,16340,1139
28978.964750,2472058341,2472059481,16173,1140
28978.979783,2472069726,2472070869,16371,1143
28978.991806,2472078835,2472079967,16314,1132
28979.003829,2472087895,2472089032,16315,1137
28979.021864,2472101598,2472102744,16312,1146
28979.033888,2472110678,2472111816,16385,1138
28979.045904,2472119746,2472120884,16260,1138
28979.057934,2472128823,2472129960,16315,1137
28979.094001,2472156077,2472157223,16316,1146
28979.106025,2472165140,2472166278,16387,1138
28979.125066,2472181048,2472182188,16248,1140
28979.137090,2472190144,2472191295,16312,1151
28979.154110,2472201504,2472202647,16173,1143
28979.166139,2472210596,2472211731,16320,1135
28979.193189,2472231012,2472232145,16319,1133
28979.205214,2472240097,2472241230,16388,1133
28979.217230,2472249183,2472250310,16231,1127
28979.229260,2472258297,2472259435,16295,1138
28979.241282,2472267390,2472268533,16316,1143
28979.253299,2472276479,2472277623,16249,1144
28979.265331,2472285606,2472286754,16332,1148
28979.277351,2472294727,2472295867,16355,1140
28979.289373,2472303839,2472304966,16220,1127
28979.301396,2472312928,2472314069,16269,1141
28979.331455,2472335632,2472336777,16372,1145
28979.343473,2472344720,2472345857,16276,1137
28979.355501,2472353801,2472354939,16315,1138
28979.367522,2472362863,2472364001,16295,1138
28979.379539,2472371925,2472373060,16248,1135
28979.391568,2472381002,2472382140,16317,1138
28979.403593,2472390078,2472391215,16312,1137
28979.415609,2472399167,2472400305,16234,1138
28979.427637,2472408258,2472409403,16228,1145
28979.439659,2472417349,2472418487,16313,1138
28979.451679,2472426451,2472427591,16279,1140
28979.463707,2472435586,2472436723,16312,1137
28979.475728,2472444689,2472445827,16387,1138
28979.487750,2472453774,2472454913,16311,1139
28979.499774,2472462840,2472463984,16320,1144
28979.511798,2472471899,2472473027,16400,1128
28979.523816,2472480958,2472482092,16266,1134
28979.535842,2472490025,2472491146,16312,1121
28979.556883,2472505926,2472507064,16380,1138
28979.568899,2472515004,2472516130,16163,1126
28979.607979,2472544575,2472545713,16315,1138
28979.620005,2472553677,2472554814,16389,1137
28979.638037,2472567326,2472568464,16338,1138
28979.650053,2472576443,2472577580,16260,1137
28979.689133,2472605963,2472607092,16318,1129
28979.701157,2472615028,2472616158,16389,1130
28979.722191,2472630996,2472632128,16231,1132
28979.734218,2472640081,2472641217,16313,1136
28979.746241,2472649198,2472650336,16278,1138
28979.758259,2472658285,2472659414,16174,1129
28979.815374,2472701467,2472702602,16333,1135
28979.827398,2472710603,2472711743,16309,1140
28979.839413,2472719683,2472720821,16243,1138
28979.851444,2472728783,2472729917,16293,1134
28979.863465,2472737911,2472739054,16292,1143
28979.875484,2472747028,2472748165,16278,1137
28979.905545,2472769812,2472770945,16315,1133
28979.917570,2472778906,2472780039,16400,1133
28979.929585,2472787992,2472789130,16144,1138
28979.941615,2472797077,2472798210,16317,1133
28979.953637,2472806146,2472807276,16383,1130
28979.968667,2472817461,2472818583,16317,1122
28979.980688,2472826524,2472827653,16382,1129
28979.992705,2472835568,2472836701,16234,1133
28980.007741,2472846929,2472848057,16403,1128
28980.019756,2472856021,2472857165,16233,1144
28980.031785,2472865195,2472866323,16315,1128
28980.043810,2472874325,2472875457,16406,1132
28980.055825,2472883441,2472884581,16230,1140
28980.067854,2472892510,2472893643,16320,1133
28980.079878,2472901606,2472902738,16396,1132
28980.100911,2472917526,2472918659,16244,1133
28980.112941,2472926598,2472927726,16318,1128
28980.127962,2472937967,2472939099,16251,1132
28980.139991,2472947050,2472948188,16231,1138
28980.152016,2472956167,2472957298,16401,1131
28980.164031,2472965241,2472966379,16143,1138
28980.176060,2472974338,2472975482,16317,1144
28980.188085,2472983432,2472984574,16358,1142
28980.200099,2472992520,2472993649,16251,1129
28980.212130,2473001599,2473002728,16321,1129
28980.224151,2473010685,2473011814,16390,1129
28980.236167,2473019771,2473020913,16326,1142
28980.266230,2473042549,2473043682,16399,1133
28980.278254,2473051622,2473052755,16400,1133
28980.359409,2473113011,2473114140,16384,1129
28980.371425,2473122070,2473123208,16245,1138
28980.383455,2473131147,2473132285,16319,1138
28980.395476,2473140250,2473141388,16374,1138
28980.407493,2473149336,2473150474,16264,1138
28980.419523,2473158438,2473159586,16314,1148
28980.431546,2473167516,2473168646,16326,1130
28980.491662,2473212957,2473214092,16316,1135
28980.503683,2473222033,2473223178,16386,1145
28980.515700,2473231134,2473232263,16204,1129
28980.527730,2473240205,2473241343,16319,1138
28980.539753,2473249311,2473250444,16400,1133
28980.551768,2473258384,2473259515,16232,1131
28980.563797,2473267461,2473268599,16227,1138
28980.575822,2473276536,2473277670,16401,1134
28980.587837,2473285587,2473286725,16253,1138
28980.599867,2473294672,2473295811,16313,1139
28980.635934,2473321938,2473323075,16310,1137
28980.647959,2473331044,2473332182,16399,1138
28980.659974,2473340145,2473341283,16215,1138
28980.672003,2473349194,2473350335,16317,1141
28980.684026,2473358292,2473359434,16359,1142
28980.696043,2473367369,2473368498,16251,1129
28980.708073,2473376474,2473377604,16318,1130
28980.720096,2473385611,2473386761,16402,1150
28980.732114,2473394780,2473395922,16261,1142
28980.744143,2473403943,2473405080,16332,1137
28980.756163,2473413086,2473414220,16295,1134
28980.768179,2473422221,2473423348,16186,1127
28980.780209,2473431337,2473432483,16322,1146
28980.792233,2473440484,2473441619,16404,1135
28980.804248,2473449596,2473450739,16237,1143
28980.816277,2473458678,2473459816,16231,1138
28980.828301,2473467791,2473468931,16324,1140
28980.840317,2473476898,2473478027,16249,1129
28980.852350,2473485999,2473487148,16318,1149
28980.873386,2473501930,2473503067,16352,1137
28980.885403,2473511030,2473512158,16233,1128
28980.903437,2473524658,2473525803,16237,1145
28980.915466,2473533798,2473534944,16314,1146
28980.927491,2473542911,2473544053,16322,1142
28980.945523,2473556530,2473557681,16356,1151
28980.957540,2473565647,2473566785,16248,1138
28980.969570,2473574734,2473575867,16316,1133
28980.981594,2473583836,2473584975,16402,1139
28981.024673,2473617864,2473618997,16318,1133
28981.041707,2473629228,2473630366,16316,1138
28981.053731,2473638334,2473639472,16403,1138
28981.071763,2473651972,2473653117,16385,1145
28981.083780,2473661107,2473662231,16236,1124
28981.095809,2473670181,2473671319,16316,1138
28981.107833,2473679293,2473680430,16407,1137
28981.125867,2473692920,2473694053,16315,1133
28981.137884,2473702002,2473703130,16229,1128
28981.173958,2473729308,2473730441,16309,1133
28981.185982,2473738371,2473739514,16323,1143
28981.198003,2473747485,2473748625,16380,1140
28981.234073,2473774773,2473775902,16371,1129
28981.246089,2473783863,2473784992,16233,1129
28981.261125,2473795214,2473796354,16373,1140
28981.273147,2473804310,2473805443,16392,1133
28981.285170,2473813384,2473814525,16320,1141
28981.321239,2473840674,2473841820,16314,1146
28981.333262,2473849776,2473850905,16402,1129
28981.384359,2473888395,2473889526,16314,1131
28981.396381,2473897475,2473898613,16389,1138
28981.441468,2473931494,2473932635,16369,1141
28981.453483,2473940608,2473941746,16237,1138
28981.468519,2473951974,2473953112,16399,1138
28981.480537,2473961085,2473962222,16291,1137
28981.495568,2473972481,2473973625,16370,1144
28981.513602,2473986108,2473987246,16373,1138
28981.525620,2473995208,2473996345,16249,1137
28981.537648,2474004286,2474005409,16314,1123
28981.552672,2474015645,2474016784,16250,1139
28981.564699,2474024703,2474025837,16311,1134
28981.633825,2474077047,2474078174,16246,1127
28981.645853,2474086138,2474087275,16293,1137
28981.675911,2474108849,2474109977,16375,1128
28981.687928,2474117926,2474119059,16246,1133
28981.699961,2474127012,2474128140,16245,1128
28981.711981,2474136102,2474137231,16387,1129
28981.730016,2474149723,2474150860,16394,1137
28981.742032,2474158787,2474159925,16233,1138
28981.760066,2474172409,2474173538,16234,1129
28981.772096,2474181471,2474182609,16316,1138
28981.784118,2474190553,2474191677,16384,1124
28981.796135,2474199629,2474200767,16165,1138
28981.808165,2474208714,2474209860,16312,1146
28981.820187,2474217806,2474218939,16236,1133
28981.832203,2474226888,2474228021,16227,1133
28981.862266,2474249597,2474250736,16313,1139
28981.889320,2474270107,2474271236,16303,1129
28981.901341,2474279204,2474280337,16381,1133
28981.919376,2474292805,2474293951,16317,1146
28981.973478,2474333750,2474334877,16382,1127
28981.985494,2474342813,2474343943,16248,1130
28981.997525,2474351923,2474353056,16314,1133
28982.009547,2474361011,2474362143,16385,1132
28982.021563,2474370088,2474371221,16220,1133
28982.039597,2474383686,2474384823,16233,1137
28982.051626,2474392785,2474393923,16201,1138
28982.063651,2474401864,2474403001,16404,1137
28982.075666,2474410950,2474412088,16249,1138
28982.087697,2474420031,2474421169,16316,1138
28982.099718,2474429159,2474430292,16387,1133
28982.111734,2474438268,2474439406,16264,1138
28982.123762,2474447393,2474448523,16205,1130
28982.135787,2474456460,2474457594,16387,1134
28982.147803,2474465569,2474466704,16246,1135
28982.159831,2474474649,2474475787,16313,1138
28982.171854,2474483767,2474484907,16280,1140
28982.183872,2474492895,2474494041,16267,1146
28982.196905,2474504263,2474505403,16367,1140
28982.219940,2474520158,2474521296,16241,1138
28982.231970,2474529242,2474530380,16333,1138
28982.243993,2474538334,2474539471,16313,1137
28982.265032,2474554215,2474555348,16313,1133
28982.277055,2474563316,2474564463,16317,1147
28982.301095,2474581562,2474582695,16243,1133
28982.313125,2474590817,2474591963,16309,1146
28982.328147,2474602209,2474603337,16235,1128
28982.340175,2474611317,2474612457,16315,1140
28982.352194,2474620688,2474621833,16344,1145
28982.376241,2474638786,2474639915,16360,1129
28982.388262,2474647853,2474648999,16372,1146
28982.400280,2474656920,2474658067,16032,1147
28982.412310,2474666008,2474667146,16361,1138
28982.424331,2474675073,2474676206,16342,1133
28982.436349,2474684088,2474685228,16030,1140
28982.451382,2474695377,2474696515,16451,1138
28982.472418,2474711216,2474712354,16030,1138
28982.484447,2474720277,2474721412,16441,1135
28982.496468,2474729350,2474730483,16456,1133
28982.508487,2474738368,2474739511,16108,1143
28982.520520,2474747701,2474748834,16373,1133
28982.568607,2474783961,2474785111,16359,1150
28982.583636,2474795277,2474796413,16355,1136
28982.613690,2474817887,2474819024,16260,1137
28982.625709,2474826961,2474828097,15990,1136
28982.637739,2474836031,2474837156,16446,1125
28982.715883,2474894775,2474895904,16315,1129
28982.727910,2474903841,2474904974,16363,1133
28982.739927,2474912913,2474914052,16291,1139
28982.757965,2474926492,2474927627,16372,1135
28982.769980,2474935549,2474936674,15986,1125
28982.821086,2474974058,2474975196,16341,1138
28982.833101,2474983119,2474984242,15987,1123
28982.920275,2475048723,2475049852,16349,1129
28982.935304,2475060041,2475061179,16439,1138
28982.953339,2475073643,2475074781,16443,1138
28982.965362,2475082726,2475083859,16363,1133
28982.977378,2475091800,2475092936,16031,1136
28982.989408,2475100842,2475101974,16365,1132
28983.016463,2475121258,2475122406,16380,1148
28983.028479,2475130343,2475131471,16381,1128
28983.124664,2475202812,2475203935,16357,1123
28983.136685,2475211864,2475212997,16362,1133
28983.150211,2475222380,2475223512,16374,1132
28983.193295,2475256324,2475257457,16367,1133
28983.243385,2475292535,2475293665,16027,1130
28983.255418,2475301573,2475302692,16241,1119
28983.267435,2475310615,2475311753,16345,1138
28983.285468,2475324167,2475325305,16375,1138
28983.297490,2475333236,2475334364,16231,1128
28983.312522,2475344543,2475345671,16357,1128
28983.324538,2475353566,2475354687,16029,1121
28983.336568,2475362588,2475363721,16362,1133
28983.348587,2475371732,2475372866,16205,1134
28983.360618,2475380912,2475382052,16322,1140
28983.375639,2475392362,2475393504,16231,1142
28983.393673,2475406123,2475407266,16238,1143
28983.408708,2475417551,2475418689,16405,1138
28983.420724,2475426691,2475427840,16247,1149
28983.432754,2475435826,2475436971,16319,1145
28983.447779,2475447249,2475448394,16263,1145
28983.459806,2475456397,2475457539,16314,1142
28983.471829,2475465532,2475466672,16389,1140
28983.483844,2475474686,2475475824,16235,1138
28983.495873,2475483789,2475484933,16295,1144
28983.507899,2475492946,2475494084,16436,1138
28983.519913,2475502096,2475503247,16256,1151
28983.537950,2475515864,2475517014,16257,1150
28983.549977,2475525011,2475526153,16313,1142
28983.569507,2475539925,2475541068,16244,1143
28983.581536,2475549060,2475550189,16301,1129
28983.599572,2475562783,2475563924,16308,1141
28983.623610,2475581116,2475582254,16203,1138
28983.683728,2475626562,2475627695,16358,1133
28983.695749,2475635617,2475636751,16378,1134
28983.707770,2475644702,2475645826,16247,1124
28983.719796,2475653749,2475654889,16358,1140
28983.731817,2475662842,2475663975,16376,1133
28983.743836,2475671869,2475672999,16026,1130
28983.755870,2475680929,2475682058,16428,1129
28983.768900,2475692256,2475693386,16031,1130
28983.792941,2475710392,2475711525,16347,1133
28983.809972,2475721750,2475722882,16362,1132
28983.821988,2475730827,2475731972,16368,1145
28983.846036,2475748941,2475750074,16360,1133
28983.858060,2475757993,2475759125,16359,1132
28983.882105,2475776068,2475777199,16359,1131
28983.894129,2475785157,2475786287,16344,1130
28983.906147,2475794218,2475795355,16226,1137
28983.945225,2475823674,2475824807,16358,1133
28983.957248,2475832714,2475833847,16356,1133
28983.969265,2475841756,2475842888,16105,1132
28983.981294,2475850834,2475851967,16444,1133
28984.000330,2475866646,2475867774,16342,1128
28984.104524,2475943540,2475944678,16227,1138
28984.116552,2475952585,2475953731,16377,1146
28984.164640,2475988760,2475989897,16375,1137
28984.176659,2475997822,2475998958,16024,1136
28984.204722,2476020454,2476021600,16368,1146
28984.239779,2476045329,2476046460,16104,1131
28984.251811,2476054388,2476055529,16491,1141
28984.263828,2476063461,2476064594,16375,1133
28984.308916,2476097362,2476098495,16345,1133
28984.320934,2476106397,2476107527,16029,1130
28984.360014,2476135815,2476136944,16360,1129
28984.372034,2476144875,2476146009,16327,1134
28984.384054,2476153918,2476155048,16028,1130
28984.396082,2476162963,2476164095,16365,1132
28984.417120,2476178808,2476179951,16382,1143
28984.429139,2476187853,2476188989,15997,1136
28984.456190,2476208278,2476209405,16025,1127
28984.468220,2476217348,2476218478,16365,1130
28984.480240,2476226403,2476227527,16459,1124
28984.492259,2476235437,2476236565,16112,1128
28984.504292,2476244497,2476245635,16454,1138
28984.519310,2476255775,2476256905,16026,1130
28984.531340,2476264818,2476265950,16445,1132
28984.543360,2476273890,2476275023,16374,1133
28984.555379,2476282904,2476284035,16026,1131
28984.567410,2476291953,2476293065,16209,1112
28984.579428,2476300991,2476302131,16369,1140
28984.615497,2476328349,2476329485,16371,1136
28984.627517,2476337375,2476338505,16027,1130
28984.639546,2476346415,2476347553,16356,1138
28984.651569,2476355461,2476356594,16358,1133
28984.663585,2476364515,2476365641,16031,1126
28984.675616,2476373596,2476374725,16380,1129
28984.687634,2476382636,2476383759,16371,1123
28984.699656,2476391652,2476392785,16230,1133
28984.711687,2476400688,2476401808,16237,1120
28984.732719,2476416532,2476417676,16284,1144
28984.744747,2476425564,2476426699,16110,1135
28984.783820,2476455015,2476456148,16364,1133
28984.795840,2476464084,2476465208,16249,1124
28984.807859,2476473109,2476474247,15991,1138
28984.819889,2476482174,2476483314,16358,1140
28984.831909,2476491233,2476492364,16375,1131
28984.849946,2476504831,2476505974,16357,1143
28984.861962,2476513860,2476514990,16025,1130
28984.873995,2476522964,2476524101,16372,1137
28984.886012,2476532015,2476533143,16458,1128
28984.898034,2476541046,2476542192,16237,1146
28984.941125,2476574965,2476576101,16188,1136
28984.970168,2476595303,2476596433,16026,1130
28984.982197,2476604331,2476605473,16358,1142
28985.001235,2476620231,2476621360,16342,1129
28985.052337,2476658621,2476659759,16358,1138
28985.156526,2476735514,2476736652,16460,1138
28985.168549,2476744570,2476745708,16091,1138
28985.192595,2476762688,2476763831,16259,1143
28985.204614,2476771755,2476772879,16071,1124
28985.256725,2476812382,2476813517,16101,1135
28985.321837,2476859936,2476861067,16030,1131
28985.333866,2476868974,2476870110,16366,1136
28985.351900,2476882572,2476883711,16365,1139
28985.363923,2476891623,2476892749,16456,1126
28985.375940,2476900654,2476901790,16028,1136
28985.387971,2476909677,2476910789,16214,1112
28985.399991,2476918739,2476919882,16348,1143
28985.418024,2476932324,2476933457,16373,1133
28985.430042,2476941360,2476942482,16028,1122
28985.469123,2476970787,2476971932,16358,1145
28985.481144,2476979856,2476980991,16371,1135
28985.544266,2477027384,2477028517,16359,1133
28985.556283,2477036410,2477037537,16027,1127
28985.571315,2477047688,2477048816,16370,1128
28985.607383,2477074834,2477075962,16370,1128
28985.619403,2477084104,2477085231,16031,1127
28985.661486,2477115723,2477116846,16369,1123
28985.673509,2477124747,2477125890,16048,1143
28985.685534,2477133839,2477134968,16354,1129
28985.736633,2477172265,2477173395,16108,1130
28985.748659,2477181360,2477182510,16360,1150
28985.760682,2477190489,2477191634,16374,1145
28985.776711,2477204203,2477205341,16382,1138
28985.811777,2477229325,2477230471,16313,1146
28985.823796,2477238446,2477239584,16343,1138
28985.835822,2477247492,2477248630,16112,1138
28985.865877,2477270120,2477271258,16360,1138
28985.877898,2477279147,2477280270,16376,1123
28985.889922,2477288229,2477289364,16234,1135
28985.986104,2477360620,2477361766,16257,1146
28986.001135,2477371951,2477373074,16351,1123
28986.013156,2477380966,2477382093,16382,1127
28986.034199,2477396830,2477397966,16112,1136
28986.046220,2477405891,2477407031,16377,1140
28986.091311,2477439818,2477440951,16380,1133
28986.103327,2477448851,2477449980,16379,1129
28986.115346,2477457888,2477459025,15996,1137
28986.127375,2477466924,2477468053,16369,1129
28986.145409,2477480482,2477481616,16438,1134
28986.157430,2477489555,2477490693,16382,1138
28986.199513,2477521343,2477522492,16359,1149
28986.211533,2477530460,2477531598,16370,1138
28986.223556,2477539535,2477540668,16230,1133
28986.235584,2477548580,2477549725,16460,1145
28986.247601,2477557671,2477558813,16459,1142
28986.259620,2477566701,2477567844,16101,1143
28986.304706,2477600611,2477601741,16096,1130
28986.316735,2477609656,2477610796,16365,1140
28986.328755,2477618695,2477619824,16375,1129
28986.343787,2477629983,2477631121,16357,1138
28986.355807,2477639041,2477640172,16380,1131
28986.367826,2477648094,2477649225,16026,1131
28986.379860,2477657164,2477658290,16463,1126
28986.391876,2477666233,2477667373,16431,1140
28986.403895,2477675288,2477676415,16106,1127
28986.415925,2477684349,2477685500,16386,1151
28986.427946,2477693420,2477694553,16372,1133
28986.439963,2477702462,2477703587,16029,1125
28986.451992,2477711473,2477712600,16444,1127
28986.464014,2477720540,2477721676,16347,1136
28986.476030,2477729589,2477730725,15990,1136
28986.497078,2477745474,2477746611,16362,1137
28986.509099,2477754513,2477755646,16380,1133
28986.525131,2477768077,2477769210,16455,1133
28986.569215,2477799769,2477800902,16362,1133
28986.581235,2477808793,2477809931,16307,1138
28986.629331,2477844972,2477846098,16111,1126
28986.641358,2477854044,2477855179,16368,1135
28986.695455,2477894745,2477895875,16359,1130
28986.707476,2477903787,2477904925,16374,1138
28986.719495,2477912823,2477913963,16029,1140
28986.732533,2477924173,2477925301,16352,1128
28986.836718,2478001102,2478002236,16107,1134
28986.848749,2478010201,2478011343,16461,1142
28986.905853,2478053142,2478054275,16370,1133
28986.917875,2478062192,2478063325,16223,1133
28986.940415,2478079649,2478080779,15992,1130
28986.952444,2478088690,2478089818,16355,1128
28986.964465,2478097717,2478098850,16378,1133
28986.985501,2478113503,2478114638,16031,1135
28986.997532,2478122585,2478123724,16382,1139
28987.045619,2478158775,2478159898,16373,1123
28987.057638,2478167804,2478168935,16032,1131
28987.147809,2478235576,2478236711,16029,1135
28987.159843,2478244664,2478245804,16372,1140
28987.171859,2478253734,2478254885,16301,1151
28987.183878,2478262790,2478263921,15995,1131
28987.195907,2478271829,2478272954,16361,1125
28987.216945,2478287644,2478288777,16365,1133
28987.228969,2478296686,2478297815,16259,1129
28987.253013,2478314791,2478315924,16375,1133
28987.265034,2478324020,2478325149,16028,1129
28987.352202,2478389670,2478390798,16455,1128
28987.372332,2478398879,2478399478,12013,599
28987.440866,2478444144,2478445279,16107,1135
28987.452895,2478453197,2478454330,16436,1133
28987.464918,2478462260,2478463398,16378,1138
28987.476938,2478471346,2478472479,16252,1133
28987.516015,2478500742,2478501869,16354,1127
28987.528039,2478509796,2478510924,16443,1128
28987.540055,2478518841,2478519977,16110,1136
28987.558090,2478532448,2478533573,16028,1125
28987.570119,2478541495,2478542624,16363,1129
28987.585141,2478552790,2478553919,16068,1129
28987.597170,2478561828,2478562967,16381,1139
28987.624224,2478582152,2478583285,16405,1133
28987.636242,2478591225,2478592349,16373,1124
28987.648261,2478600219,2478601349,16037,1130
28987.660290,2478609263,2478610392,16299,1129
28987.672311,2478618352,2478619490,16348,1138
28987.684329,2478627410,2478628544,16077,1134
28987.696358,2478636445,2478637587,16362,1142
28987.708379,2478645517,2478646650,16462,1133
28987.753465,2478679434,2478680572,16374,1138
28987.765484,2478688464,2478689586,16031,1122
28987.801553,2478715591,2478716721,16028,1130
28987.813586,2478724646,2478725778,16372,1132
28987.825605,2478733656,2478734779,16360,1123
28987.837621,2478742660,2478743803,15989,1143
28987.849650,2478751699,2478752831,16347,1132
28987.861671,2478760759,2478761886,16378,1127
28987.879706,2478774363,2478775508,16426,1145
28987.893232,2478782762,2478783886,16285,1124
28987.905252,2478791781,2478792914,16230,1133
28987.920282,2478803099,2478804237,16345,1138
28987.932304,2478812188,2478813328,16321,1140
28987.953347,2478828012,2478829141,16358,1129
28987.965368,2478837067,2478838205,16372,1138
28987.977387,2478846117,2478847242,16040,1125
28987.989416,2478855164,2478856302,16355,1138
28988.013456,2478873239,2478874385,16112,1146
28988.025489,2478882332,2478883461,16459,1129
28988.037507,2478891408,2478892537,16431,1129
28988.049524,2478900435,2478901560,16078,1125
28988.061555,2478909510,2478910629,16221,1119
28988.073577,2478918575,2478919713,16366,1138
28988.097622,2478936668,2478937797,16356,1129
28988.109643,2478945733,2478946871,16378,1138
28988.121665,2478954778,2478955917,16240,1139
28988.133692,2478963843,2478964973,16269,1130
28988.160742,2478984195,2478985335,16366,1140
28988.172765,2478993322,2478994465,16444,1143
28988.199814,2479013763,2479014892,16376,1129
28988.211833,2479022826,2479023969,16035,1143
28988.229867,2479036448,2479037579,15999,1131
28988.241896,2479045502,2479046640,16438,1138
28988.256918,2479056792,2479057922,16107,1130
28988.268950,2479065860,2479066994,16376,1134
28988.280968,2479074950,2479076083,16372,1133
28988.295999,2479086471,2479087607,16358,1136
28988.308020,2479095520,2479096653,16377,1133
28988.320041,2479104606,2479105739,16236,1133
28988.332068,2479113668,2479114797,16356,1129
28988.345099,2479124961,2479126095,16232,1134
28988.362123,2479136276,2479137406,16464,1130
28988.374142,2479145334,2479146464,16077,1130
28988.392179,2479158908,2479160041,16321,1133
28988.404204,2479167961,2479169107,16365,1146
28988.416225,2479177041,2479178178,16258,1137
28988.428245,2479186112,2479187237,16077,1125
28988.440273,2479195177,2479196311,16443,1134
28988.452294,2479204230,2479205370,16380,1140
28988.464321,2479213252,2479214387,16119,1135
28988.480356,2479226843,2479227973,16031,1130
28988.492379,2479235928,2479237050,16452,1122
28988.533449,2479265447,2479266587,16303,1140
28988.545470,2479274510,2479275646,16237,1136
28988.569519,2479292641,2479293774,16365,1133
28988.581536,2479301661,2479302796,16037,1135
28988.596569,2479312979,2479314129,16377,1150
28988.608587,2479322029,2479323165,16000,1136
28988.620621,2479331118,2479332246,16366,1128
28988.635639,2479342481,2479343612,16000,1131
28988.647668,2479351523,2479352669,16352,1146
28988.659688,2479360601,2479361728,16373,1127
28988.671708,2479369614,2479370752,16044,1138
28988.692753,2479385444,2479386577,16357,1133
28988.704775,2479394521,2479395659,16342,1138
28988.716796,2479403580,2479404715,16242,1135
28988.749860,2479428491,2479429629,16378,1138
28988.761886,2479437528,2479438658,16118,1130
28988.773908,2479446552,2479447685,16432,1133
28988.853062,2479507682,2479508815,16372,1133
28988.894134,2479537060,2479538183,16384,1123
28988.906155,2479546109,2479547230,16032,1121
28988.957251,2479584572,2479585713,16294,1141
28988.969274,2479593668,2479594804,15994,1136
28988.981302,2479602746,2479603884,16371,1138
28988.993323,2479611803,2479612931,16462,1128
28989.005346,2479620851,2479621989,16093,1138
28989.041414,2479647990,2479649128,16131,1138
28989.053439,2479657066,2479658194,16359,1128
28989.065463,2479666118,2479667256,16359,1138
28989.077483,2479675158,2479676284,16044,1126
28989.095514,2479688754,2479689889,16112,1135
28989.107544,2479697833,2479698979,16381,1146
28989.119564,2479706912,2479708041,16259,1129
28989.137597,2479720483,2479721616,16369,1133
28989.149616,2479729503,2479730623,16034,1120
28989.161648,2479738538,2479739675,16371,1137
28989.173666,2479747622,2479748754,16376,1132
28989.185687,2479756693,2479757832,16033,1139
28989.197713,2479765749,2479766872,16351,1123
28989.209735,2479774759,2479775892,16265,1133
28989.245803,2479801928,2479803066,16386,1138
28989.257830,2479810957,2479812093,16123,1136
28989.281871,2479829063,2479830198,16372,1135
28989.293891,2479838096,2479839215,16035,1119
28989.308923,2479849384,2479850524,16260,1140
28989.320942,2479858485,2479859621,16077,1136
28989.332971,2479867530,2479868662,16373,1132
28989.344992,2479876577,2479877721,16460,1144
28989.357019,2479885662,2479886789,16082,1127
28989.369039,2479894700,2479895832,16352,1132
28989.384065,2479906012,2479907150,16234,1138
28989.396093,2479915072,2479916210,16357,1138
28989.408112,2479924120,2479925258,16263,1138
28989.426146,2479937690,2479938819,16369,1129
28989.438165,2479946758,2479947896,16037,1138
28989.486265,2479983078,2479984189,16209,1111
28989.516319,2480005742,2480006865,16345,1123
28989.528337,2480014777,2480015908,16000,1131
28989.597468,2480066833,2480067968,16292,1135
28989.609493,2480075919,2480077052,16248,1133
28989.621520,2480084986,2480086124,16357,1138
28989.639554,2480098564,2480099697,16359,1133
28989.651574,2480107616,2480108754,16379,1138
28989.663594,2480116686,2480117821,16028,1135
28989.700674,2480146106,2480147244,16440,1138
28989.723712,2480162011,2480163151,16371,1140
28989.737238,2480172186,2480173314,16378,1128
28989.767291,2480194767,2480195905,15998,1138
28989.779320,2480203815,2480204953,16441,1138
28989.791341,2480212856,2480213989,16461,1133
28989.803367,2480221885,2480223011,16197,1126
28989.824405,2480237711,2480238849,16357,1138
28989.836426,2480246775,2480247907,16374,1132
28989.851457,2480258049,2480259181,16439,1132
28989.863479,2480267104,2480268232,16426,1128
28989.875497,2480276117,2480277257,16032,1140
28989.887528,2480285171,2480286280,16213,1109
28989.899548,2480294240,2480295368,16436,1128
28989.911565,2480303300,2480304433,16035,1133
28989.923594,2480312359,2480313501,16355,1142
28989.935615,2480321465,2480322594,16371,1129
28989.947637,2480330512,2480331636,16317,1124
28989.959667,2480339580,2480340702,16364,1122
28989.971684,2480348605,2480349734,16379,1129
28989.983703,2480357622,2480358758,16033,1136
28990.020783,2480387076,2480388210,16439,1134
28990.064860,2480418751,2480419885,16016,1134
28990.076886,2480427801,2480428952,16445,1151
28990.088902,2480436892,2480438032,16377,1140
28990.100933,2480445919,2480447048,16192,1129
28990.121971,2480461735,2480462873,16436,1138
28990.133992,2480470811,2480471940,16377,1129
28990.149023,2480482124,2480483257,16351,1133
28990.161045,2480491193,2480492330,16338,1137
28990.182080,2480507052,2480508182,16033,1130
28990.194109,2480516103,2480517239,16350,1136
28990.206132,2480525159,2480526288,16365,1129
28990.227165,2480540966,2480542107,16110,1141
28990.242198,2480552343,2480553481,16377,1138
28990.308320,2480602167,2480603294,15994,1127
28990.320349,2480611194,2480612328,16350,1134
28990.332370,2480620231,2480621359,16373,1128
28990.347405,2480631572,2480632705,16368,1133
28990.359422,2480640661,2480641801,16344,1140
28990.371440,2480649717,2480650853,16033,1136
28990.383469,2480658764,2480659899,16359,1135
28990.395489,2480667808,2480668946,16372,1138
28990.407508,2480676829,2480677965,16034,1136
28990.419537,2480685871,2480687011,16354,1140
28990.431558,2480694923,2480696063,16372,1140
28990.443579,2480703975,2480705108,16034,1133
28990.455610,2480713071,2480714200,16371,1129
28990.467627,2480722111,2480723244,16334,1133
28990.479648,2480731243,2480732376,16171,1133
28990.491674,2480740295,2480741433,16343,1138
28990.540773,2480778807,2480779934,16211,1127
28990.557800,2480790153,2480791280,16346,1127
28990.569817,2480799192,2480800328,16110,1136
28990.581846,2480808240,2480809379,16354,1139
28990.629935,2480844423,2480845551,16376,1128
28990.641954,2480853468,2480854593,16032,1125
28990.666004,2480871604,2480872737,16374,1133
28990.678023,2480880678,2480881821,15998,1143
28990.690052,2480889725,2480890858,16355,1133
28990.745156,2480932666,2480933793,16264,1127
28990.765192,2480946252,2480947384,16373,1132
28990.777212,2480955304,2480956449,16035,1145
28990.789244,2480964388,2480965536,16398,1148
28990.849352,2481009802,2481010935,16234,1133
28990.861377,2481018858,2481019997,16356,1139
28990.897449,2481045998,2481047131,16486,1133
28990.909466,2481055052,2481056188,16373,1136
28990.921486,2481064115,2481065245,16033,1130
28990.951553,2481086714,2481087852,16370,1138
28990.965075,2481097193,2481098331,16364,1138
28990.986114,2481113070,2481114201,16342,1131
28990.998134,2481122163,2481123292,16251,1129
28991.010160,2481131202,2481132334,16349,1132
28991.058250,2481167430,2481168563,16378,1133
28991.070269,2481176474,2481177601,16006,1127
28991.124371,2481217169,2481218299,16031,1130
28991.136403,2481226246,2481227357,16186,1111
28991.157437,2481242058,2481243200,16345,1142
28991.192008,2481268293,2481269428,16083,1135
28991.204029,2481277339,2481278477,16354,1138
28991.216050,2481286388,2481287520,16372,1132
28991.228069,2481295425,2481296552,16038,1127
28991.246106,2481309006,2481310134,16227,1128
28991.258132,2481318081,2481319209,16356,1128
28991.306220,2481354270,2481355392,16339,1122
28991.318240,2481363304,2481364434,16037,1130
28991.345297,2481383690,2481384831,16265,1141
28991.357321,2481392749,2481393878,16354,1129
28991.369344,2481401832,2481402961,16420,1129
28991.381361,2481410893,2481412021,16033,1128
28991.393392,2481419956,2481421093,16483,1137
28991.472543,2481481057,2481482180,16348,1123
28991.507600,2481505908,2481507038,16109,1130
28991.519632,2481514991,2481516105,16180,1114
28991.531650,2481524038,2481525167,16376,1129
28991.543672,2481533088,2481534218,16239,1130
28991.555701,2481542149,2481543261,16210,1112
28991.567715,2481551183,2481552323,16291,1140
28991.579737,2481560388,2481561519,16027,1131
28991.591770,2481569446,2481570576,16491,1130
28991.609801,2481583013,2481584150,16345,1137
28991.621822,2481592061,2481593199,16373,1138
28991.633841,2481601105,2481602232,16032,1127
28991.645876,2481610305,2481611450,16371,1145
28991.657892,2481619379,2481620507,16370,1128
28991.687951,2481642085,2481643220,16112,1135
28991.699973,2481651136,2481652274,16361,1138
28991.711993,2481660180,2481661316,16331,1136
28991.724012,2481669197,2481670328,16028,1131
28991.745063,2481685062,2481686201,16364,1139
28991.757079,2481694125,2481695263,16371,1138
28991.772110,2481705421,2481706550,16363,1129
28991.784131,2481714498,2481715631,16374,1133
28991.796149,2481723540,2481724665,15908,1125
28991.808179,2481732569,2481733692,16360,1123
28991.820199,2481741603,2481742732,16328,1129
28991.838233,2481755154,2481756282,16258,1128
28991.850252,2481764233,2481765376,15992,1143
28991.895338,2481798170,2481799311,16031,1141
28991.907367,2481807248,2481808378,16358,1130
28991.919388,2481816304,2481817437,16377,1133
28991.931407,2481825330,2481826466,16026,1136
28991.943440,2481834409,2481835547,16372,1138
28991.955456,2481843450,2481844578,16374,1128
28991.967475,2481852464,2481853602,16033,1138
28991.979506,2481861545,2481862678,16380,1133
28992.012561,2481886380,2481887516,16024,1136
28992.024590,2481895432,2481896565,16443,1133
28992.036611,2481904506,2481905652,16261,1146
28992.112761,2481963298,2481964421,16362,1123
28992.168864,2482004006,2482005133,16443,1127
28992.180885,2482013041,2482014174,16457,1133
28992.195916,2482024382,2482025514,16361,1132
28992.207936,2482033427,2482034553,16377,1126
28992.219955,2482042455,2482043586,16103,1131
28992.231984,2482051518,2482052647,16361,1129
28992.250023,2482065115,2482066247,16370,1132
28992.262040,2482074148,2482075276,16376,1128
28992.317152,2482117085,2482118212,16023,1127
28992.334176,2482128457,2482129600,16247,1143
28992.388282,2482169193,2482170325,16439,1132
28992.400299,2482178238,2482179369,16030,1131
28992.412327,2482187304,2482188441,16359,1137
28992.424346,2482196369,2482197501,16355,1132
28992.436369,2482205444,2482206573,16229,1129
28992.523532,2482271090,2482272225,16286,1135
28992.535558,2482280192,2482281330,16211,1138
28992.547589,2482289293,2482290431,16375,1138
28992.559605,2482298330,2482299468,16383,1138
28992.571624,2482307381,2482308506,16030,1125
28992.583656,2482316414,2482317554,16413,1140
28992.601687,2482330011,2482331134,16440,1123
28992.613704,2482339046,2482340183,16373,1137
28992.625727,2482348090,2482349225,16029,1135
28992.637760,2482357152,2482358275,16380,1123
28992.679834,2482388867,2482390000,16069,1133
28992.691859,2482397930,2482399074,16363,1144
28992.703879,2482407007,2482408143,16333,1136
28992.715898,2482416042,2482417172,16030,1130
28992.727927,2482425089,2482426222,16357,1133
28992.739949,2482434171,2482435304,16349,1133
28992.751967,2482443205,2482444329,16021,1124
28992.797053,2482477162,2482478287,16025,1125
28992.809084,2482486214,2482487357,16426,1143
28992.821102,2482495265,2482496405,16336,1140
28992.836138,2482506567,2482507704,16451,1137
28992.849164,2482517918,2482519045,16098,1127
28992.905259,2482558643,2482559774,16028,1131
28992.917292,2482567714,2482568847,16372,1133
28992.929308,2482576763,2482577895,16259,1132
28992.953356,2482594838,2482595976,16355,1138
28992.965377,2482603888,2482605017,16374,1129
28992.989425,2482621962,2482623095,16368,1133
28993.001445,2482631020,2482632153,16385,1133
28993.013466,2482640088,2482641215,16030,1127
28993.025494,2482649131,2482650269,16372,1138
28993.056558,2482673976,2482675113,16047,1137
28993.160751,2482750885,2482752015,16439,1130
28993.175781,2482762191,2482763327,16193,1136
28993.193807,2482775772,2482776902,16028,1130
28993.205839,2482784817,2482785930,16215,1113
28993.217858,2482793870,2482794993,16340,1123
28993.256927,2482823222,2482824347,16024,1125
28993.268956,2482832274,2482833414,16360,1140
28993.374158,2482911428,2482912553,16114,1125
28993.386179,2482920473,2482921596,16441,1123
28993.416234,2482943089,2482944227,16374,1138
28993.428259,2482952189,2482953329,16255,1140
28993.467333,2482981578,2482982711,16350,1133
28993.479354,2482990633,2482991773,16299,1140
28993.491374,2482999686,2483000825,15944,1139
28993.503402,2483008731,2483009864,16356,1133
28993.515423,2483017786,2483018919,16376,1133
28993.527447,2483026855,2483027996,16263,1141
28993.539471,2483035910,2483037038,16361,1128
28993.551491,2483044957,2483046090,16379,1133
28993.572536,2483060748,2483061875,16111,1127
28993.584561,2483069813,2483070925,16243,1112
28993.599579,2483081118,2483082266,15990,1148
28993.611609,2483090202,2483091335,16357,1133
28993.623630,2483099274,2483100400,16264,1126
28993.701780,2483158040,2483159178,16360,1138
28993.713800,2483167076,2483168214,16376,1138
28993.725821,2483176154,2483177288,16243,1134
28993.737852,2483185213,2483186346,16374,1133
28993.749869,2483194259,2483195391,16374,1132
28993.800968,2483232671,2483233804,16357,1133
28993.812988,2483241752,2483242885,16369,1133
28993.825010,2483250828,2483251970,16229,1142
28993.837037,2483259870,2483261005,16365,1135
28993.897145,2483305017,2483306147,16104,1130
28993.909174,2483314024,2483315162,16363,1138
28993.930213,2483329890,2483331024,16348,1134
28993.942230,2483338938,2483340072,16103,1134
28993.984310,2483370596,2483371736,16373,1140
28994.012376,2483393194,2483394321,16026,1127
28994.032402,2483406795,2483407930,15995,1135
28994.044433,2483415887,2483417028,16370,1141
28994.116569,2483470144,2483471277,16358,1133
28994.128590,2483479242,2483480380,16340,1138
28994.215757,2483544873,2483545996,16443,1123
28994.227779,2483553953,2483555082,16346,1129
28994.239796,2483562998,2483564125,16027,1127
28994.251829,2483572096,2483573242,16365,1146
28994.263846,2483581209,2483582342,16375,1133
28994.275865,2483590262,2483591400,16027,1138
28994.287894,2483599340,2483600483,16354,1143
28994.299915,2483608389,2483609523,16372,1134
28994.311933,2483617447,2483618585,15941,1138
28994.323967,2483626538,2483627675,16368,1137
28994.335984,2483635635,2483636773,16375,1138
28994.348002,2483644705,2483645841,15994,1136
28994.360032,2483653771,2483654909,16357,1138
28994.372055,2483662806,2483663925,16363,1119
28994.384071,2483671810,2483672940,16028,1130
28994.396100,2483680859,2483681997,16268,1138
28994.408120,2483689901,2483691031,16376,1130
28994.420142,2483698979,2483700125,16229,1146
28994.432171,2483708058,2483709172,16219,1114
28994.444185,2483717107,2483718243,16294,1136
28994.456210,2483726146,2483727265,16029,1119
28994.468240,2483735169,2483736303,16407,1134
28994.480259,2483744235,2483745363,16254,1128
28994.492277,2483753260,2483754392,16031,1132
28994.504310,2483762323,2483763463,16384,1140
28994.516326,2483771382,2483772515,16269,1133
28994.528346,2483780416,2483781546,15994,1130
28994.543379,2483791737,2483792866,16419,1129
28994.561412,2483805302,2483806430,16373,1128
28994.573431,2483814328,2483815461,16031,1133
28994.585460,2483823366,2483824504,16354,1138
28994.624533,2483852812,2483853958,16326,1146
28994.636551,2483861848,2483862984,16028,1136
28994.648582,2483870920,2483872032,16212,1112
28994.660602,2483880000,2483881129,16343,1129
28994.672620,2483889023,2483890147,16031,1124
28994.696669,2483907121,2483908259,16370,1138
28994.708688,2483916141,2483917272,16026,1131
28994.729734,2483932034,2483933164,16351,1130
28994.741755,2483941064,2483942198,16376,1134
28994.753774,2483950116,2483951252,16027,1136
28994.765806,2483959186,2483960318,16409,1132
28994.780826,2483970477,2483971615,16020,1138
28994.855975,2484026970,2484028124,16364,1154
28994.867998,2484036130,2484037259,16365,1129
28994.880017,2484045166,2484046299,16233,1133
28994.922099,2484076818,2484077950,16428,1132
28994.934117,2484085822,2484086949,16109,1127
28994.946146,2484094854,2484095987,16447,1133
28994.973198,2484115197,2484116333,16445,1136
28994.985218,2484124251,2484125389,16377,1138
28995.000249,2484135591,2484136729,16446,1138
28995.060365,2484180815,2484181941,16114,1126
28995.072386,2484189864,2484190990,16445,1126
28995.084406,2484198916,2484200054,16376,1138
28995.111458,2484219262,2484220392,16343,1130
28995.123482,2484228325,2484229464,16263,1139
28995.135508,2484237393,2484238506,16214,1113
28995.153542,2484250918,2484252027,16288,1109
28995.165564,2484259937,2484261075,16447,1138
28995.180592,2484271236,2484272374,16367,1138
28995.192612,2484280287,2484281420,16459,1133
28995.240700,2484316530,2484317661,16027,1131
28995.252729,2484325587,2484326719,16275,1132
28995.267752,2484336861,2484337996,16026,1135
28995.280783,2484348219,2484349361,16366,1142
28995.303820,2484364042,2484365177,16031,1135
28995.315853,2484373097,2484374237,16376,1140
28995.327872,2484382156,2484383294,16361,1138
28995.339889,2484391201,2484392332,16029,1131
28995.351922,2484400218,2484401338,16241,1120
28995.363938,2484409270,2484410405,16306,1135
28995.375957,2484418291,2484419422,16022,1131
28995.393992,2484431869,2484433005,16029,1136
28995.406023,2484440933,2484442047,16212,1114
28995.433072,2484461268,2484462398,16361,1130
28995.445093,2484470311,2484471449,16375,1138
28995.472144,2484490666,2484491802,16372,1136
28995.484163,2484499748,2484500878,16027,1130
28995.496192,2484508786,2484509926,16319,1140
28995.508213,2484517844,2484518977,16262,1133
28995.520232,2484526902,2484528035,15915,1133
28995.541278,2484542724,2484543859,16351,1135
28995.553299,2484551754,2484552887,16374,1133
28995.601386,2484587955,2484589092,15992,1137
28995.613419,2484597082,2484598223,16375,1141
28995.625436,2484606151,2484607278,16458,1127
28995.637454,2484615190,2484616320,16027,1130
28995.649486,2484624257,2484625382,16215,1125
28995.661507,2484633326,2484634466,16361,1140
28995.676535,2484644618,2484645751,16442,1133
28995.688555,2484653675,2484654816,16371,1141
28995.709595,2484669519,2484670657,16231,1138
28995.721621,2484678592,2484679719,16363,1127
28995.751675,2484701167,2484702294,16455,1127
28995.763694,2484710181,2484711306,16109,1125
28995.781731,2484723779,2484724912,16217,1133
28995.793762,2484732908,2484734050,16417,1142
28995.811796,2484746623,2484747769,16306,1146
28995.823818,2484755790,2484756936,16388,1146
28995.835834,2484764918,2484766056,16249,1138
28995.847865,2484774075,2484775225,16268,1150
28995.859888,2484783218,2484784346,16403,1128
28995.871903,2484792290,2484793426,16236,1136
28995.889932,2484805890,2484807022,16069,1132
28995.901964,2484814951,2484816091,16463,1140
28995.913985,2484824068,2484825192,16427,1124
28995.944040,2484846747,2484847880,16230,1133
28995.956070,2484855782,2484856919,16491,1137
28995.968087,2484864835,2484865965,16454,1130
28995.986121,2484878392,2484879530,16456,1138
28995.998140,2484887438,2484888581,16032,1143
28996.025192,2484907793,2484908923,16105,1130
28996.037221,2484916838,2484917963,16365,1125
28996.097329,2484962050,2484963184,16028,1134
28996.109362,2484971147,2484972276,16372,1129
28996.127393,2484984701,2484985828,16360,1127
28996.139413,2484993746,2484994882,16375,1136
28996.151440,2485002799,2485003926,16114,1127
28996.163461,2485011822,2485012948,16359,1126
28996.175481,2485020842,2485021969,16373,1127
28996.187500,2485029886,2485031016,16029,1130
28996.205538,2485043437,2485044574,16235,1137
28996.217569,2485052483,2485053622,16383,1139
28996.235603,2485066077,2485067212,16378,1135
28996.247617,2485075156,2485076280,16269,1124
28996.259638,2485084178,2485085309,15945,1131
28996.277669,2485097796,2485098930,15987,1134
28996.289705,2485106841,2485107963,16233,1122
28996.304728,2485118163,2485119308,16258,1145
28996.319756,2485129538,2485130683,16373,1145
28996.331775,2485138787,2485139922,16030,1135
28996.343808,2485147838,2485148971,16383,1133
28996.355825,2485156912,2485158056,16313,1144
28996.367847,2485165994,2485167137,15930,1143
28996.379873,2485175032,2485176165,16276,1133
28996.391889,2485184069,2485185214,16288,1145
28996.449006,2485227057,2485228182,16110,1125
28996.461027,2485236081,2485237214,16356,1133
28996.524147,2485283576,2485284704,16364,1128
28996.536167,2485292657,2485293780,16373,1123
28996.548191,2485301670,2485302813,15988,1143
28996.560216,2485310743,2485311881,16275,1138
28996.572236,2485319780,2485320911,16373,1131
28996.584255,2485328832,2485329970,15945,1138
28996.596284,2485337878,2485339016,16358,1138
28996.608306,2485346954,2485348083,16344,1129
28996.620323,2485355980,2485357113,15942,1133
28996.635356,2485367299,2485368437,16373,1138
28996.654905,2485378664,2485379292,13549,628
28996.668334,2485384142,2485384742,12028,600
28996.681950,2485390737,2485391865,16319,1128
28996.693966,2485399767,2485400905,16250,1138
28996.705997,2485408834,2485409972,16317,1138
28996.730035,2485426960,2485428098,16252,1138
28996.742064,2485436081,2485437214,16224,1133
28996.754086,2485445158,2485446285,16370,1127
28996.766104,2485454234,2485455372,16267,1138
28996.778133,2485463323,2485464461,16313,1138
28996.790154,2485472382,2485473522,16372,1140
28996.802172,2485481462,2485482600,16265,1138
28996.853274,2485520030,2485521165,16367,1135
28996.865292,2485529107,2485530235,16264,1128
28996.877321,2485538177,2485539300,16314,1123
28996.892343,2485549500,2485550629,16264,1129
28996.904372,2485558590,2485559733,16313,1143
28996.916394,2485567684,2485568822,16373,1138
28996.928415,2485576765,2485577895,16206,1130
28996.940444,2485585859,2485586992,16314,1133
28996.979516,2485615389,2485616518,16383,1129
28996.991535,2485624460,2485625596,16190,1136
28997.003563,2485633561,2485634701,16317,1140
28997.015585,2485642674,2485643820,16360,1146
28997.027601,2485651808,2485652946,16170,1138
28997.039631,2485660889,2485662027,16314,1138
28997.051653,2485669988,2485671126,16383,1138
28997.063670,2485679043,2485680175,16167,1132
28997.075700,2485688124,2485689256,16316,1132
28997.087721,2485697190,2485698326,16386,1136
28997.099738,2485706271,2485707411,16247,1140
28997.111769,2485715386,2485716530,16318,1144
28997.123790,2485724477,2485725621,16356,1144
28997.135807,2485733605,2485734738,16255,1133
28997.147837,2485742708,2485743836,16315,1128
28997.159859,2485751777,2485752915,16379,1138
28997.173386,2485760381,2485761510,16281,1129
28997.185401,2485769459,2485770597,16232,1138
28997.200437,2485780786,2485781910,16400,1124
28997.212453,2485789861,2485791006,16234,1145
28997.227491,2485801235,2485802373,16424,1138
28997.239504,2485810307,2485811450,16318,1143
28997.251533,2485819437,2485820575,16325,1138
28997.263557,2485828521,2485829667,16407,1146
28997.275572,2485837626,2485838759,16239,1133
28997.287602,2485846695,2485847836,16316,1141
28997.299626,2485855783,2485856916,16400,1133
28997.311641,2485864849,2485865987,16231,1138
28997.323670,2485873963,2485875101,16204,1138
28997.335694,2485883070,2485884211,16401,1141
28997.347709,2485892226,2485893359,16232,1133
28997.359739,2485901303,2485902432,16315,1129
28997.371763,2485910367,2485911501,16398,1134
28997.383779,2485919464,2485920602,16216,1138
28997.395807,2485928579,2485929725,16314,1146
28997.407832,2485937667,2485938807,16373,1140
28997.419847,2485946753,2485947875,16232,1122
28997.431876,2485955847,2485956985,16316,1138
28997.443900,2485964949,2485966086,16390,1137
28997.455915,2485974047,2485975185,16234,1138
28997.467945,2485983186,2485984322,16320,1136
28997.479969,2485992280,2485993403,16401,1123
28997.491983,2486001360,2486002498,16220,1138
28997.525055,2486026330,2486027463,16399,1133
28997.537070,2486035400,2486036531,16143,1131
28997.549099,2486044471,2486045609,16319,1138
28997.561123,2486053605,2486054738,16399,1133
28997.573138,2486062690,2486063823,16231,1133
28997.597192,2486080814,2486081941,16399,1127
28997.609207,2486089889,2486091027,16234,1138
28997.630253,2486105813,2486106959,16318,1146
28997.642278,2486114896,2486116025,16415,1129
28997.657305,2486126207,2486127345,16317,1138
28997.696382,2486155746,2486156878,16419,1132
28997.708396,2486164812,2486165941,16241,1129
28997.732449,2486182986,2486184124,16489,1138
28997.744465,2486192077,2486193210,16244,1133
28997.756494,2486201158,2486202287,16317,1129
28997.768520,2486210301,2486211439,16420,1138
28997.801579,2486235276,2486236419,16313,1143
28997.813604,2486244342,2486245480,16399,1138
28997.831638,2486257973,2486259111,16399,1138
28997.843653,2486267055,2486268187,16238,1132
28997.855682,2486276153,2486277291,16317,1138
28997.867706,2486285225,2486286363,16400,1138
28997.879721,2486294292,2486295430,16236,1138
28997.891751,2486303375,2486304503,16316,1128
28997.903775,2486312420,2486313560,16409,1140
28997.915790,2486321512,2486322641,16241,1129
28997.927819,2486330589,2486331722,16325,1133
28997.939844,2486339652,2486340785,16420,1133
28997.951858,2486348737,2486349875,16320,1138
28997.963888,2486357835,2486358973,16317,1138
28997.975912,2486366991,2486368119,16407,1128
28997.987926,2486376051,2486377184,16219,1133
28997.999956,2486385128,2486386263,16229,1135
28998.011981,2486394188,2486395318,16399,1130
28998.048050,2486421413,2486422546,16397,1133
28998.060064,2486430521,2486431659,16147,1138
28998.072093,2486439595,2486440733,16316,1138
28998.084118,2486448675,2486449807,16404,1132
28998.096133,2486457742,2486458871,16235,1129
28998.108162,2486466811,2486467944,16316,1133
28998.120186,2486475872,2486477004,16315,1132
28998.138221,2486489458,2486490596,16419,1138
28998.150236,2486498546,2486499674,16235,1128
28998.168270,2486512212,2486513350,16235,1138
28998.180299,2486521342,2486522475,16315,1133
28998.192324,2486530428,2486531566,16402,1138
28998.237409,2486564477,2486565607,16416,1130
28998.249424,2486573551,2486574679,16232,1128
28998.261453,2486582643,2486583772,16292,1129
28998.273478,2486591722,2486592862,16399,1140
28998.285494,2486600821,2486601961,16249,1140
28998.297522,2486609921,2486611049,16315,1128
28998.309546,2486618986,2486620115,16399,1129
28998.321562,2486628051,2486629190,16233,1139
28998.333590,2486637112,2486638241,16311,1129
28998.345615,2486646205,2486647338,16401,1133
28998.357631,2486655320,2486656450,16234,1130
28998.372667,2486666720,2486667860,16404,1140
28998.384681,2486675822,2486676949,16220,1127
28998.408735,2486693989,2486695132,16401,1143
28998.420751,2486703057,2486704195,16237,1138
28998.444804,2486721231,2486722374,16404,1143
28998.456819,2486730312,2486731444,16233,1132
28998.468848,2486739365,2486740489,16314,1124
28998.480872,2486748458,2486749591,16397,1133
28998.516941,2486775669,2486776796,16397,1127
28998.531968,2486786990,2486788127,16313,1137
28998.557023,2486807444,2486808577,16313,1133
28998.569038,2486816543,2486817689,16401,1146
28998.589078,2486830278,2486831411,16400,1133
28998.601093,2486839366,2486840494,16146,1128
28998.613122,2486848433,2486849579,16313,1146
28998.634164,2486864331,2486865469,16414,1138
28998.646179,2486873434,2486874567,16233,1133
28998.658209,2486882530,2486883668,16320,1138
28998.670232,2486891610,2486892746,16403,1136
28998.685260,2486902961,2486904094,16319,1133
28998.706301,2486918832,2486919969,16396,1137
28998.727333,2486934782,2486935915,16317,1133
28998.739362,2486943840,2486944983,16401,1143
28998.757397,2486957469,2486958598,16315,1129
28998.769421,2486966562,2486967698,16490,1136
28998.781435,2486975657,2486976789,16303,1132
28998.793463,2486984767,2486985913,16223,1146
28998.820516,2487005198,2487006343,16316,1145
28998.832540,2487014290,2487015423,16401,1133
28998.847567,2487025620,2487026758,16313,1138
28998.877626,2487048297,2487049435,16396,1138
28998.889644,2487057402,2487058535,16228,1133
28998.904677,2487068761,2487069895,16386,1134
28998.916693,2487077825,2487078963,16244,1138
28998.937738,2487093733,2487094872,16315,1139
28998.952762,2487105073,2487106209,16240,1136
28998.964790,2487114150,2487115283,16317,1133
28998.985831,2487130021,2487131163,16392,1142
28998.997848,2487139413,2487140546,16234,1133
28999.069985,2487193879,2487195007,16234,1128
28999.082014,2487202958,2487204096,16316,1138
28999.184210,2487280065,2487281198,16401,1133
28999.196227,2487289470,2487290599,16233,1129
28999.208254,2487298533,2487299678,16312,1145
28999.220278,2487307671,2487308816,16286,1145
28999.232294,2487316752,2487317885,16240,1133
28999.244323,2487325824,2487326957,16318,1133
28999.296429,2487366661,2487367799,16320,1138
28999.313448,2487378003,2487379141,16226,1138
28999.325477,2487387083,2487388216,16313,1133
28999.337502,2487396133,2487397267,16398,1134
28999.349517,2487405194,2487406318,16234,1124
28999.397614,2487441490,2487442619,16311,1129
28999.409640,2487450579,2487451711,16400,1132
28999.427673,2487464188,2487465321,16412,1133
28999.439689,2487473290,2487474423,16238,1133
28999.451717,2487482366,2487483488,16319,1122
28999.472759,2487498256,2487499385,16393,1129
28999.484773,2487507327,2487508451,16230,1124
28999.511825,2487527732,2487528860,16228,1128
28999.523854,2487536816,2487537954,16311,1138
28999.541889,2487550422,2487551551,16312,1129
28999.553913,2487559491,2487560624,16402,1133
28999.592979,2487589006,2487590139,16233,1133
28999.605009,2487598098,2487599236,16293,1138
28999.617033,2487607199,2487608327,16393,1128
28999.629048,2487616293,2487617426,16236,1133
28999.656100,2487636714,2487637842,16237,1128
28999.668131,2487645818,2487646940,16335,1122
28999.686163,2487659414,2487660556,16307,1142
28999.698188,2487668503,2487669649,16372,1146
28999.722231,2487686672,2487687810,16311,1138
28999.734256,2487695776,2487696911,16397,1135
28999.767317,2487720718,2487721858,16312,1140
28999.779342,2487729816,2487730944,16401,1128
28999.791357,2487738887,2487740020,16229,1133
28999.812403,2487754794,2487755928,16315,1134
28999.824427,2487763886,2487765019,16415,1133
28999.836443,2487772965,2487774094,16233,1129
28999.848471,2487782072,2487783212,16311,1140
28999.875523,2487802482,2487803615,16315,1133
28999.911591,2487829765,2487830911,16316,1146
28999.923616,2487838865,2487839998,16413,1133
28999.935631,2487847947,2487849083,16238,1136
28999.947660,2487857022,2487858151,16270,1129
28999.959685,2487866087,2487867214,16312,1127
28999.971698,2487875160,2487876298,16132,1138
28999.983729,2487884252,2487885376,16315,1124
29000.019797,2487911572,2487912713,16310,1141
29000.031822,2487920717,2487921855,16398,1138
29000.043837,2487929816,2487930954,16144,1138
29000.055866,2487938897,2487940032,16314,1135
29000.067890,2487947988,2487949128,16401,1140
29000.079905,2487957079,2487958212,16238,1133
29000.091934,2487966142,2487967280,16317,1138
29000.103959,2487975223,2487976368,16399,1145
29000.115974,2487984332,2487985465,16231,1133
29000.128003,2487993392,2487994521,16320,1129
29000.140027,2488002456,2488003602,16370,1146
29000.152046,2488011598,2488012742,16241,1144
29000.164072,2488020684,2488021807,16319,1123
29000.176096,2488029748,2488030886,16403,1138
29000.188112,2488038833,2488039972,16238,1139
29000.206145,2488052478,2488053611,16208,1133
29000.218174,2488061554,2488062698,16307,1144
29000.233197,2488072922,2488074055,16233,1133
29000.245226,2488082010,2488083148,16315,1138
29000.257250,2488091118,2488092255,16400,1137
29000.332386,2488147843,2488148973,16233,1130
29000.344415,2488156946,2488158092,16317,1146
29000.359437,2488168290,2488169418,16231,1128
29000.371466,2488177389,2488178522,16310,1133
29000.383491,2488186467,2488187608,16372,1141
29000.395506,2488195573,2488196708,16230,1135
29000.407535,2488204679,2488205814,16314,1135
29000.419559,2488213820,2488214962,16415,1142
29000.431576,2488222951,2488224089,16228,1138
29000.443603,2488232023,2488233155,16316,1132
29000.455628,2488241128,2488242260,16319,1132
29000.467641,2488250181,2488251325,16222,1144
29000.479672,2488259301,2488260438,16316,1137
29000.491696,2488268381,2488269519,16405,1138
29000.503712,2488277429,2488278567,16233,1138
29000.515740,2488286511,2488287648,16289,1137
29000.527765,2488295594,2488296745,16404,1151
29000.539780,2488304684,2488305817,16232,1133
29000.551809,2488313773,2488314903,16315,1130
29000.563833,2488322845,2488323978,16403,1133
29000.575849,2488331895,2488333028,16234,1133
29000.623946,2488368233,2488369371,16315,1138
29000.636980,2488379609,2488380743,16231,1134
29000.681056,2488411459,2488412599,16390,1140
29000.693072,2488420535,2488421674,16249,1139
29000.705099,2488429631,2488430769,16314,1138
29000.720123,2488440982,2488442119,16248,1137
29000.732153,2488450117,2488451252,16337,1135
29000.744176,2488459189,2488460319,16391,1130
29000.756192,2488468275,2488469412,16248,1137
29000.768219,2488477402,2488478546,16321,1144
29000.780244,2488486532,2488487675,16389,1143
29000.792260,2488495645,2488496783,16157,1138
29000.804289,2488504803,2488505945,16312,1142
29000.816313,2488514169,2488515303,16352,1134
29000.837346,2488530059,2488531205,16452,1146
29000.849365,2488539199,2488540342,16045,1143
29000.861394,2488548302,2488549445,16348,1143
29000.873417,2488557419,2488558547,16342,1128
29000.885437,2488566453,2488567590,16325,1137
29000.897463,2488575520,2488576653,16425,1133
29000.909484,2488584556,2488585689,16377,1133
29000.984627,2488641069,2488642210,16043,1141
29000.996652,2488650135,2488651276,16353,1141
29001.044742,2488686349,2488687487,16459,1138
29001.056761,2488695404,2488696539,16026,1135
29001.101846,2488729398,2488730532,16020,1134
29001.113879,2488738482,2488739618,16406,1136
29001.193031,2488799561,2488800697,16437,1136
29001.252136,2488842507,2488843649,16368,1142
29001.264158,2488851629,2488852762,16232,1133
29001.282189,2488865201,2488866331,16020,1130
29001.294220,2488874242,2488875375,16378,1133
29001.306239,2488883264,2488884402,16376,1138
29001.318257,2488892304,2488893431,15947,1127
29001.351325,2488917147,2488918284,16378,1137
29001.372360,2488933057,2488934195,15987,1138
29001.384390,2488942082,2488943224,16360,1142
29001.396411,2488951129,2488952267,16384,1138
29001.412450,2488964725,2488965865,16299,1140
29001.456527,2488996403,2488997536,16356,1133
29001.468551,2489005482,2489006615,16345,1133
29001.513633,2489039508,2489040643,16302,1135
29001.525648,2489048585,2489049721,15988,1136
29001.537681,2489057656,2489058794,16357,1138
29001.549702,2489066711,2489067847,16367,1136
29001.616838,2489118664,2489119803,16353,1139
29001.639873,2489134543,2489135676,16461,1133
29001.651892,2489143589,2489144725,15996,1136
29001.663926,2489152657,2489153787,16383,1130
29001.721028,2489195716,2489196845,16377,1129
29001.733046,2489204729,2489205855,16101,1126
29001.823218,2489272597,2489273729,16102,1132
29001.838251,2489283928,2489285061,16379,1133
29001.865303,2489304274,2489305410,16341,1136
29001.877321,2489313338,2489314465,16029,1127
29001.895355,2489326910,2489328037,16028,1127
29001.907388,2489335973,2489337097,16412,1124
29001.919406,2489345057,2489346190,16354,1133
29001.931423,2489354103,2489355228,16108,1125
29001.943453,2489363164,2489364309,16362,1145
29001.961492,2489376764,2489377897,16368,1133
29001.973508,2489385838,2489386978,16458,1140
29001.985526,2489394855,2489395995,16027,1140
29001.997556,2489403929,2489405057,16361,1128
29002.039629,2489435523,2489436658,16020,1135
29002.051658,2489444564,2489445702,16364,1138
29002.063681,2489453635,2489454767,16340,1132
29002.087728,2489471758,2489472887,16365,1129
29002.099748,2489480796,2489481927,16459,1131
29002.111767,2489489837,2489490972,15999,1135
29002.123801,2489498921,2489500059,16390,1138
29002.135816,2489507991,2489509129,16371,1138
29002.147835,2489517045,2489518179,16026,1134
29002.159869,2489526109,2489527247,16459,1138
29002.171885,2489535171,2489536311,16370,1140
29002.183904,2489544183,2489545322,16028,1139
29002.204954,2489560000,2489561132,16396,1132
29002.216971,2489569039,2489570181,16375,1142
29002.256044,2489598420,2489599555,16233,1135
29002.268072,2489607468,2489608581,16209,1113
29002.280092,2489616504,2489617637,16370,1133
29002.292109,2489625532,2489626661,16077,1129
29002.313158,2489641359,2489642473,16277,1114
29002.325177,2489650363,2489651501,16505,1138
29002.349225,2489668491,2489669614,16363,1123
29002.361246,2489677519,2489678656,16347,1137
29002.409336,2489713676,2489714812,16037,1136
29002.421365,2489722725,2489723863,16411,1138
29002.433382,2489731769,2489732900,16462,1131
29002.445398,2489740825,2489741961,16065,1136
29002.460435,2489752162,2489753295,16345,1133
29002.481473,2489767966,2489769091,16113,1125
29002.493506,2489777079,2489778207,16467,1128
29002.517542,2489795127,2489796270,16040,1143
29002.529571,2489804174,2489805306,16397,1132
29002.568640,2489833537,2489834675,16458,1138
29002.583670,2489844870,2489846002,16435,1132
29002.625744,2489876552,2489877682,16105,1130
29002.637773,2489885601,2489886734,16433,1133
29002.668838,2489910496,2489911628,16101,1132
29002.691881,2489926343,2489927476,16380,1133
29002.703900,2489935441,2489936574,16442,1133
29002.715915,2489944455,2489945579,16028,1124
29002.727945,2489953510,2489954645,16354,1135
29002.739966,2489962571,2489963704,16375,1133
29002.751987,2489971622,2489972761,16236,1139
29002.764014,2489980730,2489981863,16440,1133
29002.785041,2489996569,2489997712,16160,1143
29002.797077,2490005626,2490006756,16077,1130
29002.824125,2490025917,2490027048,16112,1131
29002.836154,2490034939,2490036079,16516,1140
29002.854189,2490048536,2490049665,16369,1129
29002.866194,2490057535,2490058668,16162,1133
29002.881236,2490068827,2490069955,16360,1128
29002.893262,2490077869,2490078996,16443,1127
29002.905275,2490086922,2490088058,16026,1136
29002.920311,2490098206,2490099345,16360,1139
29002.932331,2490107200,2490108339,16037,1139
29002.947356,2490118497,2490119633,16004,1136
29002.989446,2490150114,2490151247,16372,1133
29003.001452,2490159139,2490160280,16079,1141
29003.016498,2490170429,2490171557,16412,1128
29003.092649,2490229050,2490230186,16106,1136
29003.116687,2490247226,2490248356,16077,1130
29003.196840,2490305793,2490306921,16396,1128
29003.208846,2490314780,2490315901,16079,1121
29003.220880,2490323762,2490324897,16033,1135
29003.232908,2490332748,2490333884,16389,1136
29003.297037,2490382289,2490383421,16136,1132
29003.320067,2490398166,2490399299,16224,1133
29003.332097,2490407167,2490408304,16475,1137
29003.344111,2490416181,2490417301,16115,1120
29003.365154,2490431954,2490433062,16328,1108
29003.377181,2490440956,2490442084,16459,1128
29003.407238,2490463474,2490464602,16446,1128
29003.422269,2490474801,2490475944,16377,1143
29003.434275,2490483794,2490484929,16164,1135
29003.509428,2490540103,2490541233,16111,1130
29003.521454,2490549161,2490550288,16355,1127
29003.533463,2490558162,2490559293,16160,1131
29003.548510,2490569430,2490570561,16404,1131
29003.611628,2490616715,2490617847,16391,1132
29003.623635,2490625707,2490626841,16163,1134
29003.653702,2490648258,2490649387,16300,1129
29003.665731,2490657265,2490658388,16394,1123
29003.677738,2490666244,2490667379,16079,1135
29003.716823,2490695529,2490696660,16040,1131
29003.728848,2490704804,2490705942,16438,1138
29003.764920,2490731875,2490733024,16517,1149
29003.776926,2490740885,2490742015,16159,1130
29003.788962,2490749907,2490751039,16185,1132
29003.822012,2490774692,2490775822,16155,1130
29003.834045,2490783680,2490784812,16125,1132
29003.876115,2490815267,2490816394,16157,1127
29003.912184,2490842395,2490843526,16080,1131
29003.924214,2490851421,2490852545,15994,1124
29003.936242,2490860731,2490861860,16453,1129
29003.948254,2490869760,2490870899,16082,1139
29003.960286,2490878757,2490879882,16032,1125
29003.972314,2490887760,2490888893,16391,1133
29003.984321,2490896739,2490897875,16081,1136
29004.008382,2490914783,2490915928,16473,1145
29004.020389,2490923788,2490924918,16159,1130
29004.035435,2490935029,2490936167,16390,1138
29004.047453,2490944107,2490945240,16354,1133
29004.065475,2490957619,2490958753,16077,1134
29004.077505,2490966649,2490967774,16032,1125
29004.128605,2491004892,2491006021,16076,1129
29004.140624,2491013952,2491015079,16215,1127
29004.192739,2491054523,2491055653,16115,1130
29004.209750,2491065812,2491066948,16084,1136
29004.221783,2491074810,2491075920,16240,1110
29004.239813,2491088350,2491089488,16217,1138
29004.251846,2491097398,2491098531,16470,1133
29004.263853,2491106399,2491107524,16083,1125
29004.335997,2491160539,2491161675,16048,1136
29004.348024,2491169602,2491170730,16225,1128
29004.360052,2491178606,2491179744,16388,1138
29004.372059,2491187668,2491188806,16162,1138
29004.384097,2491196705,2491197836,16186,1131
29004.396121,2491205731,2491206844,16219,1113
29004.414153,2491219252,2491220383,16452,1131
29004.426166,2491228272,2491229393,16213,1121
29004.453213,2491248565,2491249701,16080,1136
29004.465240,2491257591,2491258720,15965,1129
29004.540396,2491313975,2491315107,16406,1132
29004.552409,2491323048,2491324193,16291,1145
29004.564436,2491332345,2491333479,16038,1134
29004.585480,2491348094,2491349234,16448,1140
29004.597492,2491357135,2491358277,16171,1142
29004.657618,2491402216,2491403351,16465,1135
29004.669629,2491411247,2491412377,16117,1130
29004.684669,2491422511,2491423644,16449,1133
29004.696675,2491431504,2491432635,16080,1131
29004.720737,2491449489,2491450618,16465,1129
29004.732755,2491458502,2491459641,16266,1139
29004.744779,2491467538,2491468668,16034,1130
29004.759796,2491478820,2491479949,16164,1129
29004.771829,2491488016,2491489152,16039,1136
29004.783857,2491497051,2491498184,16364,1133
29004.795864,2491506057,2491507187,16162,1130
29004.816911,2491521818,2491522949,16031,1131
29004.828944,2491530831,2491531955,16476,1124
29004.840952,2491539858,2491540988,16169,1130
29004.874031,2491564600,2491565709,16312,1109
29004.886038,2491573592,2491574719,16084,1127
29004.898069,2491582568,2491583701,16036,1133
29004.910099,2491591605,2491592743,16377,1138
29004.925120,2491602854,2491603960,16261,1106
29004.964201,2491632122,2491633251,16398,1129
29004.976209,2491641356,2491642483,16081,1127
29004.988238,2491650416,2491651543,16003,1127
29005.000269,2491659427,2491660556,16466,1129
29005.021293,2491675186,2491676317,16161,1131
29005.033322,2491684220,2491685353,16301,1133
29005.084414,2491722536,2491723672,16164,1136
29005.096447,2491731577,2491732702,16038,1125
29005.177608,2491792405,2491793517,16317,1112
29005.189626,2491801482,2491802611,16359,1129
29005.225698,2491828449,2491829587,16391,1138
29005.237706,2491837526,2491838656,16082,1130
29005.288818,2491875798,2491876931,16388,1133
29005.300824,2491884843,2491885977,16082,1134
29005.351936,2491923148,2491924286,16371,1138
29005.363944,2491932136,2491933277,16085,1141
29005.375983,2491941156,2491942283,16103,1127
29005.394013,2491954702,2491955834,16127,1132
29005.406044,2491963762,2491964890,16397,1128
29005.418047,2491972795,2491973930,16079,1135
29005.430076,2491981822,2491982964,16293,1142
29005.481168,2492020101,2492021229,16161,1128
29005.493202,2492029087,2492030212,16120,1125
29005.544287,2492067420,2492068550,16077,1130
29005.556321,2492076400,2492077526,16036,1126
29005.595402,2492105634,2492106751,16223,1117
29005.607415,2492114758,2492115899,16116,1141
29005.619442,2492123804,2492124935,16040,1131
29005.637476,2492137355,2492138493,16034,1138
29005.649504,2492146394,2492147537,16386,1143
29005.703606,2492186922,2492188049,16380,1127
29005.715613,2492195917,2492197046,16081,1129
29005.727646,2492204906,2492206052,16341,1146
29005.745681,2492218487,2492219598,16265,1111
29005.757709,2492227466,2492228604,16393,1138
29005.799784,2492258955,2492260091,16038,1136
29005.811809,2492268015,2492269138,16433,1123
29005.835855,2492279445,2492280050,11967,605
29005.849382,2492284476,2492285246,13288,770
29005.861406,2492293074,2492294199,16385,1125
29005.873421,2492302067,2492303202,16037,1135
29005.885447,2492311092,2492312213,16044,1121
29005.897475,2492320110,2492321252,16384,1142
29005.915511,2492333730,2492334873,16380,1143
29005.927528,2492342787,2492343923,16051,1136
29005.939557,2492351855,2492352998,16359,1143
29005.951578,2492360961,2492362105,16385,1144
29005.963593,2492370056,2492371189,16001,1133
29005.975626,2492379134,2492380282,16358,1148
29005.987643,2492388194,2492389332,16352,1138
29005.999653,2492397201,2492398337,16084,1136
29006.011684,2492406246,2492407377,16043,1131
29006.023715,2492415299,2492416432,16364,1133
29006.035722,2492424299,2492425426,16084,1127
29006.047755,2492433330,2492434468,16263,1138
29006.059781,2492442372,2492443483,16184,1111
29006.071801,2492451381,2492452514,16094,1133
29006.083822,2492460431,2492461564,16205,1133
29006.119900,2492487470,2492488600,16112,1130
29006.131923,2492496482,2492497594,16229,1112
29006.143934,2492505468,2492506603,16116,1135
29006.155962,2492514473,2492515603,16047,1130
29006.167989,2492523480,2492524618,16382,1138
29006.179998,2492532515,2492533648,16084,1133
29006.192031,2492541511,2492542647,16047,1136
29006.204058,2492550525,2492551653,16380,1128
29006.216066,2492559546,2492560667,16165,1121
29006.228095,2492568596,2492569722,16022,1126
29006.240122,2492577658,2492578796,16331,1138
29006.252134,2492586690,2492587824,16085,1134
29006.264163,2492595714,2492596842,16134,1128
29006.324271,2492640797,2492641927,16159,1130
29006.337809,2492649263,2492650401,16315,1138
29006.349828,2492658294,2492659427,16305,1133
29006.364848,2492669549,2492670680,16162,1131
29006.376879,2492678569,2492679699,16084,1130
29006.397927,2492694355,2492695494,16387,1139
29006.409938,2492703405,2492704543,16168,1138
29006.421967,2492712520,2492713648,16235,1128
29006.433995,2492721534,2492722672,16380,1138
29006.446003,2492730540,2492731668,16079,1128
29006.470063,2492748626,2492749758,16367,1132
29006.482071,2492757662,2492758784,16082,1122
29006.494105,2492766650,2492767779,16039,1129
29006.506132,2492775672,2492776805,16384,1133
29006.518147,2492784654,2492785781,16037,1127
29006.530172,2492793718,2492794854,16229,1136
29006.542201,2492802739,2492803869,16384,1130
29006.572256,2492825283,2492826411,16366,1128
29006.584275,2492834319,2492835457,16325,1138
29006.596304,2492843348,2492844483,16395,1135
29006.611328,2492854639,2492855769,16121,1130
29006.623356,2492863762,2492864895,16369,1133
29006.635363,2492872763,2492873898,16166,1135
29006.656413,2492888548,2492889658,16241,1110
29006.668441,2492897552,2492898685,16393,1133
29006.680448,2492906579,2492907714,16085,1135
29006.692481,2492915650,2492916783,16235,1133
29006.707500,2492926940,2492928083,16085,1143
29006.719528,2492935993,2492937127,16222,1134
29006.731561,2492945027,2492946165,16333,1138
29006.743570,2492954058,2492955194,16106,1136
29006.755602,2492963036,2492964176,16136,1140
29006.767628,2492972056,2492973194,16423,1138
29006.785663,2492985569,2492986707,16451,1138
29006.797671,2492994561,2492995698,16084,1137
29006.809705,2493003592,2493004723,16045,1131
29006.821736,2493012634,2493013767,16399,1133
29006.833741,2493021742,2493022872,16077,1130
29006.848784,2493033006,2493034139,16381,1133
29006.860791,2493042025,2493043146,16087,1121
29006.875837,2493053317,2493054445,16370,1128
29006.887843,2493062321,2493063452,16082,1131
29006.899873,2493071367,2493072496,16038,1129
29006.911904,2493080348,2493081480,16389,1132
29006.923913,2493089385,2493090520,16084,1135
29006.935945,2493098393,2493099524,16042,1131
29006.947973,2493107409,2493108547,16301,1138
29006.959980,2493116436,2493117563,16082,1127
29006.972014,2493125440,2493126581,16045,1141
29006.984038,2493134507,2493135645,16345,1138
29006.996048,2493143518,2493144651,16088,1133
29007.008082,2493152533,2493153655,16124,1122
29007.020113,2493161598,2493162731,16371,1133
29007.032133,2493170651,2493171789,16357,1138
29007.044151,2493179705,2493180830,16042,1125
29007.056182,2493188758,2493189896,16399,1138
29007.068186,2493197784,2493198920,16080,1136
29007.080219,2493206795,2493207930,16047,1135
29007.092247,2493215842,2493216975,16384,1133
29007.113279,2493231646,2493232777,16039,1131
29007.125305,2493240671,2493241807,16123,1136
29007.173401,2493276717,2493277855,16383,1138
29007.185409,2493285729,2493286866,16086,1137
29007.203442,2493299271,2493300401,16080,1130
29007.215472,2493308301,2493309447,16215,1146
29007.227504,2493317378,2493318512,16465,1134
29007.245538,2493331077,2493332218,16385,1141
29007.257547,2493340109,2493341239,16079,1130
29007.287614,2493362616,2493363738,16045,1122
29007.299639,2493371643,2493372786,16355,1143
29007.311656,2493380646,2493381796,16039,1150
29007.329685,2493394193,2493395327,16087,1134
29007.341717,2493403210,2493404346,16044,1136
29007.401820,2493448293,2493449428,16080,1135
29007.413849,2493457321,2493458459,16301,1138
29007.425882,2493466361,2493467494,16396,1133
29007.437888,2493475398,2493476529,16077,1131
29007.449923,2493484604,2493485730,16122,1126
29007.461950,2493493621,2493494753,16365,1132
29007.473961,2493502638,2493503777,16166,1139
29007.485991,2493511663,2493512794,16045,1131
29007.510033,2493529732,2493530862,16009,1130
29007.522058,2493538809,2493539940,16037,1131
29007.534087,2493547838,2493548976,16379,1138
29007.546095,2493556861,2493558006,16130,1145
29007.561138,2493568115,2493569243,16440,1128
29007.573147,2493577153,2493578287,16161,1134
29007.612226,2493606465,2493607580,16049,1115
29007.624259,2493615464,2493616602,16468,1138
29007.645283,2493631218,2493632342,16079,1124
29007.657323,2493640255,2493641391,16111,1136
29007.669342,2493649298,2493650436,16351,1138
29007.681352,2493658293,2493659419,16083,1126
29007.693386,2493667283,2493668413,16041,1130
29007.720437,2493687601,2493688728,16042,1127
29007.732462,2493696656,2493697790,16343,1134
29007.772547,2493728172,2493729304,16027,1132
29007.792574,2493741739,2493742869,16039,1130
29007.804602,2493750740,2493751874,16382,1134
29007.816611,2493759779,2493760904,16081,1125
29007.849688,2493784580,2493785718,16390,1138
29007.861695,2493793643,2493794773,16087,1130
29007.873729,2493802665,2493803801,16045,1136
29007.885759,2493811733,2493812866,16399,1133
29007.897763,2493820734,2493821859,16079,1125
29007.909791,2493829751,2493830863,16121,1112
29007.921824,2493838741,2493839883,16464,1142
29007.933832,2493847769,2493848893,16163,1124
29007.984945,2493886115,2493887249,16391,1134
29007.996951,2493895110,2493896244,16157,1134
29008.033034,2493922151,2493923284,16441,1133
29008.045054,2493931168,2493932306,16047,1138
29008.057081,2493940200,2493941338,16445,1138
29008.069091,2493949446,2493950576,16085,1130
29008.135222,2493999075,2494000206,16035,1131
29008.150243,2494010386,2494011529,16083,1143
29008.165288,2494021674,2494022812,16373,1138
29008.237422,2494075675,2494076813,16348,1138
29008.249446,2494084711,2494085834,16359,1123
29008.264476,2494095985,2494097128,16385,1143
29008.276485,2494105110,2494106230,16161,1120
29008.339604,2494152414,2494153555,16085,1141
29008.351644,2494161473,2494162605,16117,1132
29008.363665,2494170484,2494171622,16386,1138
29008.381701,2494183998,2494185131,16454,1133
29008.393706,2494193017,2494194142,16085,1125
29008.444820,2494231322,2494232456,16383,1134
29008.456826,2494240358,2494241489,16076,1131
29008.471874,2494251601,2494252720,16252,1119
29008.483890,2494260642,2494261770,16348,1128
29008.495912,2494269637,2494270766,16123,1129
29008.507941,2494278683,2494279813,16487,1130
29008.550021,2494310254,2494311390,16109,1136
29008.562042,2494319286,2494320412,16384,1126
29008.622152,2494364304,2494365425,16042,1121
29008.634181,2494373315,2494374428,16227,1113
29008.661231,2494393611,2494394746,16382,1135
29008.673238,2494402603,2494403733,16080,1130
29008.736358,2494449932,2494451059,16081,1127
29008.748399,2494458920,2494460056,16119,1136
29008.808497,2494504026,2494505153,16082,1127
29008.820528,2494513022,2494514128,16238,1106
29008.853581,2494537769,2494538900,16082,1131
29008.865615,2494546772,2494547907,16045,1135
29008.880646,2494558066,2494559204,16357,1138
29008.896680,2494571640,2494572773,16264,1133
29008.937752,2494600906,2494602037,16046,1131
29008.949779,2494609914,2494611052,16368,1138
29008.961787,2494618946,2494620081,16160,1135
29008.973820,2494627963,2494629095,16112,1132
29008.985845,2494637021,2494638154,16348,1133
29009.063992,2494695474,2494696601,16037,1127
29009.076020,2494704496,2494705629,16384,1133
29009.088027,2494713489,2494714615,16159,1126
29009.100059,2494722328,2494723464,16268,1136
29009.112089,2494731352,2494732484,16383,1132
29009.130120,2494744885,2494746018,16342,1133
29009.142129,2494753910,2494755038,16084,1128
29009.175208,2494778719,2494779857,16387,1138
29009.190232,2494790004,2494791129,16045,1125
29009.205252,2494801269,2494802412,16085,1143
29009.217280,2494810331,2494811461,15995,1130
29009.232301,2494821582,2494822711,16077,1129
29009.277401,2494855379,2494856514,16357,1135
29009.289417,2494864391,2494865521,16039,1130
29009.301450,2494873498,2494874636,16364,1138
29009.313455,2494882578,2494883712,16077,1134
29009.379593,2494932170,2494933300,16040,1130
29009.391620,2494941192,2494942325,16383,1133
29009.403628,2494950223,2494951355,16081,1132
29009.415661,2494959216,2494960347,16046,1131
29009.433695,2494972740,2494973875,16118,1135
29009.445723,2494981763,2494982906,16362,1143
29009.484781,2495011023,2495012153,16080,1130
29009.496814,2495020034,2495021175,16258,1141
29009.511833,2495031364,2495032494,16085,1130
29009.523865,2495040400,2495041538,16234,1138
29009.535894,2495049420,2495050553,16388,1133
29009.547915,2495058434,2495059567,16363,1133
29009.559935,2495067438,2495068567,16036,1129
29009.571963,2495076454,2495077592,16287,1138
29009.583984,2495085478,2495086611,16364,1133
29009.595999,2495094517,2495095650,16219,1133
29009.608033,2495103571,2495104699,16383,1128
29009.620039,2495112559,2495113681,16089,1122
29009.704210,2495175697,2495176833,16042,1136
29009.716238,2495185005,2495186143,16278,1138
29009.728244,2495194001,2495195133,16079,1132
29009.740285,2495203014,2495204157,16115,1143
29009.752306,2495212031,2495213169,16384,1138
29009.764318,2495221091,2495222228,16163,1137
29009.788374,2495239134,2495240268,16391,1134
29009.800384,2495248176,2495249303,16092,1127
29009.815426,2495259452,2495260579,16381,1127
29009.827434,2495268446,2495269585,16087,1139
29009.839469,2495277508,2495278617,16168,1109
29009.851493,2495286496,2495287625,16455,1129
29009.863501,2495295504,2495296631,16161,1127
29009.875535,2495304481,2495305606,16054,1125
29009.896580,2495320265,2495321392,16470,1127
29009.908587,2495329261,2495330386,16085,1125
29009.920617,2495338279,2495339414,16045,1135
29009.983742,2495385584,2495386713,16043,1129
29010.016793,2495410379,2495411509,16083,1130
29010.028827,2495419367,2495420492,16044,1125
29010.040855,2495428625,2495429770,16367,1145
29010.052867,2495437686,2495438812,16035,1126
29010.088938,2495464692,2495465816,16038,1124
29010.100964,2495473702,2495474838,16041,1136
29010.112992,2495482735,2495483868,16386,1133
29010.129018,2495496291,2495497424,16346,1133
29010.239231,2495577348,2495578477,16435,1129
29010.254255,2495588595,2495589725,16057,1130
29010.320387,2495638146,2495639272,16474,1126
29010.332395,2495647206,2495648336,16083,1130
29010.347440,2495658484,2495659617,16402,1133
29010.401542,2495699113,2495700246,16389,1133
29010.413548,2495708123,2495709245,16086,1122
29010.425582,2495717117,2495718256,16036,1139
29010.440599,2495728373,2495729508,16082,1135
29010.452633,2495737387,2495738512,16044,1125
29010.473678,2495753157,2495754302,16392,1145
29010.488696,2495764431,2495765543,16002,1112
29010.500731,2495773426,2495774538,16234,1112
29010.527782,2495793643,2495794778,16394,1135
29010.539789,2495802761,2495803892,16083,1131
29010.551821,2495811756,2495812881,15971,1125
29010.563851,2495820787,2495821925,16369,1138
29010.575856,2495829796,2495830931,16165,1135
29010.593893,2495843298,2495844432,16082,1134
29010.605924,2495852347,2495853477,16038,1130
29010.623959,2495865853,2495866987,16041,1134
29010.660028,2495892886,2495894025,16117,1139
29010.672056,2495901910,2495903042,16398,1132
29010.684070,2495910919,2495912051,16045,1132
29010.696094,2495919956,2495921080,16227,1124
29010.708126,2495928948,2495930059,16310,1111
29010.720131,2495937905,2495939030,16125,1125
29010.732171,2495946899,2495948034,16188,1135
29010.745191,2495958216,2495959341,16154,1125
29010.771244,2495976239,2495977372,16471,1133
29010.786262,2495987532,2495988670,16218,1138
29010.825346,2496016837,2496017974,16388,1137
29010.837354,2496025820,2496026940,16081,1120
29010.873423,2496052815,2496053939,16085,1124
29010.885450,2496061856,2496062989,16213,1133
29010.900474,2496073120,2496074245,16079,1125
29010.912507,2496082093,2496083225,16037,1132
29010.936542,2496100105,2496101235,16080,1130
29010.948576,2496109137,2496110275,16052,1138
29010.960602,2496118220,2496119368,16323,1148
29010.981644,2496134173,2496135311,16404,1138
29010.993658,2496143260,2496144401,16093,1141
29011.005690,2496152382,2496153519,16350,1137
29011.017711,2496161465,2496162603,16366,1138
29011.083828,2496211126,2496212259,16227,1133
29011.095860,2496220173,2496221302,16375,1129
29011.107868,2496229154,2496230279,16084,1125
29011.119902,2496238134,2496239264,16053,1130
29011.137936,2496251634,2496252744,16328,1110
29011.164987,2496271886,2496273010,16128,1124
29011.177015,2496280889,2496282027,16386,1138
29011.192039,2496292191,2496293332,16155,1141
29011.204065,2496301209,2496302350,16411,1141
29011.216074,2496310217,2496311342,16079,1125
29011.234108,2496323726,2496324860,16077,1134
29011.246142,2496332741,2496333865,16053,1124
29011.273193,2496352978,2496354108,16050,1130
29011.288212,2496364240,2496365376,16079,1136
29011.300243,2496373253,2496374391,16013,1138
29011.312271,2496382278,2496383406,16452,1128
29011.324291,2496391309,2496392440,16308,1131
29011.336313,2496400296,2496401432,16043,1136
29011.348341,2496409306,2496410430,16390,1124
29011.360350,2496418369,2496419502,16082,1133
29011.399427,2496447715,2496448841,15957,1126
29011.411462,2496456723,2496457866,16300,1143
29011.429495,2496470259,2496471392,16360,1133
29011.441503,2496479245,2496480369,16163,1124
29011.495605,2496519783,2496520913,16162,1130
29011.507639,2496528812,2496529922,16353,1110
29011.519669,2496537815,2496538932,16314,1117
29011.531674,2496546796,2496547925,16077,1129
29011.543708,2496555786,2496556923,16040,1137
29011.555736,2496564806,2496565944,16393,1138
29011.591805,2496592111,2496593237,16382,1126
29011.603811,2496601081,2496602206,16081,1125
29011.615845,2496610092,2496611223,16044,1131
29011.627873,2496619127,2496620260,16399,1133
29011.639882,2496628141,2496629268,16105,1127
29011.651914,2496637149,2496638274,16051,1125
29011.663941,2496646142,2496647255,16212,1113
29011.675959,2496655123,2496656251,16284,1128
29011.693983,2496668627,2496669752,16075,1125
29011.706016,2496677601,2496678725,16055,1124
29011.760119,2496718148,2496719282,16130,1134
29011.772143,2496727187,2496728325,16339,1138
29011.784155,2496736221,2496737357,16081,1136
29011.802188,2496749740,2496750875,16077,1135
29011.814222,2496758728,2496759852,16053,1124
29011.877337,2496806034,2496807162,16230,1128
29011.889373,2496815125,2496816258,16409,1133
29011.901381,2496824134,2496825268,16166,1134
29011.913411,2496833107,2496834233,16038,1126
29011.943473,2496855581,2496856709,16389,1128
29011.955485,2496864616,2496865751,16117,1135
29011.967514,2496873683,2496874816,16236,1133
29011.979544,2496882734,2496883870,16404,1136
29012.024627,2496916532,2496917676,16361,1144
29012.036636,2496925552,2496926688,16081,1136
29012.048667,2496934558,2496935691,16241,1133
29012.072707,2496952575,2496953701,16000,1126
29012.084736,2496961591,2496962732,16039,1141
29012.099754,2496972859,2496973984,16081,1125
29012.124825,2496993146,2496994275,16358,1129
29012.168902,2497024674,2497025801,16387,1127
29012.180910,2497033830,2497034960,16081,1130
29012.192943,2497042815,2497043956,16051,1141
29012.229010,2497069820,2497070948,16324,1128
29012.241039,2497078823,2497079959,16389,1136
29012.253051,2497087844,2497088972,16243,1128
29012.331211,2497146370,2497147503,16382,1133
29012.346234,2497157636,2497158772,16038,1136
29012.361251,2497168912,2497170042,16076,1130
29012.373281,2497177976,2497179109,16199,1133
29012.385315,2497187074,2497188206,16395,1132
29012.397320,2497196068,2497197199,16083,1131
29012.439417,2497227545,2497228669,16388,1124
29012.451423,2497236575,2497237710,16083,1135
29012.463457,2497245577,2497246708,16040,1131
29012.541594,2497304099,2497305223,16156,1124
29012.553629,2497313082,2497314211,16038,1129
29012.580680,2497333327,2497334460,16111,1133
29012.592705,2497342402,2497343541,16360,1139
29012.643799,2497380737,2497381870,16316,1133
29012.655825,2497389769,2497390897,16379,1128
29012.667842,2497398781,2497399912,16007,1131
29012.679869,2497407795,2497408922,16046,1127
29012.691897,2497416793,2497417925,16394,1132
29012.712924,2497432633,2497433760,16099,1127
29012.724954,2497441662,2497442779,16251,1117
29012.753002,2497464143,2497465270,16373,1127
29012.788068,2497488968,2497490103,15961,1135
29012.800099,2497498038,2497499171,16437,1133
29012.812109,2497507020,2497508150,16160,1130
29012.824143,2497516028,2497517156,16041,1128
29012.842177,2497529574,2497530710,16112,1136
29012.854206,2497538611,2497539744,16453,1133
29012.878246,2497556672,2497557802,16034,1130
29012.890275,2497565722,2497566846,16222,1124
29012.902284,2497574720,2497575863,16163,1143
29012.965408,2497621976,2497623106,16039,1130
29012.977433,2497631013,2497632146,16221,1133
29012.989463,2497640031,2497641158,16389,1127
29013.001470,2497649053,2497650178,16082,1125
29013.013509,2497658046,2497659181,16111,1135
29013.067601,2497698602,2497699735,16220,1133
29013.079634,2497707629,2497708762,16389,1133
29013.097670,2497721144,2497722273,16377,1129
29013.109675,2497730127,2497731257,16082,1130
29013.160788,2497768334,2497769463,16392,1129
29013.172808,2497777368,2497778491,16432,1123
29013.193846,2497793132,2497794262,16036,1130
29013.205871,2497802184,2497803317,16432,1133
29013.271985,2497851784,2497852914,16076,1130
29013.284014,2497860829,2497861954,16115,1125
29013.296046,2497869821,2497870949,16475,1128
29013.314079,2497883300,2497884432,16370,1132
29013.326096,2497892280,2497893410,16072,1130
29013.377200,2497930476,2497931609,16390,1133
29013.392223,2497941717,2497942825,16234,1108
29013.410265,2497955264,2497956394,16190,1130
29013.422286,2497964250,2497965372,16395,1122
29013.479378,2498007098,2498008228,16160,1130
29013.491411,2498016106,2498017232,16114,1126
29013.503440,2498025096,2498026229,16386,1133
29013.515447,2498034093,2498035223,16165,1130
29013.527479,2498043096,2498044224,16320,1128
29013.539507,2498052129,2498053246,16191,1117
29013.587584,2498088188,2498089326,16157,1138
29013.599614,2498097212,2498098337,16035,1125
29013.611646,2498106289,2498107427,16370,1138
29013.623666,2498115318,2498116453,16356,1135
29013.635687,2498124310,2498125446,16059,1136
29013.647713,2498133316,2498134449,16372,1133
29013.659732,2498142349,2498143482,16058,1133
29013.671751,2498151414,2498152534,15997,1120
29013.683783,2498160433,2498161566,16392,1133
29013.695790,2498169439,2498170569,16085,1130
29013.707829,2498178449,2498179592,16294,1143
29013.719850,2498187471,2498188604,16376,1133
29013.731858,2498196462,2498197587,16039,1125
29013.743892,2498205448,2498206578,15968,1130
29013.761921,2498218959,2498220092,16221,1133
29013.773955,2498227951,2498229087,16425,1136
29013.788978,2498239183,2498240307,16008,1124
29013.801003,2498248222,2498249334,16190,1112
29013.813025,2498257246,2498258379,16373,1133
29013.825044,2498266288,2498267419,16291,1131
29013.876138,2498304645,2498305775,16196,1130
29013.894181,2498318147,2498319285,16369,1138
29013.906208,2498327202,2498328332,16188,1130
29013.916331,2498336202,2498337325,16478,1123
29013.930236,2498345207,2498346345,16090,1138
29013.942269,2498354223,2498355349,16038,1126
29013.960298,2498367722,2498368861,16219,1139
29013.972331,2498376732,2498377860,16476,1128
29013.984338,2498385721,2498386852,16161,1131
29013.996368,2498394733,2498395863,16112,1130
29014.011390,2498405982,2498407118,16081,1136
29014.023424,2498415188,2498416320,16040,1132
29014.089552,2498464811,2498465948,16355,1137
29014.101562,2498473801,2498474922,16086,1121
29014.113595,2498482777,2498483908,16042,1131
29014.125623,2498491783,2498492916,16382,1133
29014.185732,2498536829,2498537965,16117,1136
29014.197761,2498545823,2498546957,16476,1134
29014.215795,2498559327,2498560465,16474,1138
29014.227803,2498568547,2498569679,16158,1132
29014.239836,2498577555,2498578688,16125,1133
29014.251863,2498586574,2498587717,16472,1143
29014.263872,2498595589,2498596720,16162,1131
29014.281905,2498609082,2498610208,16083,1126
29014.293931,2498618117,2498619253,15958,1136
29014.311972,2498631610,2498632735,16037,1125
29014.324002,2498640712,2498641856,16343,1144
29014.336023,2498649838,2498650983,16381,1145
29014.360069,2498668102,2498669242,16306,1140
29014.372092,2498677222,2498678375,16378,1153
29014.384109,2498686354,2498687492,16237,1138
29014.396137,2498695483,2498696621,16299,1138
29014.408162,2498704567,2498705706,16399,1139
29014.420177,2498713671,2498714809,16320,1138
29014.438212,2498727519,2498728662,16051,1143
29014.453249,2498738933,2498740071,16402,1138
29014.465260,2498748020,2498749168,16089,1148
29014.480296,2498759411,2498760545,16362,1134
29014.492314,2498768498,2498769640,16243,1142
29014.504342,2498777620,2498778755,16315,1135
29014.525384,2498793638,2498794781,16464,1143
29014.548934,2498813268,2498814412,16083,1144
29014.626074,2498870033,2498871171,16372,1138
29014.638083,2498879105,2498880229,16084,1124
29014.653126,2498890352,2498891479,16364,1127
29014.665137,2498899364,2498900507,16160,1143
29014.677164,2498908414,2498909549,15918,1135
29014.689195,2498917419,2498918551,16385,1132
29014.701213,2498926426,2498927571,16264,1145
29014.740287,2498955722,2498956853,16043,1131
29014.752315,2498964744,2498965876,16274,1132
29014.764322,2498973744,2498974870,16091,1126
29014.776356,2498982757,2498983893,16036,1136
29014.788384,2498991776,2498992929,16385,1153
29014.800398,2499000823,2499001953,15967,1130
29014.833469,2499025661,2499026794,16393,1133
29014.845478,2499034653,2499035782,15999,1129
29014.857510,2499043653,2499044785,16046,1132
29014.869539,2499052709,2499053849,16371,1140
29014.917613,2499088769,2499089904,16082,1135
29014.929647,2499097755,2499098891,16045,1136
29014.944665,2499109010,2499110140,16079,1130
29014.956697,2499118028,2499119162,16241,1134
29014.968727,2499127051,2499128189,16385,1138
29014.989753,2499142863,2499143991,16193,1128
29015.001780,2499151942,2499153070,16304,1128
29015.043855,2499183517,2499184652,16184,1135
29015.054394,2499189128,2499189942,14733,814
29015.064332,2499194300,2499194905,12063,605
29015.093463,2499209656,2499210786,16379,1130
29015.105480,2499218677,2499219813,16326,1136
29015.117511,2499227737,2499228870,16367,1133
29015.129518,2499236765,2499237894,16087,1129
29015.192649,2499284221,2499285344,16346,1123
29015.204670,2499293237,2499294372,16038,1135
29015.216699,2499302270,2499303408,16361,1138
29015.228718,2499311315,2499312443,16351,1128
29015.240737,2499320351,2499321489,16229,1138
29015.252768,2499329407,2499330535,16402,1128
29015.273803,2499345229,2499346367,16319,1138
29015.285825,2499354335,2499355462,16240,1127
29015.297850,2499363385,2499364513,16346,1128
29015.309861,2499372405,2499373535,16089,1130
29015.321892,2499381443,2499382574,16224,1131
29015.333922,2499390496,2499391629,16381,1133
29015.345935,2499399507,2499400647,15998,1140
29015.357961,2499408567,2499409705,16229,1138
29015.375995,2499422132,2499423265,16230,1133
29015.388025,2499431179,2499432307,16383,1128
29015.401052,2499442468,2499443606,16221,1138
29015.436101,2499467353,2499468488,16087,1135
29015.448128,2499476380,2499477491,16048,1111
29015.460162,2499485392,2499486530,16368,1138
29015.478196,2499498957,2499500095,16462,1138
29015.490205,2499507985,2499509121,16092,1136
29015.505248,2499519293,2499520429,16368,1136
29015.517256,2499528342,2499529478,16045,1136
29015.529286,2499537383,2499538512,16143,1129
29015.544313,2499548666,2499549802,15998,1136
29015.556338,2499557743,2499558881,16214,1138
29015.569864,2499566204,2499567323,16256,1119
29015.581893,2499575230,2499576353,16338,1123
29015.593907,2499584237,2499585367,16002,1130
29015.605933,2499593297,2499594424,16242,1127
29015.617962,2499602326,2499603459,16383,1133
29015.629970,2499611363,2499612490,16086,1127
29015.660035,2499633924,2499635058,16225,1134
29015.672065,2499642972,2499644104,16385,1132
29015.684077,2499652020,2499653150,16196,1130
29015.696104,2499661077,2499662210,16250,1133
29015.708133,2499670137,2499671269,16362,1132
29015.720141,2499679161,2499680291,16004,1130
29015.732172,2499688193,2499689326,16225,1133
29015.744201,2499697266,2499698395,16320,1129
29015.756210,2499706290,2499707425,16086,1135
29015.768241,2499715353,2499716486,16147,1133
29015.786271,2499728948,2499730081,16186,1133
29015.816339,2499751559,2499752692,16386,1133
29015.828360,2499760635,2499761763,16348,1128
29015.855398,2499780998,2499782132,16085,1134
29015.867430,2499790036,2499791148,16108,1112
29015.879459,2499799077,2499800205,16450,1128
29015.891476,2499808129,2499809262,16331,1133
29015.909501,2499821725,2499822857,16084,1132
29015.921532,2499830776,2499831912,16230,1136
29015.936553,2499842086,2499843216,16084,1130
29015.948584,2499851163,2499852301,16257,1138
29015.960614,2499860209,2499861337,16384,1128
29015.975635,2499871510,2499872643,16306,1133
29015.987665,2499880537,2499881674,16385,1137
29015.999673,2499889571,2499890706,16167,1135
29016.011704,2499898632,2499899767,16215,1135
29016.023734,2499907656,2499908789,16378,1133
29016.041767,2499921270,2499922399,16375,1129
29016.053775,2499930311,2499931441,16089,1130
29016.068819,2499941607,2499942745,16380,1138
29016.080827,2499950631,2499951756,16167,1125
29016.095871,2499961966,2499963099,16397,1133
29016.107887,2499971066,2499972204,16265,1138
29016.119916,2499980189,2499981332,16333,1143
29016.131937,2499989316,2499990454,16368,1138
29016.143956,2499998473,2499999616,16245,1143
29016.155984,2500007603,2500008737,16276,1134
29016.168005,2500016725,2500017867,16367,1142
29016.180028,2500025829,2500026972,16363,1143
29016.192042,2500034898,2500036036,16232,1138
29016.204076,2500043917,2500045054,16384,1137
29016.216084,2500052940,2500054072,16043,1132
29016.228111,2500061997,2500063109,16096,1112
29016.240144,2500071034,2500072172,16416,1138
29016.252153,2500080084,2500081214,16163,1130
29016.264184,2500089095,2500090228,16227,1133
29016.276214,2500098160,2500099289,16364,1129
29016.288227,2500107189,2500108317,16001,1128
29016.300252,2500116226,2500117354,16231,1128
29016.321300,2500132107,2500133234,16357,1127
29016.333307,2500141124,2500142253,16092,1129
29016.345338,2500150200,2500151330,16246,1130
29016.357367,2500159283,2500160412,16352,1129
29016.393437,2500186351,2500187484,16479,1133
29016.405449,2500195373,2500196515,16147,1142
29016.447539,2500227092,2500228225,16359,1133
29016.459547,2500236128,2500237248,16087,1120
29016.471578,2500245162,2500246293,16225,1131
29016.483608,2500254206,2500255339,16384,1133
29016.504633,2500270005,2500271128,16084,1123
29016.516664,2500279038,2500280171,16228,1133
29016.528695,2500288088,2500289233,16390,1145
29016.540715,2500297165,2500298294,16361,1129
29016.552733,2500306207,2500307340,16227,1133
29016.564763,2500315294,2500316427,16360,1133
29016.615853,2500353723,2500354852,16236,1129
29016.627883,2500362759,2500363892,16389,1133
29016.639902,2500371797,2500372932,16316,1135
29016.651920,2500380848,2500381980,16161,1132
29016.663951,2500389901,2500391029,16379,1128
29016.684982,2500405714,2500406844,16004,1130
29016.697008,2500414750,2500415861,16016,1111
29016.709037,2500423761,2500424904,16383,1143
29016.721049,2500432862,2500434003,16136,1141
29016.733081,2500441936,2500443074,16296,1138
29016.745104,2500451030,2500452162,16345,1132
29016.757113,2500460073,2500461209,16043,1136
29016.772157,2500471446,2500472584,16361,1138
29016.793182,2500487312,2500488447,16083,1135
29016.805213,2500496347,2500497455,15976,1108
29016.817243,2500505359,2500506492,16345,1133
29016.829250,2500514366,2500515491,16087,1125
29016.841282,2500523419,2500524557,16164,1138
29016.853310,2500532466,2500533609,16366,1143
29016.865319,2500541499,2500542634,16087,1135
29016.877352,2500550539,2500551677,16228,1138
29016.901398,2500568634,2500569767,16348,1133
29016.913418,2500577668,2500578797,16229,1129
29016.925449,2500586762,2500587896,16367,1134
29016.937468,2500595785,2500596916,16362,1131
29016.949485,2500604832,2500605970,16204,1138
29016.968521,2500620651,2500621780,16373,1129
29016.980553,2500629705,2500630843,16238,1138
29016.992582,2500638781,2500639913,16234,1132
29017.024637,2500661377,2500662515,16467,1138
29017.036657,2500670420,2500671563,16275,1143
29017.048675,2500679479,2500680593,15961,1114
29017.063696,2500690787,2500691919,16085,1132
29017.075729,2500699880,2500701013,16231,1133
29017.087758,2500708902,2500710043,16398,1141
29017.105792,2500722482,2500723615,16377,1133
29017.117799,2500731483,2500732607,16086,1124
29017.129836,2500740522,2500741660,16292,1138
29017.141859,2500749615,2500750748,16350,1133
29017.172925,2500774448,2500775571,16227,1123
29017.256070,2500835450,2500836578,16222,1128
29017.268100,2500844515,2500845643,16364,1128
29017.280117,2500853565,2500854699,16158,1134
29017.292138,2500862614,2500863752,16228,1138
29017.304169,2500871688,2500872823,16431,1135
29017.316176,2500880706,2500881836,16083,1130
29017.340236,2500898849,2500899977,16357,1128
29017.352245,2500907888,2500909008,16083,1120
29017.364277,2500916939,2500918057,16060,1118
29017.376306,2500925976,2500927109,16362,1133
29017.388324,2500934998,2500936136,16347,1138
29017.481495,2501005088,2501006220,16221,1132
29017.493531,2501014197,2501015331,16414,1134
29017.529594,2501041230,2501042358,16391,1128
29017.541616,2501050319,2501051452,16344,1133
29017.589708,2501086503,2501087644,16261,1141
29017.601735,2501095611,2501096738,16363,1127
29017.616757,2501106897,2501108010,16055,1113
29017.628785,2501115935,2501117078,16370,1143
29017.640793,2501124979,2501126109,16080,1130
29017.652825,2501134059,2501135196,16325,1137
29017.697910,2501167965,2501169088,16315,1123
29017.709940,2501177015,2501178144,16385,1129
29017.736992,2501197411,2501198548,16368,1137
29017.749000,2501206478,2501207608,16005,1130
29017.764043,2501217773,2501218911,16373,1138
29017.800112,2501244878,2501246016,16379,1138
29017.812124,2501253932,2501255061,16138,1129
29017.824156,2501262966,2501264089,16288,1123
29017.836179,2501272040,2501273182,16307,1142
29017.848188,2501281082,2501282212,16091,1130
29017.860219,2501290183,2501291320,16243,1137
29017.878250,2501303761,2501304889,16217,1128
29017.890283,2501312789,2501313917,16382,1128
29017.911308,2501328601,2501329726,16084,1125
29017.923347,2501337671,2501338809,16318,1138
29017.935369,2501346748,2501347872,16274,1124
29017.947390,2501355784,2501356917,16255,1133
29017.959408,2501364818,2501365956,16193,1138
29017.971438,2501373907,2501375046,16361,1139
29017.983456,2501382961,2501384084,16343,1123
29018.016524,2501407836,2501408968,16381,1132
29018.028544,2501416902,2501418035,16361,1133
29018.049579,2501432697,2501433827,16229,1130
29018.061609,2501441756,2501442885,16368,1129
29018.116713,2501484695,2501485820,16161,1125
29018.148768,2501507341,2501508479,16228,1138
29018.160798,2501516448,2501517577,16362,1129
29018.220911,2501561652,2501562790,16295,1138
29018.232934,2501570720,2501571854,16353,1134
29018.278021,2501604650,2501605788,16348,1138
29018.290028,2501613708,2501614838,16086,1130
29018.314089,2501631780,2501632913,16383,1133
29018.356162,2501663422,2501664551,16226,1129
29018.368192,2501672508,2501673641,16320,1133
29018.380200,2501681532,2501682659,16086,1127
29018.392230,2501690547,2501691675,16222,1128
29018.404261,2501699608,2501700742,16274,1134
29018.422293,2501713145,2501714277,16351,1132
29018.473381,2501751574,2501752707,16223,1133
29018.485415,2501760623,2501761760,16368,1137
29018.509449,2501778709,2501779821,16018,1112
29018.521483,2501787757,2501788884,16409,1127
29018.533504,2501796821,2501797954,16345,1133
29018.545522,2501805843,2501806972,16230,1129
29018.560543,2501817128,2501818264,16085,1136
29018.572570,2501826214,2501827347,16213,1133
29018.587605,2501837546,2501838685,16338,1139
29018.599625,2501846589,2501847717,16226,1128
29018.611655,2501855671,2501856798,16363,1127
29018.623675,2501864695,2501865829,16362,1134
29018.641709,2501878250,2501879387,16345,1137
29018.653728,2501887328,2501888461,16239,1133
29018.695800,2501919019,2501920149,16162,1130
29018.707831,2501928076,2501929203,16312,1127
29018.719859,2501937130,2501938266,16357,1136
29018.731869,2501946174,2501947304,16087,1130
29018.743900,2501955246,2501956384,16242,1138
29018.755930,2501964306,2501965435,16364,1129
29018.767943,2501973353,2501974475,16001,1122
29018.779968,2501982430,2501983558,16235,1128
29018.791998,2501991465,2501992602,16387,1137
29018.804017,2502000530,2502001664,16257,1134
29018.816043,2502009570,2502010708,16206,1138
29018.828065,2502018639,2502019777,16261,1138
29018.840074,2502027662,2502028789,16088,1127
29018.852105,2502036706,2502037842,16232,1136
29018.864135,2502045762,2502046900,16339,1138
29018.876143,2502054779,2502055909,16080,1130
29018.888174,2502063817,2502064944,16305,1127
29018.900204,2502072848,2502073986,16394,1138
29018.912212,2502081868,2502082993,16086,1125
29018.924238,2502090912,2502092025,16035,1113
29018.936273,2502099926,2502101059,16445,1133
29018.948280,2502108945,2502110074,16165,1129
29018.960311,2502117995,2502119133,16241,1138
29018.972341,2502127084,2502128220,16256,1136
29018.984360,2502136267,2502137395,16348,1128
29019.068513,2502199522,2502200653,16219,1131
29019.080547,2502208590,2502209719,16368,1129
29019.092555,2502217604,2502218728,16087,1124
29019.104586,2502226648,2502227781,16241,1133
29019.168711,2502276373,2502277508,16403,1135
29019.188753,2502289985,2502291118,16362,1133
29019.200760,2502299007,2502300137,16002,1130
29019.212797,2502308057,2502309191,16290,1134
29019.224820,2502317131,2502318258,16346,1127
29019.272415,2502354595,2502355724,16359,1129
29019.304458,2502377179,2502378309,16087,1130
29019.316485,2502386204,2502387337,16218,1133
29019.337536,2502402033,2502403171,16384,1138
29019.349544,2502411059,2502412183,16090,1124
29019.361580,2502420097,2502421240,16289,1143
29019.373603,2502429189,2502430322,16354,1133
29019.385623,2502438238,2502439382,16294,1144
29019.397644,2502447295,2502448429,16243,1134
29019.484801,2502512807,2502513949,16168,1142
29019.496830,2502521880,2502523013,16295,1133
29019.585012,2502589652,2502590790,16225,1138
29019.605038,2502603296,2502604429,16318,1133
29019.617068,2502612352,2502613480,16350,1128
29019.629075,2502621377,2502622503,16088,1126
29019.656137,2502641707,2502642841,16352,1134
29019.668157,2502650789,2502651925,16231,1136
29019.686192,2502664342,2502665475,16222,1133
29019.698222,2502673401,2502674534,16371,1133
29019.797411,2502747922,2502749049,16474,1127
29019.816941,2502762825,2502763952,16237,1127
29019.828970,2502771856,2502772984,16369,1128
29019.874056,2502805703,2502806841,16386,1138
29019.886064,2502814719,2502815855,16087,1136
29019.901108,2502826028,2502827156,16383,1128
29019.913128,2502835050,2502836188,16369,1138
29019.925146,2502844139,2502845272,16236,1133
29019.976235,2502882586,2502883721,16081,1135
29019.988266,2502891658,2502892796,16233,1138
29020.003287,2502902933,2502904060,16087,1127
29020.015318,2502912057,2502913190,16245,1133
29020.027348,2502921094,2502922221,16390,1127
29020.039355,2502930131,2502931272,16087,1141
29020.051386,2502939201,2502940336,16233,1135
29020.063417,2502948246,2502949379,16401,1133
29020.075424,2502957265,2502958395,16088,1130
29020.087455,2502966317,2502967450,16145,1133
29020.099485,2502975370,2502976497,16302,1127
29020.111505,2502984415,2502985538,16277,1123
29020.129526,2502997985,2502999116,16082,1131
29020.141558,2503007060,2503008192,16234,1132
29020.207690,2503056805,2503057938,16373,1133
29020.219698,2503065873,2503066998,16082,1125
29020.231729,2503074932,2503076065,16233,1133
29020.243760,2503084013,2503085147,16376,1134
29020.255773,2503093060,2503094190,16004,1130
29020.267798,2503102112,2503103243,16235,1131
29020.279828,2503111141,2503112270,16392,1129
29020.291835,2503120160,2503121284,16002,1124
29020.312879,2503136017,2503137129,16010,1112
29020.324914,2503145055,2503146188,16369,1133
29020.340934,2503158586,2503159723,16385,1137
29020.360983,2503172178,2503173311,16398,1133
29020.372990,2503181202,2503182338,16085,1136
29020.406065,2503206050,2503207176,16357,1126
29020.418078,2503215114,2503216239,16135,1125
29020.445127,2503235429,2503236560,16169,1131
29020.457154,2503244445,2503245573,16220,1128
29020.490217,2503269281,2503270414,16136,1133
29020.502249,2503278338,2503279476,16371,1138
29020.547329,2503312231,2503313369,16233,1138
29020.559360,2503321287,2503322410,16408,1123
29020.571367,2503330317,2503331447,16165,1130
29020.589401,2503343885,2503345009,16082,1124
29020.601438,2503352942,2503354083,16376,1141
29020.616453,2503364273,2503365398,16087,1125
29020.628483,2503373317,2503374445,16233,1128
29020.655532,2503393640,2503394774,16299,1134
29020.667566,2503402698,2503403834,16473,1136
29020.679573,2503411724,2503412849,16081,1125
29020.712650,2503436601,2503437732,16349,1131
29020.724669,2503445655,2503446783,16259,1128
29020.736689,2503454674,2503455812,16216,1138
29020.748720,2503463721,2503464861,16369,1140
29020.763741,2503475052,2503476185,16219,1133
29020.823851,2503520332,2503521462,16079,1130
29020.835877,2503529369,2503530495,16286,1126
29020.847908,2503538427,2503539565,16372,1138
29020.859916,2503547450,2503548580,16092,1130
29020.871947,2503556523,2503557656,16241,1133
29020.905013,2503581382,2503582515,16449,1133
29020.917031,2503590414,2503591550,16213,1136
29020.929063,2503599482,2503600616,16381,1134
29020.965132,2503626619,2503627752,16472,1133
29020.977139,2503635680,2503636807,16089,1127
29020.989170,2503644735,2503645868,16231,1133
29021.028251,2503674170,2503675310,16391,1140
29021.040270,2503683280,2503684413,16348,1133
29021.052285,2503692304,2503693438,16128,1134
29021.067310,2503703597,2503704729,16079,1132
29021.175516,2503784952,2503786088,16087,1136
29021.187550,2503794060,2503795198,16239,1138
29021.199576,2503803178,2503804315,16206,1137
29021.211600,2503812292,2503813421,16312,1129
29021.223616,2503821406,2503822549,16150,1143
29021.235646,2503830543,2503831681,16319,1138
29021.247668,2503839654,2503840797,16319,1143
29021.259684,2503848761,2503849894,16252,1133
29021.271714,2503857799,2503858928,16428,1129
29021.283722,2503866814,2503867943,16088,1129
29021.295760,2503875891,2503877030,16317,1139
29021.352869,2503918855,2503919982,16398,1127
29021.364876,2503927849,2503928979,16088,1130
29021.385924,2503943680,2503944813,16221,1133
29021.397953,2503952752,2503953881,16375,1129
29021.437024,2503982156,2503983286,16348,1130
29021.452059,2503993669,2503994797,16490,1128
29021.464076,2504002730,2504003859,16354,1129
29021.476091,2504011790,2504012901,16019,1111
29021.488127,2504020813,2504021950,16468,1137
29021.500142,2504029914,2504031051,16257,1137
29021.521189,2504045865,2504047007,16315,1142
29021.533210,2504054985,2504056126,16465,1141
29021.608344,2504111553,2504112686,16249,1133
29021.620370,2504120621,2504121754,16230,1133
29021.647418,2504140966,2504142104,16221,1138
29021.659452,2504150052,2504151185,16374,1133
29021.671470,2504159138,2504160267,16352,1129
29021.683490,2504168186,2504169312,16315,1126
29021.701524,2504181787,2504182926,16233,1139
29021.713555,2504190856,2504191985,16372,1129
29021.740606,2504211206,2504212341,16380,1135
29021.752624,2504220255,2504221388,16347,1133
29021.824762,2504274588,2504275721,16348,1133
29021.836781,2504283626,2504284764,16220,1138
29021.851803,2504294959,2504296094,16091,1135
29021.863833,2504304000,2504305138,16309,1138
29021.875863,2504313083,2504314221,16364,1138
29021.887881,2504322139,2504323276,16346,1137
29021.899902,2504331203,2504332338,16236,1135
29021.911932,2504340237,2504341366,16364,1129
29021.936970,2504360576,2504361707,16385,1131
29021.984069,2504394514,2504395646,16388,1132
29022.020138,2504421712,2504422840,16387,1128
29022.032156,2504430764,2504431898,16350,1134
29022.044176,2504439820,2504440953,16249,1133
29022.056208,2504448945,2504450078,16384,1133
29022.068225,2504458024,2504459157,16437,1133
29022.080244,2504467078,2504468206,16240,1128
29022.092274,2504476130,2504477263,16377,1133
29022.104294,2504485190,2504486323,16352,1133
29022.116313,2504494197,2504495332,16307,1135
29022.149368,2504519150,2504520277,16168,1127
29022.161399,2504528216,2504529353,16239,1137
29022.251566,2504596151,2504597263,16018,1112
29022.263602,2504605195,2504606323,16336,1128
29022.275619,2504614259,2504615388,16256,1129
29022.287647,2504623324,2504624450,16287,1126
29022.299669,2504632374,2504633509,16365,1135
29022.311688,2504641423,2504642561,16352,1138
29022.329711,2504654984,2504656111,16159,1127
29022.341745,2504664018,2504665154,16275,1136
29022.365780,2504682174,2504683300,16079,1126
29022.377811,2504691236,2504692369,16315,1133
29022.389839,2504700306,2504701449,16452,1143
29022.407875,2504713906,2504715040,16470,1134
29022.419894,2504722944,2504724073,16435,1129
29022.431909,2504732026,2504733138,16020,1112
29022.449943,2504745594,2504746705,16106,1111
29022.461978,2504754639,2504755777,16449,1138
29022.473996,2504763926,2504765064,16432,1138
29022.486024,2504773004,2504774137,16323,1133
29022.582203,2504845419,2504846550,16434,1131
29022.594222,2504854479,2504855617,16242,1138
29022.627288,2504879413,2504880552,16354,1139
29022.669373,2504911131,2504912269,16475,1138
29022.681391,2504920246,2504921389,16351,1143
29022.693411,2504929339,2504930462,16232,1123
29022.784593,2504999499,2505000627,16372,1128
29022.873750,2505065140,2505066256,16022,1116
29022.885783,2505074207,2505075340,16375,1133
29022.921853,2505101373,2505102495,16372,1122
29022.933869,2505110381,2505111520,16355,1139
29022.984970,2505148905,2505150047,16395,1142
29022.996990,2505157984,2505159107,16354,1123
29023.081154,2505221350,2505222488,16298,1138
29023.093178,2505230436,2505231568,16360,1132
29023.195368,2505307294,2505308427,16353,1133
29023.207384,2505316351,2505317459,15979,1108
29023.219420,2505325370,2505326500,16508,1130
29023.231435,2505334425,2505335554,16341,1129
29023.243453,2505343470,2505344582,16098,1112
29023.255488,2505352495,2505353623,16581,1128
29023.273523,2505366067,2505367195,16511,1128
29023.285537,2505375109,2505376236,16377,1127
29023.300575,2505386445,2505387573,16506,1128
29023.312590,2505395464,2505396598,16335,1134
29023.399762,2505460921,2505462057,16494,1136
29023.411778,2505469980,2505471107,16334,1127
29023.423800,2505479034,2505480166,16240,1132
29023.435831,2505488099,2505489232,16445,1133
29023.447847,2505497163,2505498299,16336,1136
29023.459864,2505506207,2505507315,16017,1108
29023.471899,2505515231,2505516357,16502,1126
29023.489934,2505528758,2505529886,16575,1128
29023.501952,2505537970,2505539103,16437,1133
29023.532006,2505560515,2505561642,16317,1127
29023.544037,2505569555,2505570686,16587,1131
29023.556054,2505578614,2505579747,16440,1133
29023.568070,2505587624,2505588736,16098,1112
29023.580103,2505596658,2505597784,16410,1126
29023.592121,2505605700,2505606833,16340,1133
29023.604139,2505614725,2505615842,16025,1117
29023.616174,2505623747,2505624883,16585,1136
29023.637208,2505639573,2505640701,16344,1128
29023.649224,2505648604,2505649721,16101,1117
29023.688311,2505678010,2505679141,16590,1131
29023.700329,2505687057,2505688192,16334,1135
29023.752427,2505727775,2505728909,16348,1134
29023.775477,2505743614,2505744728,16161,1114
29023.787500,2505752624,2505753752,16480,1128
29023.799515,2505761643,2505762778,16339,1135
29023.811537,2505770680,2505771813,16235,1133
29023.823568,2505779719,2505780850,16412,1131
29023.835586,2505788770,2505789899,16351,1129
29023.847601,2505797782,2505798897,16017,1115
29023.859637,2505806803,2505807929,16501,1126
29023.880669,2505822629,2505823767,16365,1138
29023.892687,2505831676,2505832788,16017,1112
29023.913740,2505847503,2505848640,16502,1137
29023.925756,2505856560,2505857698,16274,1138
29023.937777,2505865632,2505866764,16250,1132
29023.949809,2505874662,2505875794,16461,1132
29023.967843,2505888193,2505889329,16502,1136
29023.979858,2505897245,2505898373,16370,1128
29024.039980,2505942479,2505943614,16507,1135
29024.051995,2505951579,2505952716,16337,1137
29024.064017,2505960631,2505961759,16238,1128
29024.076045,2505969651,2505970776,16405,1125
29024.088064,2505978674,2505979807,16338,1133
29024.100082,2505987711,2505988823,16039,1112
29024.112117,2505996720,2505997843,16410,1123
29024.124133,2506005769,2506006907,16184,1138
29024.136150,2506014868,2506015980,16037,1112
29024.148187,2506023884,2506025019,16419,1135
29024.160201,2506032912,2506034037,16336,1125
29024.172231,2506041941,2506043050,16157,1109
29024.184254,2506051013,2506052146,16377,1133
29024.196270,2506060053,2506061180,16335,1127
29024.208287,2506069090,2506070202,15982,1112
29024.220323,2506078113,2506079255,16587,1142
29024.232340,2506087199,2506088342,16357,1143
29024.252332,2506096367,2506096972,11965,605
29024.308984,2506132680,2506133812,16159,1132
29024.321015,2506141967,2506143075,16160,1108
29024.333037,2506150954,2506152076,16500,1122
29024.345053,2506160001,2506161129,16421,1128
29024.360088,2506171314,2506172447,16369,1133
29024.384122,2506189421,2506190534,16037,1113
29024.396157,2506198446,2506199572,16587,1126
29024.408175,2506207528,2506208656,16439,1128
29024.420204,2506216585,2506217703,16169,1118
29024.432225,2506225613,2506226750,16578,1137
29024.444241,2506234632,2506235758,16417,1126
29024.456259,2506243655,2506244766,16104,1111
29024.468294,2506252675,2506253807,16582,1132
29024.480312,2506261735,2506262867,16360,1132
29024.492327,2506270768,2506271880,16018,1112
29024.504363,2506279787,2506280919,16505,1132
29024.516381,2506288865,2506290003,16360,1138
29024.532410,2506302665,2506303798,16348,1133
29024.567483,2506327513,2506328645,16579,1132
29024.579500,2506336579,2506337703,16358,1124
29024.591516,2506345621,2506346730,16025,1109
29024.621583,2506368185,2506369323,16486,1138
29024.633602,2506377244,2506378377,16345,1133
29024.645619,2506386272,2506387381,16101,1109
29024.687705,2506417911,2506419034,16420,1123
29024.699722,2506426933,2506428042,16103,1109
29024.717769,2506440502,2506441622,16160,1120
29024.729792,2506449639,2506450781,16496,1142
29024.747826,2506463236,2506464376,16411,1140
29024.761350,2506471662,2506472789,16538,1127
29024.773371,2506480711,2506481849,16328,1138
29024.788402,2506492019,2506493157,16366,1138
29024.800419,2506501046,2506502179,16336,1133
29024.815455,2506512355,2506513487,16500,1132
29024.827472,2506521427,2506522556,16346,1129
29024.839488,2506530461,2506531581,16023,1120
29024.851523,2506539491,2506540628,16500,1137
29024.863539,2506548563,2506549699,16334,1136
29024.875561,2506557628,2506558766,16323,1138
29024.887592,2506566679,2506567809,16582,1130
29024.899608,2506575721,2506576854,16337,1133
29024.911625,2506584801,2506585910,15999,1109
29024.923658,2506593859,2506594993,16343,1134
29024.935678,2506602912,2506604045,16349,1133
29024.947694,2506611974,2506613090,15943,1116
29024.959729,2506620991,2506622128,16503,1137
29024.977763,2506634571,2506635698,16574,1127
29024.989779,2506643597,2506644725,16344,1128
29025.004814,2506654881,2506656012,16498,1131
29025.016830,2506663938,2506665067,16273,1129
29025.043882,2506684330,2506685463,16433,1133
29025.055900,2506693360,2506694480,16103,1120
29025.067935,2506702433,2506703570,16384,1137
29025.079950,2506711472,2506712600,16335,1128
29025.091968,2506720538,2506721647,16026,1109
29025.104003,2506729552,2506730682,16494,1130
29025.116019,2506738626,2506739764,16166,1138
29025.128036,2506747690,2506748799,16018,1109
29025.140072,2506756720,2506757841,16500,1121
29025.152088,2506765761,2506766894,16421,1133
29025.164118,2506774867,2506775978,16238,1111
29025.176140,2506783885,2506785021,16408,1136
29025.188156,2506792940,2506794067,16336,1127
29025.200174,2506801982,2506803094,16025,1112
29025.212209,2506811034,2506812162,16473,1128
29025.225237,2506822370,2506823515,16251,1145
29025.248278,2506838185,2506839328,16501,1143
29025.260296,2506847258,2506848396,16337,1138
29025.281328,2506863037,2506864149,16024,1112
29025.293363,2506872081,2506873217,16492,1136
29025.317401,2506890156,2506891289,16256,1133
29025.329429,2506899222,2506900360,16353,1138
29025.341451,2506908271,2506909404,16349,1133
29025.353465,2506917361,2506918474,16020,1113
29025.383535,2506940015,2506941143,16506,1128
29025.395551,2506949068,2506950192,16345,1124
29025.407568,2506958135,2506959247,15985,1112
29025.419601,2506967170,2506968303,16348,1133
29025.431620,2506976201,2506977347,16356,1146
29025.443637,2506985250,2506986367,16021,1117
29025.455672,2506994274,2506995399,16502,1125
29025.467687,2507003283,2507004416,16369,1133
29025.479706,2507012341,2507013457,16098,1116
29025.491741,2507021366,2507022498,16409,1132
29025.503756,2507030406,2507031539,16333,1133
29025.515778,2507039459,2507040597,16251,1138
29025.527810,2507048517,2507049648,16408,1131
29025.539829,2507057581,2507058710,16410,1129
29025.563875,2507075646,2507076783,16399,1137
29025.575895,2507084718,2507085845,16349,1127
29025.587911,2507093763,2507094872,16022,1109
29025.599947,2507102775,2507103906,16502,1131
29025.611962,2507111816,2507112944,16354,1128
29025.623980,2507120868,2507121984,16121,1116
29025.636015,2507129886,2507131023,16497,1137
29025.648031,2507138946,2507140080,16421,1134
29025.660061,2507147984,2507149096,16241,1112
29025.672083,2507157050,2507158173,16562,1123
29025.684099,2507166111,2507167244,16334,1133
29025.696117,2507175170,2507176281,16023,1111
29025.708152,2507184181,2507185313,16496,1132
29025.720170,2507193263,2507194392,16355,1129
29025.732185,2507202296,2507203414,16021,1118
29025.744221,2507211323,2507212454,16497,1131
29025.765252,2507227208,2507228345,16371,1137
29025.777272,2507236300,2507237417,16023,1117
29025.789308,2507245341,2507246473,16497,1132
29025.801322,2507254388,2507255521,16338,1133
29025.813344,2507263429,2507264563,16270,1134
29025.825375,2507272461,2507273603,16500,1142
29025.837391,2507281528,2507282666,16332,1138
29025.856439,2507297356,2507298467,16145,1111
29025.880470,2507315410,2507316539,16333,1129
29025.897512,2507326715,2507327842,16492,1127
29025.909529,2507335760,2507336898,16275,1138
29025.924565,2507347114,2507348242,16473,1128
29025.936580,2507356174,2507357312,16339,1138
29025.948597,2507365242,2507366359,16099,1117
29025.960629,2507374290,2507375415,16401,1125
29025.984666,2507392407,2507393525,16024,1118
29025.996701,2507401449,2507402584,16407,1135
29026.032769,2507428605,2507429727,16524,1122
29026.044789,2507437665,2507438793,16413,1128
29026.056815,2507446705,2507447823,16162,1118
29026.068838,2507455744,2507456875,16494,1131
29026.089873,2507471585,2507472715,16349,1130
29026.101889,2507480615,2507481735,16027,1120
29026.156004,2507521329,2507522447,16242,1118
29026.168027,2507530426,2507531558,16496,1132
29026.180043,2507539477,2507540610,16340,1133
29026.192060,2507548530,2507549644,16023,1114
29026.205095,2507559930,2507561078,16319,1148
29026.240163,2507585058,2507586201,16317,1143
29026.252185,2507594174,2507595323,16479,1149
29026.264201,2507603305,2507604448,16247,1143
29026.276231,2507612412,2507613550,16374,1138
29026.288250,2507621477,2507622610,16362,1133
29026.300267,2507630536,2507631645,16022,1109
29026.312299,2507639575,2507640712,16345,1137
29026.351368,2507668942,2507670080,16418,1138
29026.363386,2507678012,2507679128,16018,1116
29026.375421,2507687035,2507688156,16500,1121
29026.393455,2507700569,2507701694,16573,1125
29026.405471,2507709598,2507710731,16273,1133
29026.465593,2507754756,2507755878,16503,1122
29026.477609,2507763789,2507764912,16338,1123
29026.501662,2507781860,2507782992,16499,1132
29026.513679,2507790929,2507792058,16354,1129
29026.564781,2507829348,2507830479,16583,1131
29026.576797,2507838415,2507839556,16307,1141
29026.603849,2507858769,2507859909,16269,1140
29026.615870,2507867874,2507869003,16256,1129
29026.633900,2507881461,2507882579,16099,1118
29026.645936,2507890473,2507891603,16548,1130
29026.694020,2507926659,2507927792,16419,1133
29026.706042,2507935724,2507936859,16272,1135
29026.772176,2507985410,2507986542,16494,1132
29026.784192,2507994461,2507995594,16249,1133
29026.796209,2508003503,2508004614,16017,1111
29026.808242,2508012519,2508013657,16250,1138
29026.820262,2508021613,2508022740,16262,1127
29026.832277,2508030693,2508031818,16021,1125
29026.844311,2508039761,2508040891,16472,1130
29026.856328,2508048794,2508049927,16370,1133
29026.868346,2508057821,2508058933,16023,1112
29026.880382,2508066844,2508067976,16409,1132
29026.916451,2508093943,2508095080,16501,1137
29026.928468,2508103009,2508104146,16354,1137
29026.940483,2508112070,2508113182,15935,1112
29026.952515,2508121088,2508122216,16310,1128
29026.964535,2508130103,2508131241,16340,1138
29026.976556,2508139146,2508140275,16238,1129
29026.988587,2508148200,2508149331,16502,1131
29027.024656,2508175338,2508176471,16528,1133
29027.036675,2508184418,2508185556,16415,1138
29027.120831,2508247685,2508248817,16240,1132
29027.132862,2508256726,2508257863,16496,1137
29027.147890,2508268030,2508269163,16327,1133
29027.183946,2508295136,2508296247,16098,1111
29027.195981,2508304149,2508305281,16415,1132
29027.207999,2508313219,2508314352,16358,1133
29027.220015,2508322254,2508323366,16026,1112
29027.232051,2508331268,2508332399,16504,1131
29027.244066,2508340319,2508341464,16338,1145
29027.256088,2508349411,2508350540,16157,1129
29027.268118,2508358482,2508359618,16388,1136
29027.280136,2508367545,2508368678,16436,1133
29027.292156,2508376612,2508377739,16264,1127
29027.304187,2508385674,2508386807,16440,1133
29027.325222,2508401561,2508402688,16432,1127
29027.337242,2508410606,2508411738,16327,1132
29027.367307,2508433340,2508434473,16371,1133
29027.379325,2508442393,2508443525,16371,1132
29027.391345,2508451514,2508452647,16218,1133
29027.403377,2508460594,2508461706,16165,1112
29027.415391,2508469611,2508470736,16441,1125
29027.448460,2508494581,2508495710,16457,1129
29027.460476,2508503643,2508504775,16398,1132
29027.472500,2508512760,2508513893,16217,1133
29027.487531,2508524071,2508525209,16355,1138
29027.499551,2508533111,2508534239,16259,1128
29027.511582,2508542183,2508543303,16259,1120
29027.529615,2508555747,2508556897,16369,1150
29027.541630,2508564801,2508565931,16349,1130
29027.556662,2508576103,2508577240,16440,1137
29027.568684,2508585183,2508586321,16382,1138
29027.592731,2508603283,2508604415,16438,1132
29027.604753,2508612370,2508613503,16341,1133
29027.625791,2508628216,2508629349,16236,1133
29027.637817,2508637247,2508638376,16359,1129
29027.656853,2508653066,2508654204,16371,1138
29027.712958,2508693750,2508694883,16372,1133
29027.724976,2508702798,2508703924,16033,1126
29027.761045,2508729901,2508731036,16029,1135
29027.773074,2508738944,2508740077,16351,1133
29027.788097,2508750253,2508751380,16032,1127
29027.800130,2508759326,2508760456,16342,1130
29027.812146,2508768377,2508769520,16455,1143
29027.824165,2508777423,2508778553,16109,1130
29027.836196,2508786479,2508787591,16309,1112
29027.848218,2508795492,2508796625,16446,1133
29027.860234,2508804527,2508805661,15993,1134
29027.872262,2508813545,2508814677,16254,1132
29027.893300,2508829398,2508830523,16254,1125
29027.905319,2508838449,2508839581,15912,1132
29027.917348,2508847473,2508848602,16353,1129
29027.935385,2508861025,2508862138,16212,1113
29027.947406,2508870033,2508871170,16443,1137
29027.959423,2508879089,2508880213,16032,1124
29027.971451,2508888141,2508889292,16438,1151
29027.983472,2508897200,2508898328,16374,1128
29027.995494,2508906239,2508907374,16240,1135
29028.007522,2508915290,2508916418,16375,1128
29028.019542,2508924374,2508925509,16316,1135
29028.031560,2508933399,2508934530,16032,1131
29028.043592,2508942450,2508943578,16311,1128
29028.055611,2508951522,2508952649,16342,1127
29028.067628,2508960552,2508961695,16032,1143
29028.079657,2508969630,2508970763,16265,1133
29028.091678,2508978726,2508979854,16222,1128
29028.103697,2508987764,2508988900,16001,1136
29028.115726,2508996797,2508997925,16437,1128
29028.127746,2509005822,2509006966,16382,1144
29028.139773,2509014857,2509015987,16113,1130
29028.151794,2509023883,2509025015,16361,1132
29028.163816,2509032953,2509034086,16345,1133
29028.175834,2509041970,2509043099,16034,1129
29028.187863,2509051022,2509052159,16264,1137
29028.199885,2509060074,2509061201,16341,1127
29028.211902,2509069106,2509070240,16030,1134
29028.223934,2509078176,2509079314,16379,1138
29028.235953,2509087232,2509088365,16382,1133
29028.247972,2509096251,2509097387,15925,1136
29028.260000,2509105307,2509106440,16378,1133
29028.272021,2509114342,2509115475,16382,1133
29028.293060,2509130189,2509131311,16235,1122
29028.305086,2509139218,2509140344,16354,1126
29028.410280,2509218292,2509219427,16028,1135
29028.425313,2509229847,2509230974,16373,1127
29028.489940,2509278572,2509279710,16378,1138
29028.501958,2509287605,2509288733,16383,1128
29028.516990,2509298878,2509300007,16443,1129
29028.529010,2509307897,2509309030,16459,1133
29028.553058,2509325958,2509327087,16444,1129
29028.565078,2509335015,2509336148,16457,1133
29028.577097,2509344017,2509345144,16029,1127
29028.616182,2509373392,2509374525,16461,1133
29028.628198,2509382454,2509383591,16459,1137
29028.646234,2509396053,2509397186,16341,1133
29028.724384,2509454862,2509456002,16359,1140
29028.736404,2509463917,2509465050,16266,1133
29028.820560,2509527177,2509528307,16030,1130
29028.832594,2509536472,2509537605,16372,1133
29028.877675,2509570369,2509571512,16359,1143
29028.889699,2509579439,2509580562,16361,1123
29028.904726,2509590737,2509591870,16356,1133
29028.916747,2509599801,2509600930,16371,1129
29028.928769,2509608837,2509609960,16230,1123
29028.967847,2509638300,2509639428,16353,1128
29028.979867,2509647325,2509648463,16374,1138
29029.027954,2509683418,2509684553,16028,1135
29029.039988,2509692535,2509693673,16379,1138
29029.052004,2509701612,2509702736,16371,1124
29029.064023,2509710611,2509711741,15950,1130
29029.076052,2509719662,2509720797,16360,1135
29029.088076,2509728697,2509729835,16361,1138
29029.100094,2509737739,2509738882,16227,1143
29029.118126,2509751296,2509752431,16025,1135
29029.130155,2509760342,2509761466,16351,1124
29029.142177,2509769395,2509770521,16347,1126
29029.232347,2509837131,2509838264,16341,1133
29029.244366,2509846162,2509847294,15995,1132
29029.355584,2509929772,2509930905,16361,1133
29029.367605,2509938813,2509939946,16461,1133
29029.379634,2509947846,2509948974,16306,1128
29029.439743,2509993039,2509994172,16344,1133
29029.451761,2510002097,2510003226,15994,1129
29029.463790,2510011123,2510012261,16276,1138
29029.475810,2510020169,2510021296,16374,1127
29029.487829,2510029185,2510030314,16031,1129
29029.499858,2510038252,2510039381,16362,1129
29029.511879,2510047295,2510048428,16375,1133
29029.523898,2510056317,2510057446,16030,1129
29029.535931,2510065366,2510066504,16371,1138
29029.547947,2510074411,2510075539,16372,1128
29029.559967,2510083426,2510084562,16031,1136
29029.571996,2510092447,2510093585,16365,1138
29029.584019,2510101487,2510102620,16365,1133
29029.596036,2510110518,2510111654,15950,1136
29029.614069,2510124079,2510125209,16104,1130
29029.626099,2510133104,2510134242,16366,1138
29029.644133,2510146670,2510147808,16362,1138
29029.656154,2510155785,2510156912,16251,1127
29029.668172,2510164796,2510165926,15951,1130
29029.686207,2510178335,2510179470,16025,1135
29029.737309,2510216773,2510217902,16351,1129
29029.749327,2510225790,2510226920,16036,1130
29029.797424,2510261943,2510263074,16434,1131
29029.809445,2510270975,2510272118,16458,1143
29029.848515,2510300348,2510301475,16027,1127
29029.863548,2510311636,2510312769,16369,1133
29029.875574,2510320869,2510322004,16113,1135
29029.887596,2510329912,2510331044,16364,1132
29029.899616,2510338956,2510340085,16381,1129
29029.911638,2510348004,2510349142,16312,1138
29029.923665,2510357049,2510358195,16357,1146
29029.983772,2510402260,2510403382,16108,1122
29030.007822,2510420361,2510421492,16381,1131
29030.019841,2510429412,2510430542,16109,1130
29030.031874,2510438455,2510439597,16373,1142
29030.043891,2510447517,2510448655,16375,1138
29030.055910,2510456529,2510457659,16030,1130
29030.067939,2510465536,2510466664,16360,1128
29030.079962,2510474604,2510475742,16366,1138
29030.091978,2510483633,2510484763,16109,1130
29030.104011,2510492720,2510493849,16453,1129
29030.116028,2510501740,2510502868,16463,1128
29030.128049,2510510794,2510511932,16312,1138
29030.140079,2510519879,2510521008,16419,1129
29030.152096,2510528913,2510530046,16375,1133
29030.164115,2510537925,2510539056,16028,1131
29030.176148,2510546945,2510548072,16446,1127
29030.218218,2510578545,2510579670,16027,1125
29030.272329,2510619216,2510620342,16113,1126
29030.284352,2510628259,2510629386,16465,1127
29030.296370,2510637296,2510638429,16458,1133
29030.308390,2510646314,2510647443,16029,1129
29030.329440,2510662159,2510663297,16454,1138
29030.341456,2510671225,2510672361,16459,1136
29030.413594,2510725405,2510726537,16380,1132
29030.425615,2510734416,2510735548,16316,1132
29030.440645,2510745711,2510746832,16457,1121
29030.452664,2510754753,2510755891,16031,1138
29030.485731,2510779563,2510780692,16373,1129
29030.497750,2510788600,2510789730,16032,1130
29030.533819,2510815696,2510816826,15996,1130
29030.545848,2510824749,2510825877,16358,1128
29030.569895,2510842806,2510843930,16115,1124
29030.581916,2510851823,2510852951,16362,1128
29030.593937,2510860831,2510861958,16370,1127
29030.630007,2510887905,2510889043,16342,1138
29030.642026,2510896929,2510898064,16030,1135
29030.696127,2510937564,2510938696,16027,1132
29030.708156,2510946628,2510947764,16363,1136
29030.720177,2510955685,2510956818,16267,1133
29030.738213,2510969279,2510970406,16343,1127
29030.750230,2510978297,2510979421,16029,1124
29030.843413,2511048240,2511049378,16442,1138
29030.855434,2511057289,2511058422,16380,1133
29030.867461,2511066316,2511067446,16115,1130
29030.885487,2511079893,2511081023,16101,1130
29030.897521,2511088961,2511090094,16460,1133
29030.912538,2511100286,2511101416,16030,1130
29030.924572,2511109336,2511110473,16455,1137
29030.951619,2511129632,2511130775,16367,1143
29030.963640,2511138687,2511139825,16379,1138
29030.975659,2511147714,2511148854,16028,1140
29030.987690,2511156744,2511157855,16130,1111
29030.999708,2511165749,2511166882,16379,1133
29031.011728,2511174769,2511175899,16031,1130
29031.023762,2511183819,2511184930,16217,1111
29031.060827,2511213155,2511214284,16373,1129
29031.080864,2511226728,2511227856,16345,1128
29031.092881,2511235728,2511236863,16030,1135
29031.104911,2511244755,2511245881,16448,1126
29031.116931,2511253841,2511254986,16252,1145
29031.165027,2511289946,2511291087,16113,1141
29031.177048,2511299008,2511300141,16362,1133
29031.193082,2511312558,2511313696,16438,1138
29031.267222,2511366795,2511367933,16408,1138
29031.277239,2511375876,2511377010,16339,1134
29031.289267,2511384924,2511386064,16108,1140
29031.312305,2511400835,2511401978,16436,1143
29031.324329,2511409973,2511411117,16349,1144
29031.336345,2511419064,2511420200,16000,1136
29031.372414,2511446209,2511447336,16112,1127
29031.384443,2511455262,2511456395,16447,1133
29031.465600,2511516267,2511517405,16487,1138
29031.477617,2511525306,2511526439,16458,1133
29031.516690,2511554739,2511555862,16253,1123
29031.528720,2511563803,2511564931,16419,1128
29031.576806,2511599925,2511601048,16458,1123
29031.588825,2511608939,2511610061,16028,1122
29031.624894,2511636069,2511637196,15995,1127
29031.636923,2511645101,2511646239,16365,1138
29031.677004,2511676753,2511677883,16109,1130
29031.724085,2511710647,2511711783,16233,1136
29031.736111,2511719722,2511720860,16366,1138
29031.748132,2511728785,2511729923,16376,1138
29031.766169,2511742360,2511743489,16438,1129
29031.778185,2511751377,2511752512,16108,1135
29031.877377,2511825891,2511827020,16316,1129
29031.889403,2511834936,2511836062,16363,1126
29031.901423,2511843984,2511845122,16461,1138
29031.913445,2511853056,2511854183,16248,1127
29031.928475,2511864356,2511865496,16382,1140
29031.940494,2511873426,2511874551,16110,1125
29031.976565,2511900592,2511901730,16313,1138
29031.988594,2511909647,2511910760,16218,1113
29032.000612,2511918655,2511919788,16373,1133
29032.012633,2511927715,2511928848,16251,1133
29032.100811,2511995494,2511996620,16028,1126
29032.117836,2512006878,2512008007,16342,1129
29032.135869,2512020390,2512021523,16371,1133
29032.147888,2512029641,2512030769,15950,1128
29032.159920,2512038672,2512039800,16318,1128
29032.177951,2512052221,2512053359,16351,1138
29032.189972,2512061272,2512062408,16380,1136
29032.214024,2512079329,2512080467,16374,1138
29032.226041,2512088391,2512089519,16372,1128
29032.241072,2512099651,2512100790,16355,1139
29032.253092,2512108683,2512109807,16372,1124
29032.268123,2512119946,2512121079,16357,1133
29032.316214,2512156074,2512157207,16346,1133
29032.328231,2512165121,2512166251,15995,1130
29032.340260,2512174132,2512175264,16370,1132
29032.352281,2512183181,2512184315,16373,1134
29032.364300,2512192193,2512193318,16027,1125
29032.376329,2512201232,2512202365,16272,1133
29032.421415,2512235099,2512236232,16360,1133
29032.433435,2512244143,2512245281,16377,1138
29032.520603,2512309607,2512310737,16359,1130
29032.532623,2512318650,2512319785,16374,1135
29032.544642,2512327682,2512328812,16027,1130
29032.559678,2512338970,2512340099,16355,1129
29032.571690,2512348046,2512349171,15956,1125
29032.583723,2512357071,2512358204,16271,1133
29032.595744,2512366101,2512367237,16290,1136
29032.607765,2512375147,2512376276,16157,1129
29032.619792,2512384195,2512385332,16364,1137
29032.632823,2512395464,2512396594,16026,1130
29032.649846,2512406753,2512407886,16375,1133
29032.661866,2512415773,2512416909,16031,1136
29032.673894,2512424807,2512425946,16360,1139
29032.688917,2512436097,2512437219,16032,1122
29032.700946,2512445120,2512446249,16356,1129
29032.715968,2512456413,2512457548,15993,1135
29032.741028,2512476761,2512477899,16028,1138
29032.764066,2512492600,2512493724,16363,1124
29032.776087,2512501665,2512502803,16369,1138
29032.788106,2512510699,2512511829,16034,1130
29032.800137,2512519728,2512520844,16214,1116
29032.812156,2512528791,2512529918,16350,1127
29032.824174,2512537795,2512538930,16030,1135
29032.836203,2512546799,2512547932,16361,1133
29032.848225,2512555874,2512557000,16346,1126
29032.866258,2512569457,2512570586,16369,1129
29032.905331,2512598835,2512599955,16232,1120
29032.917360,2512607876,2512608992,16217,1116
29032.956432,2512637190,2512638326,16365,1136
29032.968448,2512646235,2512647360,15991,1125
29032.989495,2512662072,2512663203,16359,1131
29033.001515,2512671111,2512672239,16259,1128
29033.013534,2512680167,2512681298,15994,1131
29033.056631,2512714111,2512715252,15992,1141
29033.127757,2512766069,2512767207,16356,1138
29033.139774,2512775097,2512776223,16074,1126
29033.151807,2512784161,2512785304,16491,1143
29033.163824,2512793199,2512794332,16456,1133
29033.175843,2512802222,2512803358,16029,1136
29033.187872,2512811274,2512812396,16440,1122
29033.223941,2512838391,2512839529,16360,1138
29033.235961,2512847470,2512848603,16376,1133
29033.247988,2512856498,2512857634,16114,1136
29033.260013,2512865589,2512866727,16380,1138
29033.272030,2512874632,2512875756,16460,1124
29033.284048,2512883644,2512884769,16028,1125
29033.296082,2512892680,2512893818,16383,1138
29033.317116,2512908536,2512909665,16381,1129
29033.329134,2512917575,2512918709,16033,1134
29033.371219,2512949215,2512950347,16460,1132
29033.386251,2512960526,2512961664,16366,1138
29033.431339,2512994485,2512995623,16415,1138
29033.443360,2513000710,2513001531,14304,821
29033.455388,2513006129,2513006739,12420,610
29033.495961,2513032471,2513033609,16317,1138
29033.507985,2513041537,2513042675,16398,1138
29033.520000,2513050613,2513051741,16150,1128
29033.532029,2513059679,2513060807,16318,1128
29033.544054,2513068743,2513069876,16402,1133
29033.556069,2513077802,2513078935,16234,1133
29033.568098,2513086888,2513088021,16321,1133
29033.580122,2513095971,2513097109,16396,1138
29033.592137,2513105043,2513106181,16160,1138
29033.604165,2513114128,2513115261,16317,1133
29033.616189,2513123226,2513124369,16299,1143
29033.628206,2513132301,2513133429,16163,1128
29033.640235,2513141372,2513142510,16332,1138
29033.673292,2513166388,2513167517,16206,1129
29033.685319,2513175437,2513176580,16270,1143
29033.700343,2513186779,2513187917,16250,1138
29033.712373,2513195862,2513196991,16315,1129
29033.763466,2513234370,2513235505,16277,1135
29033.775491,2513243453,2513244591,16316,1138
29033.787515,2513252525,2513253657,16386,1132
29033.799535,2513261620,2513262760,16268,1140
29033.811561,2513270719,2513271847,16319,1128
29033.823587,2513279835,2513280968,16330,1133
29033.835601,2513288883,2513290006,16238,1123
29033.847629,2513297931,2513299069,16315,1138
29033.859654,2513307028,2513308161,16398,1133
29033.871669,2513316091,2513317228,16233,1137
29033.883698,2513325157,2513326290,16273,1133
29033.895722,2513334247,2513335380,16413,1133
29033.907738,2513343305,2513344434,16235,1129
29033.919767,2513352372,2513353500,16319,1128
29033.931791,2513361421,2513362554,16401,1133
29033.943805,2513370489,2513371622,16220,1133
29033.957332,2513379078,2513380219,16236,1141
29033.969361,2513388168,2513389301,16316,1133
29033.981386,2513397232,2513398356,16400,1124
29033.993399,2513406320,2513407454,16217,1134
29034.008436,2513417665,2513418798,16390,1133
29034.020451,2513426747,2513427874,16248,1127
29034.032479,2513435819,2513436958,16311,1139
29034.044504,2513444919,2513446057,16355,1138
29034.056520,2513453996,2513455129,16249,1133
29034.068548,2513463047,2513464185,16315,1138
29034.080572,2513472133,2513473262,16299,1129
29034.092588,2513481219,2513482351,16232,1132
29034.113633,2513497126,2513498264,16312,1138
29034.125658,2513506190,2513507323,16387,1133
29034.137678,2513515260,2513516393,16279,1133
29034.149702,2513524328,2513525461,16312,1133
29034.191776,2513556097,2513557230,16232,1133
29034.203809,2513565183,2513566317,16314,1134
29034.215831,2513574269,2513575407,16399,1138
29034.227846,2513583359,2513584492,16236,1133
29034.239875,2513592399,2513593537,16312,1138
29034.251899,2513601484,2513602622,16392,1138
29034.287968,2513628771,2513629901,16401,1130
29034.299983,2513637867,2513638990,16235,1123
29034.312012,2513646959,2513648091,16317,1132
29034.324037,2513656033,2513657167,16402,1134
29034.336052,2513665120,2513666257,16149,1137
29034.354087,2513678771,2513679893,16232,1122
29034.366115,2513687837,2513688975,16318,1138
29034.378140,2513696881,2513698010,16399,1129
29034.390153,2513705951,2513707089,16221,1138
29034.405191,2513717306,2513718448,16401,1142
29034.417207,2513726404,2513727542,16236,1138
29034.429236,2513735474,2513736612,16316,1138
29034.447270,2513749093,2513750228,16321,1135
29034.459296,2513758196,2513759323,16420,1127
29034.471309,2513767273,2513768403,16233,1130
29034.483338,2513776346,2513777484,16226,1138
29034.501372,2513789970,2513791103,16314,1133
29034.513397,2513799050,2513800183,16402,1133
29034.531431,2513812672,2513813810,16402,1138
29034.543446,2513821742,2513822875,16231,1133
29034.555479,2513830862,2513832001,16333,1139
29034.567500,2513839951,2513841089,16401,1138
29034.579515,2513849012,2513850145,16235,1133
29034.591544,2513858083,2513859213,16315,1130
29034.603568,2513867156,2513868283,16400,1127
29034.615585,2513876270,2513877399,16214,1129
29034.627613,2513885320,2513886448,16315,1128
29034.639637,2513894387,2513895530,16413,1143
29034.651652,2513903474,2513904607,16206,1133
29034.663684,2513912557,2513913697,16317,1140
29034.675706,2513921639,2513922772,16396,1133
29034.687719,2513930724,2513931860,16223,1136
29034.699750,2513939781,2513940919,16223,1138
29034.711774,2513948859,2513949988,16398,1129
29034.723789,2513957928,2513959061,16230,1133
29034.735819,2513966992,2513968130,16318,1138
29034.760873,2513987408,2513988541,16311,1133
29034.792928,2514010112,2514011250,16395,1138
29034.804944,2514019153,2514020291,16230,1138
29034.816973,2514028243,2514029381,16316,1138
29034.828997,2514037366,2514038504,16403,1138
29034.865066,2514064562,2514065705,16400,1143
29034.877081,2514073642,2514074780,16235,1138
29034.910151,2514098591,2514099727,16399,1136
29034.922167,2514107691,2514108826,16233,1135
29034.940202,2514121290,2514122418,16236,1128
29034.952230,2514130354,2514131487,16317,1133
29034.964254,2514139427,2514140551,16400,1124
29034.985286,2514155303,2514156441,16222,1138
29034.997315,2514164378,2514165511,16314,1133
29035.015350,2514177988,2514179126,16316,1138
29035.027374,2514187079,2514188212,16398,1133
29035.039389,2514196223,2514197361,16234,1138
29035.051419,2514205293,2514206431,16316,1138
29035.063443,2514214355,2514215493,16400,1138
29035.075459,2514223422,2514224559,16236,1137
29035.087489,2514232534,2514233670,16337,1136
29035.100518,2514243862,2514245005,16229,1143
29035.120544,2514257482,2514258621,16233,1139
29035.132573,2514266563,2514267696,16272,1133
29035.159624,2514286974,2514288112,16320,1138
29035.171649,2514296051,2514297189,16399,1138
29035.183663,2514305147,2514306271,16225,1124
29035.195693,2514314206,2514315339,16226,1133
29035.207717,2514323272,2514324415,16397,1143
29035.219732,2514332372,2514333494,16239,1122
29035.231761,2514341419,2514342557,16312,1138
29035.243786,2514350509,2514351647,16396,1138
29035.255801,2514359594,2514360731,16232,1137
29035.267830,2514368643,2514369776,16316,1133
29035.279854,2514377713,2514378851,16396,1138
29035.291870,2514386819,2514387951,16238,1132
29035.303899,2514395893,2514397026,16315,1133
29035.315923,2514404950,2514406087,16399,1137
29035.327938,2514414049,2514415172,16236,1123
29035.339967,2514423124,2514424257,16317,1133
29035.351992,2514432198,2514433331,16399,1133
29035.364007,2514441243,2514442376,16238,1133
29035.376036,2514450292,2514451435,16234,1143
29035.388060,2514459350,2514460482,16404,1132
29035.436144,2514495699,2514496826,16234,1127
29035.448173,2514504766,2514505899,16313,1133
29035.460197,2514513833,2514514961,16398,1128
29035.493259,2514538809,2514539942,16314,1133
29035.505283,2514547900,2514549038,16399,1138
29035.517299,2514556961,2514558099,16236,1138
29035.529328,2514566032,2514567170,16313,1138
29035.577421,2514602339,2514603477,16399,1138
29035.589436,2514611412,2514612550,16241,1138
29035.625504,2514638642,2514639774,16231,1132
29035.637533,2514647704,2514648838,16316,1134
29035.652558,2514659065,2514660195,16262,1130
29035.688624,2514686276,2514687419,16234,1143
29035.700653,2514695379,2514696517,16313,1138
29035.721695,2514711251,2514712389,16400,1138
29035.733710,2514720338,2514721475,16238,1137
29035.769779,2514747559,2514748685,16238,1126
29035.781808,2514756612,2514757745,16315,1133
29035.799842,2514770202,2514771340,16316,1138
29035.811866,2514779293,2514780426,16398,1133
29035.829901,2514792895,2514794027,16411,1132
29035.841916,2514801961,2514803094,16236,1133
29035.856951,2514813313,2514814451,16389,1138
29035.868967,2514822371,2514823503,16246,1132
29035.905035,2514849574,2514850711,16242,1137
29035.917063,2514858672,2514859805,16306,1133
29035.929088,2514867732,2514868872,16345,1140
29035.944115,2514879077,2514880223,16316,1146
29035.956139,2514888175,2514889309,16391,1134
29035.968156,2514897258,2514898391,16249,1133
29035.980183,2514906351,2514907480,16316,1129
29036.010242,2514929039,2514930177,16385,1138
29036.022258,2514938118,2514939261,16247,1143
29036.034286,2514947203,2514948336,16316,1133
29036.049310,2514958574,2514959702,16229,1128
29036.061339,2514967645,2514968783,16317,1138
29036.073364,2514976706,2514977839,16403,1133
29036.085379,2514985760,2514986882,16234,1122
29036.103413,2514999348,2515000478,16232,1130
29036.115442,2515008432,2515009570,16320,1138
29036.127467,2515017540,2515018670,16412,1130
29036.139482,2515026592,2515027725,16235,1133
29036.151511,2515035680,2515036818,16316,1138
29036.199604,2515071950,2515073083,16397,1133
29036.211619,2515081021,2515082154,16238,1133
29036.223648,2515090087,2515091215,16314,1128
29036.235673,2515099172,2515100306,16373,1134
29036.247688,2515108276,2515109417,16239,1141
29036.259719,2515117398,2515118526,16296,1128
29036.271741,2515126463,2515127600,16402,1137
29036.304802,2515151452,2515152590,16315,1138
29036.316827,2515160609,2515161747,16316,1138
29036.328848,2515169771,2515170908,16303,1137
29036.340871,2515178918,2515180056,16301,1138
29036.376940,2515206312,2515207455,16320,1143
29036.388964,2515215417,2515216555,16398,1138
29036.434050,2515249483,2515250611,16396,1128
29036.449076,2515260842,2515261980,16316,1138
29036.461101,2515269935,2515271068,16398,1133
29036.473115,2515279017,2515280147,16137,1130
29036.485145,2515288096,2515289228,16316,1132
29036.521214,2515315300,2515316443,16315,1143
29036.533238,2515324385,2515325523,16401,1138
29036.584334,2515362970,2515364111,16317,1141
29036.596358,2515372087,2515373219,16398,1132
29036.611385,2515383410,2515384550,16314,1140
29036.641444,2515406133,2515407261,16398,1128
29036.653459,2515415202,2515416339,16233,1137
29036.665488,2515424281,2515425419,16317,1138
29036.677512,2515433366,2515434499,16395,1133
29036.689527,2515442433,2515443561,16227,1128
29036.713581,2515460577,2515461716,16370,1139
29036.725597,2515469670,2515470808,16236,1138
29036.743631,2515483286,2515484419,16235,1133
29036.755660,2515492331,2515493469,16317,1138
29036.767684,2515501410,2515502538,16405,1128
29036.779699,2515510475,2515511608,16235,1133
29036.791728,2515519555,2515520688,16311,1133
29036.839821,2515555846,2515556984,16399,1138
29036.851836,2515564933,2515566064,16237,1131
29036.863866,2515574007,2515575145,16316,1138
29036.875890,2515583104,2515584233,16385,1129
29036.888919,2515594433,2515595566,16313,1133
29036.905939,2515605791,2515606934,16246,1143
29036.917967,2515614869,2515615997,16315,1128
29036.929991,2515623954,2515625087,16389,1133
29036.954035,2515642082,2515643220,16316,1138
29036.966062,2515651162,2515652290,16388,1128
29036.984094,2515664768,2515665901,16383,1133
29037.032179,2515701051,2515702179,16252,1128
29037.044207,2515710095,2515711233,16321,1138
29037.056231,2515719167,2515720297,16385,1130
29037.068247,2515728239,2515729360,16237,1121
29037.080279,2515737330,2515738468,16312,1138
29037.092301,2515746407,2515747540,16394,1133
29037.104319,2515755462,2515756598,16261,1136
29037.137387,2515780468,2515781606,16402,1138
29037.149403,2515789562,2515790692,16239,1130
29037.164438,2515800891,2515802029,16397,1138
29037.176457,2515809976,2515811121,16266,1145
29037.224552,2515846294,2515847421,16319,1127
29037.236575,2515855340,2515856475,16443,1135
29037.251603,2515866684,2515867815,16317,1131
29037.263627,2515875740,2515876874,16399,1134
29037.275642,2515884806,2515885933,16234,1127
29037.287671,2515893895,2515895024,16316,1129
29037.299696,2515902971,2515904094,16399,1123
29037.311711,2515912045,2515913172,16234,1127
29037.329745,2515925651,2515926784,16233,1133
29037.341774,2515934723,2515935869,16314,1146
29037.353798,2515943790,2515944925,16397,1135
29037.365812,2515952864,2515953987,16221,1123
29037.428934,2516000486,2516001615,16236,1129
29037.440963,2516009521,2516010659,16315,1138
29037.455986,2516020858,2516021987,16233,1129
29037.477031,2516036733,2516037866,16313,1133
29037.489055,2516045820,2516046952,16473,1132
29037.501071,2516054887,2516056010,16250,1123
29037.546157,2516088923,2516090056,16248,1133
29037.558184,2516098001,2516099134,16315,1133
29037.570209,2516107291,2516108421,16338,1130
29037.582227,2516116328,2516117461,16459,1133
29037.594245,2516125373,2516126500,16006,1127
29037.684417,2516193125,2516194249,16042,1124
29037.696445,2516202202,2516203335,16343,1133
29037.735518,2516231575,2516232712,16379,1137
29037.747537,2516240603,2516241733,16045,1130
29037.759567,2516249647,2516250760,16192,1113
29037.771588,2516258682,2516259815,16349,1133
29037.783605,2516267717,2516268847,16123,1130
29037.795633,2516276763,2516277896,16425,1133
29037.807655,2516285840,2516286969,16371,1129
29037.832704,2516306188,2516307325,16372,1137
29037.876788,2516337816,2516338954,16347,1138
29037.888810,2516346854,2516347988,16379,1134
29037.904841,2516360576,2516361704,16379,1128
29037.939908,2516385414,2516386547,16426,1133
29037.951929,2516394442,2516395579,16382,1137
29037.963951,2516403468,2516404591,16253,1123
29037.975976,2516412487,2516413625,16354,1138
29037.987998,2516421529,2516422667,16376,1138
29038.000017,2516430558,2516431688,16045,1130
29038.012048,2516439608,2516440735,16398,1127
29038.024066,2516448629,2516449758,16383,1129
29038.042101,2516462177,2516463306,16453,1129
29038.054120,2516471195,2516472325,16121,1130
29038.096204,2516502874,2516504003,16378,1129
29038.108229,2516512102,2516513238,16111,1136
29038.120251,2516521148,2516522286,16341,1138
29038.132273,2516530191,2516531320,16374,1129
29038.144291,2516539245,2516540377,16003,1132
29038.207419,2516586658,2516587793,16118,1135
29038.219439,2516595696,2516596831,16349,1135
29038.231461,2516604739,2516605867,16376,1128
29038.243480,2516613749,2516614879,16049,1130
29038.255508,2516622788,2516623926,16347,1138
29038.267531,2516631873,2516632999,16430,1126
29038.279549,2516640912,2516642054,16088,1142
29038.291579,2516649971,2516651085,16281,1114
29038.303600,2516658997,2516660134,16371,1137
29038.315618,2516668045,2516669175,16044,1130
29038.333655,2516681590,2516682717,16248,1127
29038.345684,2516690667,2516691805,16414,1138
29038.357702,2516699714,2516700843,16262,1129
29038.424835,2516751626,2516752759,16356,1133
29038.504985,2516810396,2516811531,16193,1135
29038.517007,2516819440,2516820572,16362,1132
29038.529028,2516828506,2516829634,16379,1128
29038.541046,2516837546,2516838681,15992,1135
29038.631217,2516905321,2516906453,16104,1132
29038.712372,2516966305,2516967440,16104,1135
29038.724405,2516975373,2516976502,16370,1129
29038.736424,2516984422,2516985560,16373,1138
29038.748441,2516993459,2516994595,15989,1136
29038.760473,2517002522,2517003655,16375,1133
29038.772490,2517011578,2517012711,16372,1133
29038.793526,2517027352,2517028474,16028,1122
29038.805559,2517036397,2517037526,16409,1129
29038.841624,2517063519,2517064665,16355,1146
29038.853644,2517072601,2517073734,16260,1133
29038.877693,2517090709,2517091837,16364,1128
29038.889713,2517099752,2517100878,16377,1126
29038.919767,2517122333,2517123468,16071,1135
29038.931795,2517131405,2517132538,16442,1133
29038.943816,2517140451,2517141601,16386,1150
29038.961852,2517154058,2517155196,16342,1138
29038.973869,2517163107,2517164243,16107,1136
29038.985898,2517172146,2517173284,16359,1138
29038.997919,2517181202,2517182325,16375,1123
29039.009938,2517190215,2517191347,16025,1132
29039.049018,2517219577,2517220710,16358,1133
29039.061040,2517228637,2517229770,16342,1133
29039.124159,2517276061,2517277203,16366,1142
29039.136178,2517285138,2517286281,16028,1143
29039.148208,2517294186,2517295319,16371,1133
29039.160229,2517303238,2517304376,16349,1138
29039.172246,2517312293,2517313424,16105,1131
29039.265430,2517382337,2517383470,16434,1133
29039.277452,2517391412,2517392545,16349,1133
29039.328550,2517429824,2517430956,16359,1132
29039.340571,2517438908,2517440035,16343,1127
29039.367622,2517459219,2517460353,16380,1134
29039.379641,2517468247,2517469379,16108,1132
29039.391670,2517477290,2517478422,16441,1132
29039.403693,2517486316,2517487451,16365,1135
29039.415709,2517495372,2517496497,16028,1125
29039.427738,2517504428,2517505574,16370,1146
29039.439759,2517513497,2517514626,16380,1129
29039.457795,2517527061,2517528194,16425,1133
29039.469812,2517536065,2517537195,16108,1130
29039.484845,2517547364,2517548494,16458,1130
29039.499879,2517558642,2517559784,16413,1142
29039.535944,2517585727,2517586865,16364,1138
29039.547965,2517594818,2517595946,16207,1128
29039.559984,2517603841,2517604976,15993,1135
29039.572013,2517612885,2517614013,16358,1128
29039.584034,2517621877,2517623005,16288,1128
29039.596060,2517630935,2517632076,16076,1141
29039.608082,2517639985,2517641123,16356,1138
29039.620102,2517649032,2517650164,16372,1132
29039.693249,2517705532,2517706659,16110,1127
29039.740326,2517739406,2517740547,16025,1141
29039.752360,2517748485,2517749619,16375,1134
29039.764376,2517757532,2517758665,16373,1133
29039.776396,2517766574,2517767698,16029,1124
29039.788425,2517775589,2517776722,16357,1133
29039.800448,2517784626,2517785752,16357,1126
29039.812464,2517793654,2517794779,16027,1125
29039.863565,2517832103,2517833236,16379,1133
29039.875584,2517841114,2517842244,16037,1130
29039.887613,2517850148,2517851281,16363,1133
29039.899636,2517859213,2517860348,16443,1135
29039.911655,2517868259,2517869392,16232,1133
29039.923682,2517877306,2517878435,16368,1129
29039.935702,2517886337,2517887470,16378,1133
29039.947724,2517895348,2517896486,16315,1138
29039.959750,2517904417,2517905555,16359,1138
29039.971771,2517913466,2517914593,16379,1127
29039.983790,2517922520,2517923655,15990,1135
29040.013854,2517945124,2517946257,16359,1133
29040.025874,2517954172,2517955310,16374,1138
29040.037893,2517963208,2517964338,16025,1130
29040.116046,2518021886,2518023031,16378,1145
29040.128067,2518030962,2518032093,16319,1131
29040.140093,2518040000,2518041130,16355,1130
29040.152115,2518049055,2518050189,16342,1134
29040.164133,2518058263,2518059398,16028,1135
29040.176162,2518067317,2518068445,16357,1128
29040.188183,2518076387,2518077515,16345,1128
29040.200202,2518085391,2518086531,16034,1140
29040.212230,2518094459,2518095586,16358,1127
29040.224251,2518103466,2518104604,16374,1138
29040.236272,2518112493,2518113619,16025,1126
29040.248304,2518121538,2518122671,16379,1133
29040.263322,2518132846,2518133970,16028,1124
29040.296391,2518157696,2518158825,16357,1129
29040.308407,2518166709,2518167839,16031,1130
29040.320436,2518175749,2518176887,16355,1138
29040.335459,2518187027,2518188152,16023,1125
29040.356508,2518202871,2518203997,16416,1126
29040.368527,2518211944,2518213075,16346,1131
29040.380544,2518220973,2518222105,16110,1132
29040.419625,2518250308,2518251441,16357,1133
29040.431645,2518259352,2518260478,16457,1126
29040.443667,2518268406,2518269539,16312,1133
29040.455694,2518277433,2518278566,16368,1133
29040.467715,2518286489,2518287627,16427,1138
29040.485750,2518300046,2518301173,16426,1127
29040.497767,2518309065,2518310195,15996,1130
29040.540866,2518342975,2518344108,16249,1133
29040.563904,2518358823,2518359956,16379,1133
29040.575921,2518367947,2518369076,16343,1129
29040.587946,2518376980,2518378110,16115,1130
29040.599968,2518386016,2518387147,16441,1131
29040.611988,2518395044,2518396177,16464,1133
29040.624008,2518404083,2518405209,16075,1126
29040.648058,2518422180,2518423313,16345,1133
29040.660076,2518431202,2518432333,16104,1131
29040.672109,2518440270,2518441404,16375,1134
29040.684127,2518449334,2518450467,16257,1133
29040.696145,2518458350,2518459480,16032,1130
29040.708176,2518467373,2518468485,16214,1112
29040.720194,2518476390,2518477523,16372,1133
29040.732213,2518485406,2518486549,16104,1143
29040.744246,2518494481,2518495614,16455,1133
29040.765280,2518510337,2518511468,16451,1131
29040.777301,2518519409,2518520541,16027,1132
29040.807363,2518541960,2518543098,16450,1138
29040.819383,2518551013,2518552151,16455,1138
29040.831402,2518560046,2518561176,16033,1130
29040.843435,2518569113,2518570237,16374,1124
29040.855451,2518578161,2518579289,16380,1128
29040.885512,2518600698,2518601828,16108,1130
29040.897534,2518609758,2518610891,16287,1133
29040.963657,2518659495,2518660633,16371,1138
29040.975681,2518668553,2518669686,16227,1133
29040.987708,2518677589,2518678722,16403,1133
29040.999726,2518686623,2518687761,16375,1138
29041.011745,2518695647,2518696782,16032,1135
29041.023774,2518704673,2518705802,16360,1129
29041.035794,2518713708,2518714841,16262,1133
29041.053829,2518727264,2518728397,16367,1133
29041.065848,2518736282,2518737416,16027,1134
29041.077877,2518745327,2518746450,16354,1123
29041.089900,2518754350,2518755483,16359,1133
29041.101916,2518763368,2518764504,16097,1136
29041.177065,2518819832,2518820960,16363,1128
29041.189089,2518829143,2518830267,16358,1124
29041.282268,2518899227,2518900368,16196,1141
29041.294288,2518908270,2518909402,16365,1132
29041.333361,2518937639,2518938778,16264,1139
29041.345382,2518946697,2518947820,16144,1123
29041.360412,2518958016,2518959143,16366,1127
29041.384463,2518976037,2518977175,16406,1138
29041.396481,2518985122,2518986260,16339,1138
29041.444568,2519021306,2519022442,15998,1136
29041.456601,2519030410,2519031542,16316,1132
29041.492668,2519057752,2519058900,16314,1148
29041.504693,2519066869,2519068006,16396,1137
29041.588842,2519130259,2519131390,16026,1131
29041.600871,2519139534,2519140683,16268,1149
29041.624911,2519157620,2519158745,16025,1125
29041.636944,2519166673,2519167806,16370,1133
29041.694046,2519209619,2519210751,16372,1132
29041.706068,2519218634,2519219763,16226,1129
29041.796237,2519286384,2519287504,16031,1120
29041.808265,2519295652,2519296775,16355,1123
29041.823289,2519306940,2519308076,15991,1136
29041.865372,2519338565,2519339702,16370,1137
29041.877399,2519347621,2519348757,16085,1136
29041.889420,2519356667,2519357799,16356,1132
29041.901440,2519365703,2519366832,16374,1129
29041.913460,2519374714,2519375841,16025,1127
29041.928492,2519386021,2519387149,16256,1128
29041.940511,2519395052,2519396182,15996,1130
29041.985597,2519428923,2519430058,15991,1135
29041.997626,2519437964,2519439095,16441,1131
29042.009648,2519447049,2519448187,16342,1138
29042.024677,2519458339,2519459472,16439,1133
29042.036699,2519467419,2519468547,16343,1128
29042.117852,2519528358,2519529499,16372,1141
29042.129874,2519537433,2519538574,16230,1141
29042.141900,2519546505,2519547640,16362,1135
29042.183976,2519578175,2519579308,16236,1133
29042.196003,2519587228,2519588361,16443,1133
29042.208023,2519596307,2519597447,16456,1140
29042.220043,2519605343,2519606463,16108,1120
29042.232076,2519614396,2519615539,16379,1143
29042.244092,2519623435,2519624568,16331,1133
29042.256115,2519632470,2519633604,16147,1134
29042.268142,2519641538,2519642671,16463,1133
29042.286175,2519655082,2519656211,16356,1129
29042.298195,2519664099,2519665235,16459,1136
29042.313226,2519675367,2519676490,16364,1123
29042.325246,2519684393,2519685521,16261,1128
29042.340278,2519695670,2519696803,16447,1133
29042.352299,2519704744,2519705873,16427,1129
29042.376349,2519722818,2519723941,16488,1123
29042.388366,2519731831,2519732964,16453,1133
29042.409403,2519747674,2519748799,16107,1125
29042.421436,2519756747,2519757880,16366,1133
29042.433454,2519765805,2519766953,16343,1148
29042.445472,2519774824,2519775954,16028,1130
29042.457501,2519783872,2519784998,16364,1126
29042.535643,2519842571,2519843701,15997,1130
29042.547672,2519851610,2519852742,16446,1132
29042.559693,2519860641,2519861770,16379,1129
29042.583746,2519872254,2519872859,12025,605
29042.597274,2519877322,2519878131,13567,809
29042.609292,2519885996,2519887126,16388,1130
29042.621315,2519895049,2519896181,16319,1132
29042.651370,2519917692,2519918825,16314,1133
29042.663395,2519926756,2519927887,16473,1131
29042.675411,2519935832,2519936970,16346,1138
29042.693447,2519949458,2519950596,16344,1138
29042.705475,2519958538,2519959676,16312,1138
29042.771599,2520008394,2520009527,16318,1133
29042.783617,2520017468,2520018595,16264,1127
29042.795646,2520026545,2520027687,16319,1142
29042.807668,2520035632,2520036770,16372,1138
29042.819690,2520044745,2520045883,16314,1138
29042.831714,2520053817,2520054955,16311,1138
29042.843739,2520062876,2520064009,16400,1133
29042.855754,2520071943,2520073076,16237,1133
29042.867783,2520081022,2520082154,16270,1132
29042.879806,2520090099,2520091226,16378,1127
29042.891823,2520099157,2520100295,16251,1138
29042.903853,2520108226,2520109359,16311,1133
29042.915875,2520117289,2520118427,16383,1138
29042.927892,2520126366,2520127498,16235,1132
29042.939920,2520135439,2520136577,16314,1138
29042.951945,2520144538,2520145670,16393,1132
29042.963960,2520153604,2520154746,16236,1142
29042.975990,2520162672,2520163799,16317,1127
29042.988012,2520171746,2520172881,16382,1135
29043.000029,2520180842,2520181975,16251,1133
29043.012059,2520189926,2520191064,16311,1138
29043.024082,2520199010,2520200138,16400,1128
29043.036097,2520208131,2520209258,16232,1127
29043.048126,2520217209,2520218346,16272,1137
29043.060151,2520226290,2520227424,16407,1134
29043.072166,2520235357,2520236490,16243,1133
29043.085692,2520243917,2520245046,16249,1129
29043.097722,2520252978,2520254112,16309,1134
29043.112743,2520264291,2520265429,16259,1138
29043.124772,2520273372,2520274499,16312,1127
29043.139795,2520284727,2520285860,16233,1133
29043.157829,2520298349,2520299477,16234,1128
29043.169860,2520307400,2520308533,16321,1133
29043.181881,2520316482,2520317614,16384,1132
29043.217951,2520343648,2520344781,16318,1133
29043.229966,2520352728,2520353876,16232,1148
29043.249014,2520368626,2520369764,16311,1138
29043.266040,2520379981,2520381113,16312,1132
29043.278063,2520389050,2520390188,16315,1138
29043.290085,2520398135,2520399264,16372,1129
29043.317138,2520418515,2520419652,16321,1137
29043.329155,2520427602,2520428725,16250,1123
29043.341182,2520436683,2520437816,16315,1133
29043.353206,2520445754,2520446886,16354,1132
29043.389274,2520473004,2520474133,16369,1129
29043.401291,2520482102,2520483240,16263,1138
29043.425344,2520500262,2520501386,16386,1124
29043.437362,2520509372,2520510512,16244,1140
29043.449391,2520518475,2520519608,16309,1133
29043.461414,2520527550,2520528683,16399,1133
29043.476442,2520538906,2520540035,16314,1129
29043.488464,2520547965,2520549098,16383,1133
29043.500483,2520557048,2520558184,16283,1136
29043.527532,2520577474,2520578609,16233,1135
29043.539561,2520586574,2520587707,16316,1133
29043.557595,2520600196,2520601320,16311,1124
29043.569618,2520609243,2520610375,16391,1132
29043.593665,2520627409,2520628542,16292,1133
29043.605687,2520636503,2520637636,16382,1133
29043.623723,2520650105,2520651243,16404,1138
29043.644755,2520665981,2520667113,16232,1132
29043.656784,2520675086,2520676229,16313,1143
29043.672820,2520688708,2520689846,16310,1138
29043.692854,2520702334,2520703472,16317,1138
29043.704875,2520711410,2520712545,16384,1135
29043.728921,2520729523,2520730645,16317,1122
29043.740946,2520738593,2520739722,16399,1129
29043.752961,2520747693,2520748826,16216,1133
29043.764991,2520756778,2520757911,16318,1133
29043.777013,2520765881,2520767014,16388,1133
29043.801060,2520784028,2520785160,16316,1132
29043.813082,2520793071,2520794205,16320,1134
29043.825098,2520802163,2520803290,16233,1127
29043.837127,2520811219,2520812352,16322,1133
29043.849152,2520820309,2520821447,16398,1138
29043.865675,2520832824,2520833953,16229,1129
29043.877704,2520841866,2520843004,16312,1138
29043.913774,2520869105,2520870242,16317,1137
29043.925795,2520878175,2520879303,16386,1128
29043.943830,2520891788,2520892917,16383,1129
29043.955847,2520900874,2520902012,16253,1138
29043.967876,2520909939,2520911077,16313,1138
29043.979900,2520919022,2520920163,16400,1141
29044.046018,2520968884,2520970020,16252,1136
29044.058048,2520977955,2520979093,16315,1138
29044.070071,2520987072,2520988209,16393,1137
29044.082086,2520996132,2520997260,16248,1128
29044.148219,2521045999,2521047128,16318,1129
29044.160242,2521055068,2521056201,16323,1133
29044.172258,2521064132,2521065270,16248,1138
29044.184285,2521073202,2521074330,16310,1128
29044.196310,2521082256,2521083397,16387,1141
29044.208332,2521091327,2521092469,16316,1142
29044.220356,2521100413,2521101551,16316,1138
29044.236390,2521114045,2521115183,16310,1138
29044.248408,2521123123,2521124257,16367,1134
29044.260438,2521132189,2521133320,16244,1131
29044.277467,2521143539,2521144669,16484,1130
29044.289481,2521152610,2521153743,16236,1133
29044.307522,2521166200,2521167328,16316,1128
29044.319546,2521175256,2521176394,16321,1138
29044.331568,2521184317,2521185455,16304,1138
29044.343584,2521193416,2521194549,16166,1133
29044.355614,2521202503,2521203641,16316,1138
29044.368644,2521213844,2521214977,16234,1133
29044.380668,2521222911,2521224039,16307,1128
29044.421739,2521252388,2521253521,16383,1133
29044.433755,2521261471,2521262600,16253,1129
29044.445786,2521270536,2521271671,16320,1135
29044.460806,2521281922,2521283052,16230,1130
29044.481853,2521298061,2521299194,16313,1133
29044.493877,2521307115,2521308244,16404,1129
29044.535956,2521338877,2521340010,16312,1133
29044.547981,2521347943,2521349080,16405,1137
29044.559996,2521357011,2521358154,16250,1143
29044.572026,2521366097,2521367230,16303,1133
29044.584047,2521375160,2521376298,16466,1138
29044.596064,2521384228,2521385364,16254,1136
29044.608094,2521393281,2521394419,16321,1138
29044.620118,2521402388,2521403520,16404,1132
29044.632133,2521411472,2521412601,16240,1129
29044.644162,2521420531,2521421664,16313,1133
29044.674219,2521443210,2521444343,16387,1133
29044.705283,2521468166,2521469304,16319,1138
29044.780420,2521524852,2521525985,16383,1133
29044.875596,2521595157,2521596284,16253,1127
29044.899648,2521613562,2521614691,16383,1129
29044.911664,2521622642,2521623765,16324,1123
29044.923693,2521631696,2521632824,16403,1128
29044.935718,2521640784,2521641916,16490,1132
29044.947733,2521649864,2521651002,16246,1138
29044.959763,2521658947,2521660090,16320,1143
29044.971784,2521668021,2521669158,16369,1137
29044.983801,2521677100,2521678232,16258,1132
29044.995832,2521686155,2521687293,16403,1138
29045.007855,2521695225,2521696358,16412,1133
29045.019870,2521704287,2521705425,16237,1138
29045.086003,2521754187,2521755320,16314,1133
29045.098025,2521763269,2521764407,16379,1138
29045.110042,2521772336,2521773474,16238,1138
29045.122070,2521781404,2521782547,16317,1143
29045.134095,2521790459,2521791592,16402,1133
29045.146110,2521799522,2521800659,16239,1137
29045.158140,2521808603,2521809736,16309,1133
29045.170162,2521817669,2521818802,16386,1133
29045.182178,2521826742,2521827875,16250,1133
29045.209230,2521847184,2521848312,16233,1128
29045.221259,2521856248,2521857381,16318,1133
29045.242300,2521872106,2521873233,16403,1127
29045.287385,2521906142,2521907282,16356,1140
29045.299407,2521915327,2521916464,16286,1137
29045.311430,2521924447,2521925590,16303,1143
29045.329463,2521938261,2521939400,16315,1139
29045.341486,2521947447,2521948588,16326,1141
29045.353504,2521956579,2521957719,16268,1140
29045.371538,2521970285,2521971422,16264,1137
29045.383566,2521979414,2521980552,16304,1138
29045.395592,2521988503,2521989649,16401,1146
29045.407607,2521997633,2521998770,16201,1137
29045.419635,2522006785,2522007932,16294,1147
29045.437670,2522020466,2522021618,16305,1152
29045.449692,2522029596,2522030738,16320,1142
29045.464722,2522041025,2522042168,16305,1143
29045.476745,2522050160,2522051298,16390,1138
29045.488761,2522059303,2522060449,16261,1146
29045.500792,2522068499,2522069642,16228,1143
29045.512815,2522077661,2522078803,16381,1142
29045.524830,2522086791,2522087933,16329,1142
29045.541369,2522099478,2522100616,16312,1138
29045.553391,2522108608,2522109753,16386,1145
29045.580442,2522129156,2522130299,16386,1143
29045.592459,2522138299,2522139437,16166,1138
29045.631539,2522167880,2522169018,16316,1138
29045.643564,2522176965,2522178098,16400,1133
29045.655579,2522186031,2522187159,16255,1128
29045.673613,2522199644,2522200773,16245,1129
29045.685643,2522208725,2522209860,16311,1135
29045.697667,2522217808,2522218946,16321,1138
29045.709681,2522226899,2522228032,16186,1133
29045.745757,2522254111,2522255249,16295,1138
29045.757781,2522263218,2522264356,16271,1138
29045.817888,2522308587,2522309721,16236,1134
29045.829919,2522317693,2522318831,16334,1138
29045.865988,2522344979,2522346117,16330,1138
29045.878008,2522354038,2522355172,16382,1134
29045.896044,2522367660,2522368795,16319,1135
29045.908061,2522376768,2522377896,16229,1128
29045.920088,2522385852,2522386995,16313,1143
29045.932112,2522394938,2522396076,16400,1138
29045.962162,2522417637,2522418775,16248,1138
29045.974193,2522426693,2522427831,16315,1138
29045.986214,2522435774,2522436907,16389,1133
29045.998230,2522444836,2522445969,16231,1133
29046.043324,2522478805,2522479933,16316,1128
29046.055347,2522487896,2522489039,16317,1143
29046.067368,2522496986,2522498124,16384,1138
29046.085403,2522510594,2522511727,16380,1133
29046.097419,2522519654,2522520787,16226,1133
29046.109448,2522528713,2522529851,16317,1138
29046.121474,2522537802,2522538935,16400,1133
29046.148523,2522558247,2522559383,16389,1136
29046.160539,2522567337,2522568459,16250,1122
29046.217653,2522610430,2522611563,16313,1133
29046.229678,2522619519,2522620662,16401,1143
29046.247711,2522633164,2522634297,16390,1133
29046.259728,2522642260,2522643382,16250,1122
29046.271758,2522651304,2522652437,16317,1133
29046.283780,2522660395,2522661529,16359,1134
29046.295796,2522669473,2522670617,16236,1144
29046.313831,2522683097,2522684230,16144,1133
29046.325862,2522692208,2522693340,16315,1132
29046.340889,2522703555,2522704688,16314,1133
29046.355918,2522714926,2522716067,16359,1141
29046.367933,2522724023,2522725152,16250,1129
29046.379964,2522733082,2522734215,16312,1133
29046.391987,2522742168,2522743306,16323,1138
29046.404002,2522751247,2522752380,16230,1133
29046.416033,2522760340,2522761473,16327,1133
29046.429062,2522771692,2522772825,16186,1133
29046.446089,2522783065,2522784203,16390,1138
29046.458105,2522792120,2522793258,16340,1138
29046.473140,2522803462,2522804599,16468,1137
29046.485157,2522812527,2522813660,16251,1133
29046.512208,2522832906,2522834049,16232,1143
29046.524238,2522842046,2522843184,16315,1138
29046.536260,2522851177,2522852315,16380,1138
29046.548277,2522860313,2522861456,16148,1143
29046.560306,2522869448,2522870583,16317,1135
29046.629431,2522921716,2522922860,16244,1144
29046.641462,2522930833,2522931962,16322,1129
29046.671517,2522953514,2522954664,16384,1150
29046.683534,2522962592,2522963730,16250,1138
29046.695562,2522971672,2522972810,16311,1138
29046.707587,2522980753,2522981886,16371,1133
29046.725622,2522994376,2522995514,16401,1138
29046.737644,2523003464,2523004592,16312,1128
29046.749667,2523012539,2523013677,16317,1138
29046.761689,2523021653,2523022782,16386,1129
29046.776718,2523032999,2523034125,16413,1126
29046.788735,2523042100,2523043235,16251,1135
29046.824804,2523069238,2523070371,16375,1133
29046.836830,2523078275,2523079399,16113,1124
29046.851855,2523089615,2523090752,16367,1137
29046.875905,2523107673,2523108785,16211,1112
29046.887924,2523116693,2523117816,16261,1123
29046.899942,2523125741,2523126871,15994,1130
29046.911971,2523134795,2523135934,16357,1139
29046.923992,2523143829,2523144962,16378,1133
29046.936023,2523152907,2523154040,16308,1133
29046.948041,2523161952,2523163090,16442,1138
29046.960060,2523171004,2523172146,16339,1142
29046.972080,2523180042,2523181168,16032,1126
29046.984109,2523189068,2523190211,16360,1143
29046.997139,2523200402,2523201537,15990,1135
29047.101332,2523277171,2523278304,16442,1133
29047.113352,2523286202,2523287331,16376,1129
29047.125371,2523295213,2523296343,16109,1130
29047.137404,2523304249,2523305382,16494,1133
29047.149422,2523313320,2523314458,16343,1138
29047.203524,2523354002,2523355129,16368,1127
29047.215545,2523363051,2523364179,16232,1128
29047.227572,2523372071,2523373203,16361,1132
29047.245610,2523385608,2523386745,16374,1137
29047.257625,2523394625,2523395753,16339,1128
29047.305714,2523430738,2523431868,16026,1130
29047.317743,2523439768,2523440892,16360,1124
29047.329764,2523448804,2523449938,16371,1134
29047.344795,2523460091,2523461225,16359,1134
29047.356816,2523469175,2523470308,16340,1133
29047.407920,2523507573,2523508702,16377,1129
29047.419937,2523516630,2523517762,16343,1132
29047.431962,2523525672,2523526792,16114,1120
29047.449989,2523539175,2523540302,16105,1127
29047.462018,2523548207,2523549350,16364,1143
29047.498086,2523575362,2523576491,16361,1129
29047.510107,2523584396,2523585533,16462,1137
29047.552189,2523616092,2523617221,16360,1129
29047.564211,2523625164,2523626302,16342,1138
29047.576229,2523634197,2523635330,15986,1133
29047.594263,2523647758,2523648888,15988,1130
29047.606292,2523656810,2523657933,16357,1123
29047.616328,2523665838,2523666961,16376,1123
29047.693454,2523722356,2523723487,16226,1131
29047.705485,2523731422,2523732560,16374,1138
29047.720503,2523742710,2523743846,16019,1136
29047.732535,2523751764,2523752914,16408,1150
29047.756572,2523769867,2523770998,16071,1131
29047.768602,2523778915,2523780048,16379,1133
29047.780621,2523787971,2523789099,16260,1128
29047.792640,2523797019,2523798148,15994,1129
29047.825707,2523821861,2523822987,16376,1126
29047.837730,2523830927,2523832065,16010,1138
29047.873795,2523857989,2523859119,16028,1130
29047.885828,2523867022,2523868155,16371,1133
29047.912876,2523887354,2523888486,16361,1132
29047.927905,2523898635,2523899770,16107,1135
29047.969981,2523930264,2523931391,16456,1127
29047.982003,2523939354,2523940487,16231,1133
29048.009051,2523959707,2523960852,16027,1145
29048.021081,2523968763,2523969901,16361,1138
29048.033104,2523977790,2523978918,16362,1128
29048.135295,2524054596,2524055729,16238,1133
29048.147321,2524063636,2524064774,16441,1138
29048.159342,2524072676,2524073805,16377,1129
29048.180380,2524088499,2524089628,16312,1129
29048.192407,2524097549,2524098690,16367,1141
29048.231482,2524126926,2524128059,16450,1133
29048.243498,2524135978,2524137113,15996,1135
29048.255531,2524145072,2524146210,16377,1138
29048.267547,2524154123,2524155261,16376,1138
29048.285582,2524167734,2524168872,16337,1138
29048.297600,2524176760,2524177890,16029,1130
29048.351704,2524217377,2524218512,16030,1135
29048.363733,2524226912,2524228057,16359,1145
29048.375753,2524236001,2524237133,16250,1132
29048.387772,2524245038,2524246169,16070,1131
29048.399801,2524254109,2524255247,16360,1138
29048.411822,2524263160,2524264298,16373,1138
29048.423848,2524272198,2524273322,16111,1124
29048.435872,2524281259,2524282378,16213,1119
29048.447890,2524290293,2524291431,16368,1138
29048.459909,2524299320,2524300455,16024,1135
29048.471938,2524308361,2524309499,16361,1138
29048.489972,2524321936,2524323069,16353,1133
29048.501993,2524330986,2524332124,16374,1138
29048.517027,2524342273,2524343382,16222,1109
29048.529047,2524351285,2524352423,16362,1138
29048.544076,2524362576,2524363705,16373,1129
29048.556096,2524371624,2524372748,16375,1124
29048.568118,2524380645,2524381783,16238,1138
29048.581148,2524391954,2524393092,16344,1138
29048.593179,2524401063,2524402200,16230,1137
29048.625233,2524423680,2524424816,16414,1136
29048.637250,2524432729,2524433867,16383,1138
29048.685338,2524468892,2524470019,16072,1127
29048.697367,2524477930,2524479067,16363,1137
29048.715402,2524491476,2524492609,16365,1133
29048.727424,2524500501,2524501639,16443,1138
29048.739441,2524509528,2524510659,16107,1131
29048.751470,2524518603,2524519732,16446,1129
29048.763491,2524527645,2524528778,16457,1133
29048.775512,2524536685,2524537819,16239,1134
29048.787542,2524545768,2524546897,16422,1129
29048.799560,2524555035,2524556159,16374,1124
29048.811578,2524564058,2524565195,16025,1137
29048.823610,2524573108,2524574246,16404,1138
29048.835628,2524582167,2524583300,16372,1133
29048.847647,2524591182,2524592312,16032,1130
29048.859676,2524600205,2524601343,16408,1138
29048.871696,2524609250,2524610373,16263,1123
29048.883718,2524618308,2524619441,16231,1133
29048.895744,2524627325,2524628452,16352,1127
29048.907765,2524636376,2524637505,16372,1129
29048.919794,2524645415,2524646558,16306,1143
29048.931813,2524654470,2524655603,16362,1133
29048.943833,2524663515,2524664653,16374,1138
29048.964870,2524679335,2524680460,16024,1125
29048.976903,2524688373,2524689517,16375,1144
29048.988920,2524697436,2524698569,16342,1133
29049.000938,2524706449,2524707584,16031,1135
29049.012969,2524715511,2524716649,16362,1138
29049.034004,2524731321,2524732459,16454,1138
29049.046026,2524740399,2524741532,16310,1133
29049.112156,2524790115,2524791248,16364,1133
29049.124179,2524799156,2524800287,16366,1131
29049.142210,2524812695,2524813839,16365,1144
29049.154229,2524821734,2524822858,16028,1124
29049.208332,2524862426,2524863559,16026,1133
29049.220364,2524871708,2524872841,16493,1133
29049.313536,2524941760,2524942898,16378,1138
29049.325555,2524950776,2524951910,16028,1134
29049.415731,2525018524,2525019658,16071,1134
29049.427757,2525027870,2525029003,16363,1133
29049.445795,2525041449,2525042581,16373,1132
29049.457811,2525050482,2525051622,16376,1140
29049.520934,2525097957,2525099090,16360,1133
29049.535964,2525109241,2525110350,16210,1109
29049.620122,2525172457,2525173592,16359,1135
29049.632141,2525181535,2525182668,16222,1133
29049.644168,2525190587,2525191714,16439,1127
29049.656188,2525199592,2525200730,16379,1138
29049.668210,2525208636,2525209774,16245,1138
29049.680239,2525217674,2525218783,16223,1109
29049.692256,2525226670,2525227805,16505,1135
29049.704275,2525235722,2525236852,16108,1130
29049.716308,2525244756,2525245884,16492,1128
29049.728325,2525253785,2525254913,16461,1128
29049.740344,2525262820,2525263950,15995,1130
29049.752377,2525271872,2525273000,16459,1128
29049.767398,2525283196,2525284323,16245,1127
29049.824510,2525326113,2525327238,16441,1125
29049.836532,2525335193,2525336326,16430,1133
29049.848550,2525344225,2525345360,16031,1135
29049.896647,2525380430,2525381563,16362,1133
29049.908668,2525389481,2525390610,16378,1129
29049.944737,2525416571,2525417708,16369,1137
29049.959770,2525427863,2525428980,16211,1117
29049.983807,2525445907,2525447036,16104,1129
29049.995836,2525454931,2525456074,16447,1143
29050.007857,2525463969,2525465104,16381,1135
29050.019876,2525472980,2525474115,16031,1135
29050.031905,2525482010,2525483148,16365,1138
29050.043927,2525491087,2525492225,16338,1138
29050.055944,2525500107,2525501250,16099,1143
29050.067978,2525509207,2525510340,16378,1133
29050.079994,2525518251,2525519378,16365,1127
29050.152131,2525572475,2525573608,16371,1133
29050.164153,2525581495,2525582621,16230,1126
29050.176179,2525590532,2525591670,16360,1138
29050.188200,2525599595,2525600728,16375,1133
29050.200219,2525608624,2525609748,16026,1124
29050.212251,2525617653,2525618782,16407,1129
29050.224264,2525626695,2525627842,16290,1147
29050.236287,2525635739,2525636874,16025,1135
29050.248317,2525644794,2525645927,16356,1133
29050.260337,2525653874,2525655012,16247,1138
29050.276369,2525667458,2525668597,16368,1139
29050.293402,2525678785,2525679912,16360,1127
29050.377560,2525742110,2525743248,16376,1138
29050.389579,2525751138,2525752259,16029,1121
29050.401610,2525760175,2525761287,16222,1112
29050.413631,2525769169,2525770307,16365,1138
29050.425650,2525778192,2525779329,16103,1137
29050.437677,2525787233,2525788371,16447,1138
29050.455711,2525800777,2525801903,16441,1126
29050.473746,2525814352,2525815479,16365,1127
29050.485767,2525823400,2525824523,16351,1123
29050.503800,2525836938,2525838067,16451,1129
29050.515819,2525845962,2525847086,16026,1124
29050.527848,2525854977,2525856110,16362,1133
29050.539870,2525864043,2525865169,16344,1126
29050.551887,2525873076,2525874214,16033,1138
29050.563921,2525882148,2525883281,16375,1133
29050.581953,2525895699,2525896811,16211,1112
29050.593972,2525904715,2525905853,16375,1138
29050.624025,2525927275,2525928413,16109,1138
29050.660096,2525954354,2525955492,16313,1138
29050.672123,2525963408,2525964546,16359,1138
29050.684143,2525972460,2525973593,16329,1133
29050.696162,2525981481,2525982611,16026,1130
29050.708194,2525990536,2525991679,16406,1143
29050.720211,2525999587,2526000720,16375,1133
29050.732230,2526008576,2526009706,16024,1130
29050.744260,2526017609,2526018747,16364,1138
29050.756280,2526026659,2526027781,16344,1122
29050.804375,2526062802,2526063932,16106,1130
29050.816397,2526071831,2526072960,16442,1129
29050.864487,2526107955,2526109098,16346,1143
29050.876505,2526117197,2526118332,16031,1135
29050.888539,2526126274,2526127410,16441,1136
29050.900555,2526135333,2526136471,16457,1138
29050.921591,2526151163,2526152293,16029,1130
29050.933620,2526160196,2526161320,16359,1124
29050.945640,2526169222,2526170355,16371,1133
29050.984710,2526198557,2526199688,16031,1131
29050.996740,2526207602,2526208740,16362,1138
29051.008763,2526216658,2526217796,16354,1138
29051.020779,2526225674,2526226799,16033,1125
29051.032808,2526234692,2526235825,16355,1133
29051.071880,2526264070,2526265192,16375,1122
29051.083902,2526273255,2526274384,16310,1129
29051.095929,2526282298,2526283430,16449,1132
29051.107952,2526291393,2526292527,16367,1134
29051.119968,2526300422,2526301549,16111,1127
29051.131997,2526309459,2526310597,16443,1138
29051.144017,2526318507,2526319640,16453,1133
29051.216155,2526372791,2526373919,16450,1128
29051.228174,2526381811,2526382941,16026,1130
29051.240203,2526390838,2526391975,16446,1137
29051.252223,2526399898,2526401038,16343,1140
29051.264242,2526408955,2526410090,16074,1135
29051.276273,2526418043,2526419177,16465,1134
29051.288292,2526427135,2526428270,16290,1135
29051.300321,2526436203,2526437336,16317,1133
29051.327363,2526456516,2526457641,16110,1125
29051.339392,2526465538,2526466669,16444,1131
29051.351412,2526474579,2526475709,16255,1130
29051.429563,2526533229,2526534367,16436,1138
29051.441584,2526542275,2526543409,16466,1134
29051.489671,2526578420,2526579553,16025,1133
29051.501703,2526587465,2526588598,16401,1133
29051.531755,2526610072,2526611210,16376,1138
29051.543776,2526619127,2526620254,16233,1127
29051.555806,2526628221,2526629352,16378,1131
29051.567822,2526637333,2526638475,16232,1142
29051.579853,2526646450,2526647595,16229,1145
29051.591874,2526655593,2526656732,16383,1139
29051.603891,2526664701,2526665835,16252,1134
29051.615922,2526673826,2526674967,16315,1141
29051.627943,2526682957,2526684084,16381,1127
29051.639962,2526691987,2526693115,16348,1128
29051.651983,2526701010,2526702143,16235,1133
29051.664009,2526710040,2526711173,16364,1133
29051.676029,2526719076,2526720204,16372,1128
29051.697073,2526734886,2526736021,16076,1135
29051.709095,2526743941,2526745074,16350,1133
29051.751171,2526775561,2526776699,16228,1138
29051.766203,2526786906,2526788039,16361,1133
29051.781232,2526798193,2526799320,16470,1127
29051.800332,2526807418,2526808016,11976,598
29051.869897,2526852794,2526853920,16236,1126
29051.881926,2526861863,2526862996,16319,1133
29051.893953,2526870955,2526872088,16425,1133
29051.905965,2526880024,2526881151,16234,1127
29051.917993,2526889083,2526890215,16313,1132
29051.930018,2526898159,2526899297,16389,1138
29051.945044,2526909508,2526910636,16313,1128
29051.957069,2526918572,2526919701,16384,1129
29051.969085,2526927643,2526928772,16252,1129
29051.984120,2526938983,2526940126,16389,1143
29052.053250,2526991108,2526992241,16321,1133
29052.065275,2527000180,2527001318,16388,1138
29052.077291,2527009265,2527010393,16250,1128
29052.089319,2527018361,2527019496,16311,1135
29052.104343,2527029685,2527030818,16244,1133
29052.116373,2527038791,2527039924,16310,1133
29052.167463,2527077373,2527078511,16233,1138
29052.179492,2527086444,2527087574,16318,1130
29052.191517,2527095520,2527096652,16317,1132
29052.203532,2527104580,2527105713,16234,1133
29052.215560,2527113637,2527114770,16316,1133
29052.233595,2527127222,2527128360,16314,1138
29052.245619,2527136313,2527137451,16416,1138
29052.263653,2527149903,2527151046,16402,1143
29052.275669,2527158985,2527160120,16235,1135
29052.287698,2527168067,2527169190,16296,1123
29052.299722,2527177143,2527178281,16397,1138
29052.313247,2527185652,2527186780,16367,1128
29052.325263,2527194785,2527195911,16144,1126
29052.337292,2527203842,2527204975,16268,1133
29052.349316,2527212914,2527214052,16307,1138
29052.364343,2527224260,2527225398,16311,1138
29052.376368,2527233340,2527234478,16397,1138
29052.388383,2527242413,2527243530,16233,1117
29052.400414,2527251490,2527252628,16334,1138
29052.436481,2527278717,2527279854,16319,1137
29052.448505,2527287793,2527288922,16395,1129
29052.469538,2527303666,2527304795,16235,1129
29052.481566,2527312720,2527313853,16314,1133
29052.505606,2527330848,2527331983,16235,1135
29052.517635,2527339922,2527341055,16225,1133
29052.541673,2527358108,2527359238,16221,1130
29052.553703,2527367167,2527368300,16316,1133
29052.571738,2527380798,2527381945,16312,1147
29052.583762,2527389881,2527391008,16395,1127
29052.595778,2527398951,2527400089,16237,1138
29052.607806,2527408025,2527409162,16317,1137
29052.619831,2527417104,2527418236,16400,1132
29052.631846,2527426189,2527427322,16241,1133
29052.643875,2527435245,2527436374,16314,1129
29052.667915,2527453356,2527454489,16317,1133
29052.679943,2527462429,2527463573,16322,1144
29052.691968,2527471507,2527472645,16413,1138
29052.703983,2527480569,2527481695,16241,1126
29052.716012,2527489641,2527490772,16403,1131
29052.728037,2527498736,2527499862,16385,1126
29052.740050,2527507786,2527508925,16236,1139
29052.752079,2527516858,2527517991,16313,1133
29052.764104,2527525935,2527527078,16387,1143
29052.776120,2527535024,2527536157,16249,1133
29052.788148,2527544099,2527545225,16312,1126
29052.800172,2527553157,2527554290,16388,1133
29052.812189,2527562229,2527563362,16249,1133
29052.824216,2527571312,2527572450,16314,1138
29052.836241,2527580383,2527581516,16416,1133
29052.860285,2527598492,2527599621,16317,1129
29052.872309,2527607559,2527608700,16388,1141
29052.896354,2527625703,2527626841,16316,1138
29052.908378,2527634803,2527635940,16355,1137
29052.923405,2527646141,2527647271,16312,1130
29052.935431,2527655237,2527656366,16402,1129
29052.947446,2527664297,2527665435,16235,1138
29052.959475,2527673393,2527674531,16311,1138
29052.971499,2527682471,2527683607,16402,1136
29052.983515,2527691544,2527692677,16243,1133
29053.007568,2527709715,2527710848,16406,1133
29053.019583,2527718789,2527719927,16268,1138
29053.031613,2527727849,2527728982,16316,1133
29053.043636,2527736917,2527738051,16404,1134
29053.055652,2527745992,2527747124,16319,1132
29053.067681,2527755059,2527756187,16395,1128
29053.079705,2527764108,2527765241,16430,1133
29053.091721,2527773188,2527774321,16245,1133
29053.103749,2527782268,2527783401,16396,1133
29053.127789,2527800414,2527801552,16319,1138
29053.139818,2527809725,2527810864,16317,1139
29053.151842,2527818796,2527819929,16397,1133
29053.163858,2527827885,2527829015,16235,1130
29053.175887,2527836959,2527838097,16316,1138
29053.187911,2527846056,2527847197,16412,1141
29053.199926,2527855150,2527856285,16238,1135
29053.211955,2527864231,2527865366,16293,1135
29053.223980,2527873295,2527874418,16399,1123
29053.235994,2527882344,2527883476,16224,1132
29053.248024,2527891435,2527892573,16314,1138
29053.266058,2527905039,2527906166,16314,1127
29053.278082,2527914099,2527915222,16399,1123
29053.338195,2527959413,2527960538,16314,1125
29053.350220,2527968735,2527969868,16402,1133
29053.380269,2527991450,2527992584,16235,1134
29053.392298,2528000527,2528001654,16314,1127
29053.404323,2528009618,2528010765,16397,1147
29053.416338,2528018707,2528019840,16237,1133
29053.443392,2528039113,2528040258,16265,1145
29053.455418,2528048207,2528049344,16316,1137
29053.467443,2528057302,2528058439,16397,1137
29053.479458,2528066372,2528067510,16231,1138
29053.491487,2528075438,2528076565,16312,1127
29053.512528,2528091293,2528092426,16399,1133
29053.524544,2528100359,2528101497,16321,1138
29053.536573,2528109430,2528110563,16327,1133
29053.548597,2528118505,2528119638,16385,1133
29053.584664,2528145716,2528146854,16398,1138
29053.596681,2528154818,2528155951,16282,1133
29053.608708,2528163923,2528165057,16399,1134
29053.620733,2528172989,2528174120,16398,1131
29053.632748,2528182062,2528183195,16321,1133
29053.644776,2528191134,2528192272,16312,1138
29053.656801,2528200203,2528201340,16385,1137
29053.668818,2528209264,2528210392,16245,1128
29053.680845,2528218331,2528219464,16394,1133
29053.749972,2528270487,2528271625,16248,1138
29053.762001,2528279597,2528280730,16312,1133
29053.786041,2528297755,2528298888,16238,1133
29053.798070,2528306832,2528307970,16315,1138
29053.810094,2528315945,2528317068,16397,1123
29053.822109,2528325012,2528326155,16233,1143
29053.867195,2528359056,2528360189,16236,1133
29053.882231,2528370387,2528371525,16412,1138
29053.897258,2528381740,2528382878,16316,1138
29053.909283,2528390810,2528391948,16483,1138
29053.927317,2528404394,2528405527,16482,1133
29053.939332,2528413452,2528414585,16244,1133
29053.957367,2528427045,2528428178,16236,1133
29053.969396,2528436129,2528437257,16314,1128
29053.984418,2528447496,2528448619,16249,1123
29053.996446,2528456532,2528457665,16313,1133
29054.008470,2528465592,2528466725,16382,1133
29054.080608,2528520060,2528521203,16485,1143
29054.092624,2528529149,2528530278,16256,1129
29054.125693,2528554077,2528555205,16385,1128
29054.137709,2528563121,2528564249,16330,1128
29054.149737,2528572184,2528573323,16396,1139
29054.161762,2528581275,2528582413,16465,1138
29054.173779,2528590365,2528591503,16239,1138
29054.185808,2528599437,2528600570,16319,1133
29054.239910,2528640267,2528641400,16315,1133
29054.251935,2528649332,2528650470,16483,1138
29054.263950,2528658414,2528659541,16241,1127
29054.281984,2528672019,2528673152,16319,1133
29054.294013,2528681088,2528682221,16402,1133
29054.354121,2528726384,2528727524,16233,1140
29054.366150,2528735487,2528736620,16312,1133
29054.385186,2528751354,2528752489,16479,1135
29054.397215,2528760426,2528761564,16237,1138
29054.420253,2528776317,2528777447,16397,1130
29054.432278,2528785380,2528786513,16407,1133
29054.444293,2528794449,2528795578,16248,1129
29054.456322,2528803538,2528804671,16324,1133
29054.468346,2528812601,2528813725,16480,1124
29054.480361,2528821669,2528822807,16320,1138
29054.492390,2528830730,2528831863,16318,1133
29054.504415,2528839806,2528840943,16399,1137
29054.516432,2528848871,2528850004,16149,1133
29054.531466,2528860228,2528861360,16399,1132
29054.543481,2528869294,2528870426,16235,1132
29054.555510,2528878369,2528879508,16316,1139
29054.567535,2528887453,2528888586,16397,1133
29054.591577,2528905594,2528906732,16313,1138
29054.603602,2528914667,2528915798,16392,1131
29054.615618,2528923736,2528924859,16261,1123
29054.627646,2528932802,2528933935,16320,1133
29054.663714,2528959993,2528961128,16313,1135
29054.675739,2528969065,2528970198,16399,1133
29054.687756,2528978134,2528979267,16248,1133
29054.699783,2528987195,2528988333,16319,1138
29054.711808,2528996265,2528997407,16444,1142
29054.723823,2529005329,2529006458,16323,1129
29054.735854,2529014423,2529015551,16417,1128
29054.747876,2529023496,2529024629,16387,1133
29054.759893,2529032562,2529033695,16248,1133
29054.771920,2529041631,2529042770,16311,1139
29054.789956,2529055237,2529056370,16316,1133
29054.801980,2529064294,2529065422,16399,1128
29054.813996,2529073387,2529074525,16243,1138
29054.829032,2529084738,2529085872,16401,1134
29054.841047,2529093841,2529094964,16261,1123
29054.874117,2529118811,2529119944,16413,1133
29054.886133,2529127883,2529129010,16235,1127
29054.898162,2529136944,2529138082,16318,1138
29054.922200,2529155055,2529156184,16221,1129
29054.979316,2529198197,2529199330,16318,1133
29054.991340,2529207317,2529208446,16397,1129
29055.003356,2529216372,2529217502,16234,1130
29055.015385,2529225453,2529226585,16315,1132
29055.027410,2529234499,2529235632,16400,1133
29055.039424,2529243584,2529244713,16233,1129
29055.051454,2529252673,2529253802,16294,1129
29055.069487,2529266277,2529267404,16307,1127
29055.081512,2529275322,2529276456,16400,1134
29055.135615,2529316082,2529317211,16400,1129
29055.147630,2529325160,2529326298,16239,1138
29055.159659,2529334245,2529335383,16401,1138
29055.171684,2529343351,2529344494,16427,1143
29055.183699,2529352446,2529353579,16243,1133
29055.237802,2529393264,2529394394,16247,1130
29055.249829,2529402344,2529403477,16314,1133
29055.267863,2529415951,2529417085,16309,1134
29055.279888,2529425023,2529426152,16393,1129
29055.291904,2529434102,2529435230,16142,1128
29055.303932,2529443160,2529444297,16225,1137
29055.315957,2529452251,2529453384,16212,1133
29055.327973,2529461318,2529462446,16070,1128
29055.346008,2529474912,2529476050,16250,1138
29055.358035,2529484000,2529485133,16311,1133
29055.382076,2529502136,2529503265,16250,1129
29055.406130,2529520277,2529521410,16403,1133
29055.418143,2529529355,2529530488,16220,1133
29055.454214,2529556559,2529557688,16234,1129
29055.466242,2529565610,2529566748,16312,1138
29055.496301,2529588298,2529589427,16399,1129
29055.508317,2529597360,2529598498,16150,1138
29055.532369,2529615476,2529616614,16397,1138
29055.544385,2529624544,2529625677,16236,1133
29055.556414,2529633614,2529634749,16315,1135
29055.568439,2529642674,2529643807,16415,1133
29055.580454,2529651768,2529652906,16239,1138
29055.592482,2529660845,2529661979,16315,1134
29055.607505,2529672232,2529673370,16238,1138
29055.619534,2529681299,2529682428,16318,1129
29055.661608,2529713033,2529714171,16239,1138
29055.673637,2529722126,2529723254,16315,1128
29055.685661,2529731208,2529732360,16397,1152
29055.697677,2529740288,2529741421,16241,1133
29055.724728,2529760674,2529761803,16237,1129
29055.736757,2529769742,2529770879,16315,1137
29055.760797,2529787914,2529789047,16236,1133
29055.772825,2529796993,2529798131,16397,1138
29055.784850,2529806070,2529807203,16399,1133
29055.796865,2529815157,2529816284,16239,1127
29055.869002,2529869586,2529870722,16251,1136
29055.881030,2529878665,2529879803,16399,1138
29055.914087,2529903592,2529904730,16236,1138
29055.926115,2529912651,2529913784,16312,1133
29055.938140,2529921709,2529922847,16388,1138
29055.950157,2529930768,2529931901,16247,1133
29055.974208,2529948890,2529950013,16383,1123
29055.986225,2529957963,2529959099,16245,1136
29055.998253,2529967017,2529968155,16311,1138
29056.011782,2529977184,2529978317,16294,1133
29056.023800,2529986211,2529987344,16356,1133
29056.035821,2529995255,2529996390,16376,1135
29056.047840,2530004270,2530005397,16032,1127
29056.059873,2530013334,2530014463,16374,1129
29056.071891,2530022399,2530023532,16346,1133
29056.083908,2530031438,2530032563,16035,1125
29056.095944,2530040523,2530041656,16422,1133
29056.107958,2530049575,2530050713,16377,1138
29056.119980,2530058585,2530059694,16262,1109
29056.138014,2530072134,2530073240,16257,1106
29056.150042,2530081144,2530082256,16208,1112
29056.193125,2530115013,2530116146,16357,1133
29056.210156,2530126297,2530127432,16125,1135
29056.222177,2530135367,2530136500,16353,1133
29056.240212,2530148881,2530150009,16359,1128
29056.252232,2530157932,2530159062,16376,1130
29056.264254,2530166965,2530168098,16233,1133
29056.276280,2530176001,2530177133,16363,1132
29056.288301,2530185027,2530186159,16377,1132
29056.300320,2530194047,2530195177,16036,1130
29056.393503,2530264031,2530265163,16373,1132
29056.405523,2530273058,2530274185,16373,1127
29056.417545,2530282083,2530283213,16032,1130
29056.436590,2530297943,2530299076,16351,1133
29056.508726,2530352178,2530353310,16366,1132
29056.552803,2530383801,2530384928,16312,1127
29056.564834,2530392852,2530393964,16206,1112
29056.585867,2530408590,2530409726,16459,1136
29056.597885,2530417664,2530418804,16032,1140
29056.615920,2530431293,2530432429,16028,1136
29056.627951,2530440418,2530441551,16457,1133
29056.639969,2530449503,2530450642,16373,1139
29056.651988,2530458566,2530459703,16036,1137
29056.664022,2530467685,2530468818,16372,1133
29056.676038,2530476736,2530477864,16372,1128
29056.688057,2530485745,2530486880,16027,1135
29056.700090,2530494830,2530495963,16373,1133
29056.712109,2530503878,2530505011,16359,1133
29056.724129,2530512905,2530514014,16258,1109
29056.736155,2530521906,2530523038,16353,1132
29056.748175,2530530942,2530532075,16376,1133
29056.760197,2530539958,2530541088,16324,1130
29056.772223,2530548973,2530550100,16437,1127
29056.784244,2530558007,2530559133,16379,1126
29056.796263,2530567032,2530568167,16025,1135
29056.808295,2530576087,2530577220,16376,1133
29056.829328,2530591828,2530592957,16118,1129
29056.841350,2530600840,2530601970,16028,1130
29056.904476,2530648263,2530649383,16112,1120
29056.916498,2530657294,2530658426,16359,1132
29056.944553,2530679909,2530681047,16341,1138
29056.985623,2530709242,2530710365,16030,1123
29056.997652,2530718255,2530719388,16363,1133
29057.039725,2530749864,2530751005,16031,1141
29057.051757,2530758910,2530760045,16354,1135
29057.063777,2530767976,2530769099,16343,1123
29057.075799,2530777027,2530778141,16284,1114
29057.087824,2530786083,2530787226,16358,1143
29057.105860,2530799697,2530800831,16389,1134
29057.117879,2530808772,2530809909,16380,1137
29057.156952,2530838261,2530839406,16229,1145
29057.168980,2530847319,2530848432,16213,1113
29057.193017,2530865338,2530866463,16027,1125
29057.205049,2530874389,2530875527,16401,1138
29057.217067,2530883431,2530884557,16373,1126
29057.244120,2530903743,2530904867,16341,1124
29057.256140,2530912813,2530913940,16234,1127
29057.268167,2530921841,2530922976,16368,1135
29057.280187,2530930875,2530932007,16374,1132
29057.292206,2530939885,2530941021,16032,1136
29057.304238,2530948928,2530950051,16413,1123
29057.322274,2530962488,2530963616,16452,1128
29057.334291,2530971533,2530972664,16350,1131
29057.364343,2530994127,2530995262,15992,1135
29057.376372,2531003146,2531004279,16358,1133
29057.388393,2531012180,2531013317,16460,1137
29057.448510,2531057348,2531058486,16351,1138
29057.460531,2531066430,2531067568,16348,1138
29057.568736,2531147752,2531148889,16459,1137
29057.580757,2531156786,2531157919,16235,1133
29057.625840,2531190622,2531191758,16025,1136
29057.637870,2531199666,2531200793,16351,1127
29057.655908,2531213254,2531214387,16375,1133
29057.667926,2531222348,2531223483,16344,1135
29057.679943,2531231376,2531232500,16025,1124
29057.737058,2531274337,2531275470,16351,1133
29057.749078,2531283391,2531284524,16260,1133
29057.777140,2531306006,2531307141,16026,1135
29057.860286,2531367061,2531368191,16075,1130
29057.872315,2531376108,2531377241,16353,1133
29057.896363,2531394168,2531395292,16114,1124
29057.908384,2531403233,2531404373,16359,1140
29057.944453,2531430298,2531431432,16355,1134
29057.956474,2531439372,2531440499,16349,1127
29057.983525,2531459742,2531460865,16372,1123
29057.995551,2531468755,2531469890,16113,1135
29058.007578,2531477814,2531478927,16295,1113
29058.019593,2531486797,2531487940,16381,1143
29058.031612,2531495832,2531496963,16033,1131
29058.043641,2531504846,2531505974,16361,1128
29058.061677,2531518422,2531519539,16283,1117
29058.073698,2531527460,2531528600,16427,1140
29058.097748,2531545523,2531546656,16411,1133
29058.109765,2531554560,2531555688,16459,1128
29058.199939,2531622332,2531623464,16356,1132
29058.211955,2531631325,2531632455,16027,1130
29058.223984,2531640359,2531641488,16356,1129
29058.242020,2531653895,2531655007,16202,1112
29058.254038,2531662899,2531664034,16289,1135
29058.269070,2531674201,2531675339,16357,1138
29058.281092,2531683285,2531684423,16428,1138
29058.309152,2531705835,2531706960,16033,1125
29058.413345,2531782604,2531783746,16352,1142
29058.425365,2531791662,2531792795,16372,1133
29058.440400,2531802950,2531804073,16378,1123
29058.452418,2531811988,2531813125,16345,1137
29058.476464,2531830031,2531831160,16358,1129
29058.488486,2531839106,2531840239,16344,1133
29058.521550,2531863902,2531865035,16354,1133
29058.536572,2531875187,2531876314,16100,1127
29058.548606,2531884241,2531885369,16460,1128
29058.599695,2531922675,2531923807,16231,1132
29058.611721,2531931695,2531932828,16351,1133
29058.623742,2531940730,2531941863,16372,1133
29058.683859,2531985880,2531987016,16361,1136
29058.695882,2531994968,2531996096,16365,1128
29058.707898,2532003979,2532005109,16031,1130
29058.719927,2532012998,2532014130,16358,1132
29058.731948,2532022031,2532023159,16462,1128
29058.743969,2532031101,2532032239,16255,1138
29058.755996,2532040139,2532041277,16357,1138
29058.768017,2532049182,2532050311,16384,1129
29058.789060,2532064983,2532066109,16105,1126
29058.801082,2532074026,2532075164,16359,1138
29058.837150,2532101124,2532102247,16355,1123
29058.849172,2532110186,2532111304,16343,1118
29058.882238,2532135007,2532136119,16274,1112
29058.894261,2532144014,2532145147,16359,1133
29058.909288,2532155297,2532156435,16354,1138
29058.921308,2532164345,2532165478,16374,1133
29058.933327,2532173359,2532174492,16031,1133
29058.945361,2532182430,2532183568,16375,1138
29058.957376,2532191473,2532192606,16369,1133
29058.984428,2532211817,2532212960,16378,1143
29058.996450,2532220876,2532221982,16269,1106
29059.048562,2532261492,2532262621,15987,1129
29059.092636,2532293112,2532294250,16360,1138
29059.104653,2532302144,2532303274,16021,1130
29059.116682,2532311189,2532312329,16357,1140
29059.152751,2532338322,2532339454,16355,1132
29059.164772,2532347354,2532348487,16380,1133
29059.176790,2532356392,2532357522,15998,1130
29059.209858,2532381260,2532382393,16347,1133
29059.221879,2532390260,2532391389,16041,1129
29059.252944,2532415066,2532416190,16079,1124
29059.269976,2532426341,2532427474,16401,1133
29059.312051,2532457812,2532458941,16114,1129
29059.324076,2532466855,2532467984,16436,1129
29059.336093,2532475848,2532476978,16120,1130
29059.348115,2532484887,2532486012,16028,1125
29059.360148,2532493906,2532495039,16390,1133
29059.435278,2532550266,2532551396,16077,1130
29059.447308,2532559280,2532560407,16041,1127
29059.459336,2532568280,2532569412,16397,1132
29059.471343,2532577298,2532578428,16163,1130
29059.483383,2532586302,2532587431,16107,1129
29059.495402,2532595342,2532596480,16351,1138
29059.507411,2532604340,2532605480,16081,1140
29059.519444,2532613431,2532614560,16236,1129
29059.531473,2532622434,2532623562,16389,1128
29059.543493,2532631470,2532632603,16344,1133
29059.555513,2532640465,2532641589,16038,1124
29059.567541,2532649473,2532650585,16209,1112
29059.585576,2532662975,2532664108,16364,1133
29059.597583,2532672006,2532673136,16083,1130
29059.624635,2532692288,2532693423,16081,1135
29059.636663,2532701295,2532702423,16213,1128
29059.648696,2532710311,2532711439,16387,1128
29059.676750,2532732823,2532733943,16078,1120
29059.693782,2532744074,2532745212,16388,1138
29059.720833,2532764305,2532765432,16386,1127
29059.732848,2532773361,2532774494,16005,1133
29059.744874,2532782379,2532783504,16033,1125
29059.756903,2532791409,2532792536,16375,1127
29059.780949,2532809441,2532810571,16108,1130
29059.792968,2532818477,2532819610,16353,1133
29059.804977,2532827480,2532828605,16083,1125
29059.874127,2532879233,2532880344,16236,1111
29059.913183,2532908445,2532909575,16084,1130
29059.925217,2532917458,2532918582,16038,1124
29059.937246,2532926533,2532927671,16364,1138
29059.976303,2532955736,2532956866,16083,1130
29059.988333,2532964756,2532965892,15992,1136
29060.087526,2533039059,2533040184,16113,1125
29060.099553,2533048072,2533049203,16472,1131
29060.111560,2533057054,2533058178,16164,1124
29060.123594,2533066038,2533067168,16116,1130
29060.141628,2533079524,2533080630,16233,1106
29060.153654,2533088525,2533089658,16348,1133
29060.195732,2533119996,2533121125,16038,1129
29060.207759,2533129032,2533130160,16397,1128
29060.219780,2533138052,2533139181,16362,1129
29060.237802,2533151571,2533152706,16162,1135
29060.249834,2533160581,2533161716,16035,1135
29060.297931,2533196557,2533197684,16474,1127
29060.309939,2533205535,2533206662,16085,1127
29060.327980,2533219076,2533220203,16041,1127
29060.340005,2533228075,2533229181,16238,1106
29060.352036,2533237103,2533238235,16401,1132
29060.364041,2533246094,2533247219,16085,1125
29060.376081,2533255094,2533256230,16110,1136
29060.388102,2533264129,2533265258,16387,1129
29060.400123,2533273150,2533274288,16357,1138
29060.413142,2533284457,2533285584,16389,1127
29060.433190,2533298003,2533299142,16404,1139
29060.445195,2533307009,2533308140,16082,1131
29060.457225,2533316022,2533317157,16030,1135
29060.469257,2533325015,2533326143,16388,1128
29060.481264,2533333998,2533335118,16081,1120
29060.517332,2533361019,2533362155,16080,1136
29060.529361,2533370028,2533371166,16213,1138
29060.553401,2533388020,2533389155,16085,1135
29060.565435,2533397058,2533398190,16044,1132
29060.583468,2533410561,2533411697,16037,1136
29060.595497,2533419585,2533420713,16391,1128
29060.613531,2533433062,2533434190,16385,1128
29060.625547,2533442046,2533443171,16039,1125
29060.712720,2533507342,2533508480,16389,1138
29060.724734,2533516344,2533517469,16045,1125
29060.760799,2533543380,2533544509,16165,1129
29060.772835,2533552394,2533553521,16112,1127
29060.808898,2533579391,2533580516,16045,1125
29060.820927,2533588398,2533589512,16231,1114
29060.832934,2533597399,2533598526,16081,1127
29060.878019,2533631258,2533632389,16080,1131
29060.890049,2533640275,2533641413,16221,1138
29060.902080,2533649290,2533650423,16378,1133
29060.932123,2533671836,2533672970,16075,1134
29060.944154,2533680846,2533681976,16035,1130
29060.956183,2533689844,2533690977,16387,1133
29060.968190,2533698831,2533699961,16081,1130
29060.986238,2533712393,2533713526,16364,1133
29060.998258,2533721385,2533722517,16124,1132
29061.010286,2533730397,2533731526,16472,1129
29061.022302,2533736593,2533737218,13640,625
29061.036332,2533742106,2533742709,12095,603
29061.049351,2533748173,2533749304,16015,1131
29061.068401,2533763961,2533765093,16313,1132
29061.097449,2533784283,2533785394,16147,1111
29061.109473,2533793297,2533794435,16365,1138
29061.121488,2533802310,2533803440,16018,1130
29061.133517,2533811352,2533812469,16146,1117
29061.145541,2533820398,2533821535,16365,1137
29061.160572,2533831705,2533832843,16348,1138
29061.172593,2533840749,2533841872,16384,1123
29061.186119,2533851123,2533852256,16364,1133
29061.198137,2533860165,2533861296,16266,1131
29061.225185,2533880498,2533881624,16091,1126
29061.237215,2533889528,2533890646,16236,1118
29061.249238,2533898543,2533899677,16371,1134
29061.279289,2533921104,2533922233,16018,1129
29061.291320,2533930134,2533931267,16434,1133
29061.303341,2533939183,2533940314,16448,1131
29061.321375,2533952732,2533953864,16383,1132
29061.333391,2533961758,2533962892,16101,1134
29061.348427,2533973078,2533974213,16372,1135
29061.360443,2533982106,2533983233,16024,1127
29061.381492,2533997912,2533999040,16357,1128
29061.393515,2534007029,2534008161,16375,1132
29061.405528,2534016058,2534017185,16001,1127
29061.471665,2534065771,2534066904,16350,1133
29061.483686,2534074818,2534075950,16382,1132
29061.495703,2534083860,2534084993,16166,1133
29061.513735,2534097433,2534098558,16078,1125
29061.525768,2534106446,2534107584,16434,1138
29061.536280,2534112994,2534113887,15224,893
29061.572346,2534139782,2534140904,16007,1122
29061.584379,2534148828,2534149956,16340,1128
29061.596400,2534158103,2534159236,16364,1133
29061.608414,2534167161,2534168291,16094,1130
29061.624457,2534180825,2534181966,16017,1141
29061.644483,2534194493,2534195635,16017,1142
29061.656515,2534203582,2534204716,16346,1134
29061.671534,2534214946,2534216080,16016,1134
29061.683566,2534224045,2534225183,16349,1138
29061.695587,2534233112,2534234250,16365,1138
29061.713622,2534246705,2534247831,16371,1126
29061.725637,2534255740,2534256871,16020,1131
29061.737669,2534264769,2534265903,16355,1134
29061.752689,2534276071,2534277211,16090,1140
29061.767725,2534287385,2534288518,16380,1133
29061.779740,2534296438,2534297560,16018,1122
29061.791773,2534305471,2534306604,16353,1133
29061.803793,2534314553,2534315691,16449,1138
29061.815808,2534323611,2534324747,16092,1136
29061.827840,2534332654,2534333781,16430,1127
29061.839861,2534341684,2534342819,16449,1135
29061.851877,2534350712,2534351847,16090,1135
29061.863909,2534359764,2534360892,16431,1128
29061.875930,2534368815,2534369939,16368,1124
29061.888961,2534380104,2534381231,16343,1127
29061.900976,2534389177,2534390315,16451,1138
29061.918012,2534400511,2534401657,16363,1146
29061.930033,2534409582,2534410705,16366,1123
29061.942054,2534418621,2534419761,16298,1140
29061.954081,2534427680,2534428818,16354,1138
29061.984136,2534450297,2534451430,16365,1133
29062.002170,2534463836,2534464969,16368,1133
29062.017202,2534475195,2534476324,16319,1129
29062.029223,2534484230,2534485363,16381,1133
29062.041238,2534493229,2534494364,16002,1135
29062.053271,2534502287,2534503420,16350,1133
29062.065291,2534511310,2534512448,16394,1138
29062.077306,2534520350,2534521475,16004,1125
29062.089340,2534529378,2534530515,16355,1137
29062.107374,2534542936,2534544063,16437,1127
29062.119394,2534552001,2534553139,16460,1138
29062.131409,2534561032,2534562172,16004,1140
29062.143443,2534570055,2534571189,16344,1134
29062.155463,2534579111,2534580244,16380,1133
29062.167478,2534588129,2534589256,16081,1127
29062.185512,2534601680,2534602805,16078,1125
29062.197545,2534610716,2534611853,16391,1137
29062.209566,2534619772,2534620898,16379,1126
29062.221582,2534628912,2534630042,16000,1130
29062.236618,2534640211,2534641349,16384,1138
29062.248632,2534649257,2534650388,16081,1131
29062.260665,2534658294,2534659427,16353,1133
29062.275686,2534669616,2534670748,16247,1132
29062.287717,2534678662,2534679795,16351,1133
29062.299737,2534687707,2534688844,16379,1137
29062.311752,2534696727,2534697863,16001,1136
29062.323786,2534705771,2534706909,16346,1138
29062.335806,2534714827,2534715960,16377,1133
29062.347821,2534723871,2534725011,16003,1140
29062.359854,2534732925,2534734057,16348,1132
29062.371875,2534741976,2534743114,16383,1138
29062.383892,2534751052,2534752175,16252,1123
29062.395921,2534760090,2534761203,16151,1113
29062.413957,2534773607,2534774734,16435,1127
29062.425978,2534782671,2534783814,16378,1143
29062.437992,2534791708,2534792838,16000,1130
29062.474061,2534818826,2534819956,16005,1130
29062.486093,2534827879,2534829013,16320,1134
29062.513146,2534848250,2534849387,16355,1137
29062.525166,2534857298,2534858427,16383,1129
29062.600303,2534913786,2534914924,16250,1138
29062.612334,2534922856,2534923989,16329,1133
29062.624355,2534931926,2534933069,16447,1143
29062.636374,2534941006,2534942134,16349,1128
29062.660422,2534959083,2534960210,16379,1127
29062.672438,2534968112,2534969244,16016,1132
29062.696492,2534986237,2534987377,16437,1140
29062.708507,2534995258,2534996385,15998,1127
29062.729557,2535011055,2535012191,16351,1136
29062.741580,2535020089,2535021218,16378,1129
29062.753593,2535029121,2535030257,16002,1136
29062.765626,2535038158,2535039296,16349,1138
29062.777646,2535047223,2535048361,16378,1138
29062.801694,2535065255,2535066388,16351,1133
29062.813715,2535074302,2535075433,16377,1131
29062.825729,2535083332,2535084462,15999,1130
29062.837762,2535092393,2535093536,16358,1143
29062.849782,2535101456,2535102587,16368,1131
29062.873830,2535119536,2535120679,16352,1143
29062.885851,2535128616,2535129749,16451,1133
29062.897866,2535137626,2535138761,16014,1135
29062.909898,2535146682,2535147820,16348,1138
29062.921919,2535155737,2535156875,16368,1138
29062.945967,2535173806,2535174947,16428,1141
29062.957988,2535182860,2535183993,16463,1133
29062.970004,2535191906,2535193044,16097,1138
29062.982036,2535200952,2535202090,16433,1138
29062.994057,2535209989,2535211138,16446,1149
29063.033126,2535239385,2535240518,16248,1133
29063.045157,2535248437,2535249565,16349,1128
29063.057180,2535257541,2535258686,16391,1145
29063.069193,2535266600,2535267732,16003,1132
29063.081223,2535275644,2535276757,16142,1113
29063.093247,2535284671,2535285809,16376,1138
29063.108277,2535295960,2535297096,16349,1136
29063.153362,2535329884,2535331022,16314,1138
29063.165384,2535338940,2535340066,16379,1126
29063.225500,2535384093,2535385231,16433,1138
29063.237521,2535393136,2535394274,16470,1138
29063.249537,2535402319,2535403446,16001,1127
29063.261568,2535411393,2535412521,16319,1128
29063.345727,2535474693,2535475828,16464,1135
29063.357741,2535483703,2535484839,16076,1136
29063.369775,2535492770,2535493899,16318,1129
29063.381795,2535501801,2535502934,16378,1133
29063.393810,2535510816,2535511952,16001,1136
29063.405843,2535519865,2535521003,16344,1138
29063.444915,2535549260,2535550393,16376,1133
29063.456930,2535558298,2535559434,16015,1136
29063.471965,2535569627,2535570760,16372,1133
29063.483981,2535578655,2535579791,16016,1136
29063.496013,2535587699,2535588826,16347,1127
29063.517051,2535603519,2535604652,16359,1133
29063.529066,2535612549,2535613677,16014,1128
29063.568150,2535641935,2535643073,16344,1138
29063.580172,2535651008,2535652143,16340,1135
29063.592187,2535660033,2535661168,16005,1135
29063.604218,2535669075,2535670189,16152,1114
29063.625258,2535684888,2535686031,16374,1143
29063.637273,2535693909,2535695044,16004,1135
29063.652310,2535705221,2535706359,16396,1138
29063.667340,2535716501,2535717634,16341,1133
29063.679361,2535725601,2535726726,16382,1125
29063.691378,2535734662,2535735795,16253,1133
29063.703409,2535743686,2535744824,16350,1138
29063.715430,2535752741,2535753870,16380,1129
29063.727444,2535761775,2535762900,16007,1125
29063.745478,2535775350,2535776489,15996,1139
29063.757512,2535784400,2535785532,16349,1132
29063.784564,2535804747,2535805885,16349,1138
29063.796584,2535813810,2535814947,16381,1137
29063.808599,2535822863,2535823998,16006,1135
29063.820632,2535831915,2535833048,16346,1133
29063.835650,2535843212,2535844342,16003,1130
29063.856701,2535859020,2535860158,16351,1138
29063.868721,2535868128,2535869266,16381,1138
29063.880736,2535877153,2535878295,16004,1142
29063.892769,2535886227,2535887365,16344,1138
29063.904790,2535895265,2535896398,16381,1133
29063.925821,2535911046,2535912177,16002,1131
29063.937855,2535920083,2535921211,16360,1128
29063.976927,2535949470,2535950599,16387,1129
29063.988941,2535958484,2535959619,16002,1135
29064.000975,2535967541,2535968670,16439,1129
29064.046060,2536001460,2536002595,16350,1135
29064.058082,2536010506,2536011629,16384,1123
29064.082129,2536028593,2536029731,16428,1138
29064.094150,2536037644,2536038767,16385,1123
29064.166286,2536091876,2536093004,16400,1128
29064.181318,2536103161,2536104299,16343,1138
29064.193338,2536112228,2536113366,16377,1138
29064.236418,2536146151,2536147288,16383,1137
29064.268473,2536168791,2536169934,16001,1143
29064.280508,2536177885,2536179023,16433,1138
29064.295525,2536189197,2536190325,16003,1128
29064.307558,2536198275,2536199408,16318,1133
29064.319579,2536207317,2536208455,16383,1138
29064.337613,2536220868,2536222006,16377,1138
29064.349630,2536229925,2536231063,16249,1138
29064.361661,2536238957,2536240094,16344,1137
29064.373681,2536247980,2536249118,16383,1138
29064.391716,2536261528,2536262659,16377,1131
29064.403730,2536270562,2536271689,16005,1127
29064.415766,2536279590,2536280723,16432,1133
29064.427784,2536288631,2536289758,16378,1127
29064.445819,2536302191,2536303322,16396,1131
29064.457833,2536311228,2536312363,16005,1135
29064.481888,2536329319,2536330451,16379,1132
29064.493904,2536338357,2536339482,16012,1125
29064.512951,2536354173,2536355311,16349,1138
29064.535989,2536370006,2536371139,16362,1133
29064.548005,2536379026,2536380152,16016,1126
29064.566041,2536392591,2536393720,16263,1129
29064.578071,2536401639,2536402775,16348,1136
29064.617144,2536431075,2536432208,16372,1133
29064.629159,2536440110,2536441244,16092,1134
29064.645205,2536453667,2536454810,16013,1143
29064.681273,2536480814,2536481949,16088,1135
29064.698301,2536492204,2536493337,16381,1133
29064.713330,2536503482,2536504621,16346,1139
29064.725352,2536512542,2536513685,16381,1143
29064.743385,2536526118,2536527251,16478,1133
29064.755399,2536535140,2536536271,16002,1131
29064.767432,2536544193,2536545327,16345,1134
29064.779453,2536553245,2536554382,16382,1137
29064.791468,2536562280,2536563401,16002,1121
29064.803501,2536571333,2536572462,16323,1129
29064.821535,2536584913,2536586051,16392,1138
29064.833558,2536593953,2536595076,16467,1123
29064.881639,2536630082,2536631203,16079,1121
29064.893672,2536639126,2536640259,16324,1133
29064.905693,2536648222,2536649354,16379,1132
29064.917710,2536657237,2536658370,16250,1133
29064.932745,2536668543,2536669681,16466,1138
29064.944759,2536677596,2536678730,16079,1134
29064.956793,2536686642,2536687775,16344,1133
29064.968814,2536695674,2536696807,16292,1133
29064.983844,2536706931,2536708064,16346,1133
29065.001878,2536720472,2536721604,16346,1132
29065.013899,2536729505,2536730634,16381,1129
29065.025914,2536738521,2536739651,16008,1130
29065.040951,2536749848,2536750981,16392,1133
29065.052965,2536758890,2536760025,16004,1135
29065.098053,2536792819,2536793946,16335,1127
29065.110083,2536801863,2536802985,16352,1122
29065.141147,2536826702,2536827832,16017,1130
29065.212276,2536878726,2536879860,16374,1134
29065.224291,2536887775,2536888902,16016,1127
29065.236322,2536896948,2536898079,16187,1131
29065.257361,2536912730,2536913872,16375,1142
29065.269369,2536921720,2536922855,16084,1135
29065.305439,2536948742,2536949872,16081,1130
29065.317469,2536957775,2536958896,16111,1121
29065.347534,2536980285,2536981408,16470,1123
29065.359540,2536989309,2536990439,16157,1130
29065.371571,2536998334,2536999458,16111,1124
29065.383603,2537007334,2537008472,16475,1138
29065.401637,2537020826,2537021964,16389,1138
29065.413644,2537029828,2537030952,16084,1124
29065.452729,2537059077,2537060203,16037,1126
29065.464757,2537068079,2537069217,16467,1138
29065.515845,2537106364,2537107494,16032,1130
29065.527874,2537115435,2537116570,16353,1135
29065.552927,2537135702,2537136834,16343,1132
29065.624055,2537187484,2537188605,16050,1121
29065.657107,2537212255,2537213385,16082,1130
29065.669141,2537221241,2537222371,16036,1130
29065.720226,2537259531,2537260666,16079,1135
29065.732267,2537268543,2537269673,16109,1130
29065.744289,2537277532,2537278670,16389,1138
29065.760327,2537291036,2537292173,16387,1137
29065.864501,2537367679,2537368814,16083,1135
29065.876534,2537376692,2537377815,16318,1123
29065.888564,2537385720,2537386858,16409,1138
29065.924632,2537412695,2537413828,16391,1133
29065.936638,2537421743,2537422870,16162,1127
29065.972707,2537448707,2537449837,16083,1130
29065.984739,2537457759,2537458890,16250,1131
29065.996769,2537466774,2537467902,16471,1128
29066.023820,2537487050,2537488188,16387,1138
29066.035827,2537496057,2537497187,16081,1130
29066.047859,2537505063,2537506187,16239,1124
29066.059888,2537514096,2537515213,16203,1117
29066.071908,2537523094,2537524227,16344,1133
29066.095958,2537541097,2537542230,16382,1133
29066.107964,2537550084,2537551214,16082,1130
29066.119997,2537559073,2537560179,16240,1106
29066.132026,2537568043,2537569176,16372,1133
29066.144034,2537577069,2537578193,16084,1124
29066.156063,2537586082,2537587209,16037,1127
29066.168096,2537595125,2537596257,16376,1132
29066.180109,2537604119,2537605249,16040,1130
29066.198135,2537617624,2537618756,16079,1132
29066.210170,2537626613,2537627741,16037,1128
29066.300341,2537694113,2537695243,16042,1130
29066.312371,2537703107,2537704220,16241,1113
29066.336409,2537721113,2537722243,16119,1130
29066.348434,2537730156,2537731294,16346,1138
29066.360444,2537739137,2537740269,16078,1132
29066.375489,2537750418,2537751546,16383,1128
29066.387497,2537759439,2537760569,16084,1130
29066.399526,2537768456,2537769591,16032,1135
29066.411558,2537777477,2537778606,16391,1129
29066.432582,2537793208,2537794332,16085,1124
29066.444615,2537802205,2537803335,16119,1130
29066.504718,2537847308,2537848439,16082,1131
29066.516752,2537856308,2537857417,16271,1109
29066.537798,2537872073,2537873205,16388,1132
29066.549806,2537881079,2537882214,16160,1135
29066.567838,2537894556,2537895681,16159,1125
29066.579867,2537903537,2537904666,16296,1129
29066.591901,2537912566,2537913694,16391,1128
29066.603907,2537921557,2537922692,16085,1135
29066.615941,2537930559,2537931684,16041,1125
29066.627969,2537939564,2537940696,16449,1132
29066.639977,2537948593,2537949723,16083,1130
29066.652010,2537957593,2537958702,16244,1109
29066.670043,2537971074,2537972183,16313,1109
29066.682072,2537980139,2537981279,16329,1140
29066.733161,2538018786,2538019922,15999,1136
29066.745194,2538027865,2538029003,16430,1138
29066.761219,2538041489,2538042634,16386,1145
29066.793267,2538064041,2538065169,16081,1128
29066.805297,2538073066,2538074202,16034,1136
29066.835364,2538095580,2538096718,16387,1138
29066.847370,2538104597,2538105724,16082,1127
29066.859404,2538113587,2538114721,16120,1134
29066.871433,2538122634,2538123765,16459,1131
29066.883440,2538131652,2538132777,16158,1125
29066.895473,2538140629,2538141753,16114,1124
29066.919508,2538158612,2538159739,16084,1127
29066.931541,2538167581,2538168711,16041,1130
29066.943571,2538176573,2538177683,16318,1110
29066.955590,2538185608,2538186736,16357,1128
29066.967610,2538194591,2538195721,16041,1130
29066.979639,2538203632,2538204765,16405,1133
29067.051776,2538257566,2538258693,16397,1127
29067.063782,2538266584,2538267709,16159,1125
29067.075810,2538275585,2538276716,16220,1131
29067.087844,2538284587,2538285720,16395,1133
29067.099851,2538293572,2538294707,16083,1135
29067.111881,2538302586,2538303729,15997,1143
29067.123912,2538311637,2538312774,16454,1137
29067.135919,2538320632,2538321759,16164,1127
29067.147953,2538329646,2538330771,16117,1125
29067.159983,2538338686,2538339822,16416,1136
29067.171999,2538347727,2538348865,16265,1138
29067.184021,2538356739,2538357866,16115,1127
29067.196050,2538365731,2538366869,16470,1138
29067.217073,2538381488,2538382620,16156,1132
29067.229107,2538390465,2538391600,16115,1135
29067.241135,2538399468,2538400592,16392,1124
29067.253142,2538408459,2538409590,16081,1131
29067.274188,2538424247,2538425356,16042,1109
29067.286218,2538433269,2538434407,16435,1138
29067.361348,2538489551,2538490677,16078,1126
29067.373380,2538498625,2538499753,16240,1128
29067.385412,2538507656,2538508789,16473,1133
29067.397416,2538516634,2538517761,16076,1127
29067.463552,2538566107,2538567235,16232,1128
29067.475580,2538575140,2538576247,16206,1107
29067.487588,2538584097,2538585228,16083,1131
29067.499621,2538593084,2538594206,16042,1122
29067.517663,2538606583,2538607689,16313,1106
29067.529684,2538615563,2538616696,16388,1133
29067.568750,2538644791,2538645912,16006,1121
29067.580776,2538653800,2538654930,16114,1130
29067.625858,2538687567,2538688696,15999,1129
29067.640880,2538698811,2538699936,16083,1125
29067.652913,2538707797,2538708933,16040,1136
29067.688982,2538734804,2538735936,16036,1132
29067.701009,2538743825,2538744963,16385,1138
29067.776138,2538800108,2538801247,16160,1139
29067.788169,2538809150,2538810273,16320,1123
29067.800196,2538818190,2538819319,16363,1129
29067.812205,2538827195,2538828325,16080,1130
29067.833256,2538842925,2538844054,16031,1129
29067.845284,2538851972,2538853110,16387,1138
29067.875338,2538874513,2538875649,16347,1136
29067.893359,2538888022,2538889153,16076,1131
29067.905393,2538897026,2538898158,16039,1132
29067.917421,2538906018,2538907151,16364,1133
29067.977530,2538950979,2538952113,16034,1134
29067.989556,2538960021,2538961155,16437,1134
29068.040643,2538998271,2538999396,15965,1125
29068.052679,2539007277,2539008415,16395,1138
29068.064693,2539016272,2539017397,16036,1125
29068.076719,2539025280,2539026410,16115,1130
29068.097765,2539041029,2539042158,16391,1129
29068.109771,2539050025,2539051165,16083,1140
29068.184925,2539106258,2539107393,16041,1135
29068.196950,2539115312,2539116444,16348,1132
29068.237033,2539146851,2539147989,16215,1138
29068.302148,2539194095,2539195227,16043,1132
29068.314175,2539203112,2539204238,16448,1126
29068.377296,2539250322,2539251451,16469,1129
29068.389303,2539259309,2539260434,16087,1125
29068.401336,2539268324,2539269450,16037,1126
29068.413366,2539277330,2539278473,16277,1143
29068.425371,2539286339,2539287466,16079,1127
29068.437405,2539295341,2539296471,16044,1130
29068.488491,2539333599,2539334730,16080,1131
29068.500521,2539342625,2539343755,16035,1130
29068.512553,2539351643,2539352776,16358,1133
29068.596711,2539414679,2539415817,16363,1138
29068.611741,2539425946,2539427079,16447,1133
29068.623761,2539435167,2539436295,16345,1128
29068.635783,2539444143,2539445274,16039,1131
29068.647810,2539453158,2539454286,16390,1128
29068.659824,2539462152,2539463282,16004,1130
29068.671851,2539471175,2539472302,16034,1127
29068.725954,2539511674,2539512803,16036,1129
29068.737979,2539520708,2539521841,16349,1133
29068.816125,2539579169,2539580300,16071,1131
29068.828150,2539588221,2539589359,16351,1138
29068.840162,2539597257,2539598378,16082,1121
29068.852194,2539606244,2539607374,16036,1130
29068.864223,2539615279,2539616417,16405,1138
29068.876229,2539624259,2539625384,16088,1125
29068.903280,2539644528,2539645664,16078,1136
29068.915314,2539653521,2539654656,16043,1135
29068.927342,2539662545,2539663673,16384,1128
29068.939348,2539671534,2539672664,16085,1130
29068.951379,2539680564,2539681690,16036,1126
29068.963412,2539689608,2539690741,16403,1133
29068.975418,2539698600,2539699729,16173,1129
29068.987451,2539707602,2539708737,16118,1135
29068.999479,2539716595,2539717723,16471,1128
29069.020503,2539732318,2539733454,16161,1136
29069.032537,2539741327,2539742462,16118,1135
29069.053582,2539757102,2539758231,16471,1129
29069.065601,2539766167,2539767296,16348,1129
29069.155767,2539833664,2539834789,16034,1125
29069.167790,2539842715,2539843845,16112,1130
29069.179822,2539851736,2539852859,16474,1123
29069.191829,2539860689,2539861822,16084,1133
29069.203869,2539869680,2539870815,16115,1135
29069.215891,2539878668,2539879801,16398,1133
29069.227911,2539887653,2539888791,16363,1138
29069.239931,2539896757,2539897873,16039,1116
29069.251959,2539905760,2539906893,16381,1133
29069.269994,2539919283,2539920410,16394,1127
29069.282002,2539928327,2539929453,16079,1126
29069.294030,2539937313,2539938443,16113,1130
29069.372172,2539995760,2539996885,16158,1125
29069.384202,2540004774,2540005904,16035,1130
29069.396232,2540013811,2540014945,16382,1134
29069.408240,2540022809,2540023934,16158,1125
29069.429287,2540038562,2540039689,16042,1127
29069.441316,2540047588,2540048730,16428,1142
29069.477387,2540074654,2540075787,16457,1133
29069.489394,2540083680,2540084810,16160,1130
29069.513455,2540101678,2540102811,16369,1133
29069.525465,2540110693,2540111822,16085,1129
29069.579566,2540151178,2540152308,16078,1130
29069.591596,2540160198,2540161337,16036,1139
29069.603627,2540169229,2540170362,16365,1133
29069.636686,2540193924,2540195049,16056,1125
29069.648710,2540202958,2540204087,16344,1129
29069.681772,2540227727,2540228856,16049,1129
29069.693798,2540236728,2540237866,16370,1138
29069.783972,2540304260,2540305393,16473,1133
29069.795978,2540313283,2540314408,16159,1125
29069.808011,2540322284,2540323418,16041,1134
29069.820041,2540331282,2540332394,16233,1112
29069.832047,2540340262,2540341386,16077,1124
29069.844080,2540349246,2540350376,16040,1130
29069.862114,2540362788,2540363913,16035,1125
29069.874142,2540371768,2540372898,16474,1130
29069.898190,2540389762,2540390892,16193,1130
29069.910212,2540398828,2540399966,16374,1138
29069.985339,2540455099,2540456229,16160,1130
29069.997379,2540464091,2540465216,16194,1125
29070.024423,2540484372,2540485496,16040,1124
29070.036451,2540493360,2540494493,16393,1133
29070.048465,2540502344,2540503468,16033,1124
29070.060492,2540511371,2540512506,16036,1135
29070.072520,2540520365,2540521493,16473,1128
29070.105578,2540545102,2540546227,16113,1125
29070.117603,2540554141,2540555279,16361,1138
29070.168697,2540592389,2540593514,16041,1125
29070.180727,2540601395,2540602511,16230,1116
29070.192732,2540610368,2540611493,16086,1125
29070.207777,2540621623,2540622755,16394,1132
29070.219784,2540630635,2540631765,16078,1130
29070.231817,2540639628,2540640758,16036,1130
29070.242350,2540645100,2540645875,14549,775
29070.252332,2540650043,2540650642,11956,599
29070.328004,2540700372,2540701509,16356,1137
29070.340020,2540709410,2540710543,16017,1133
29070.352050,2540718467,2540719605,16319,1138
29070.370086,2540732041,2540733179,16343,1138
29070.382107,2540741078,2540742215,16364,1137
29070.409158,2540761441,2540762574,16371,1133
29070.424187,2540772742,2540773858,16148,1116
29070.436210,2540781780,2540782918,16373,1138
29070.448227,2540790817,2540791945,16326,1128
29070.460257,2540799849,2540800982,16433,1133
29070.472278,2540808943,2540810071,16366,1128
29070.484297,2540817989,2540819122,16270,1133
29070.496326,2540827033,2540828166,16312,1133
29070.508347,2540836063,2540837202,16371,1139
29070.520362,2540845144,2540846275,16013,1131
29070.535398,2540856442,2540857571,16361,1129
29070.571467,2540883573,2540884710,16364,1137
29070.583482,2540892598,2540893728,16017,1130
29070.595515,2540901610,2540902744,16318,1134
29070.607536,2540910647,2540911779,16374,1132
29070.625570,2540924207,2540925350,16361,1143
29070.637585,2540933251,2540934386,16014,1135
29070.664637,2540953603,2540954738,16013,1135
29070.676670,2540962653,2540963791,16350,1138
29070.688691,2540971722,2540972853,16437,1131
29070.748805,2541016866,2541018004,16314,1138
29070.760828,2541024151,2541025280,16380,1129
29070.787880,2541044426,2541045558,16463,1132
29070.799894,2541053454,2541054579,15998,1125
29070.811927,2541062502,2541063630,16349,1128
29070.823949,2541071570,2541072707,16382,1137
29070.835963,2541080610,2541081737,16004,1127
29070.847994,2541089675,2541090808,16226,1133
29070.860017,2541098704,2541099837,16381,1133
29070.872034,2541107756,2541108889,16250,1133
29070.884063,2541116830,2541117968,16227,1138
29070.896084,2541125883,2541127021,16369,1138
29070.908100,2541134923,2541136060,16013,1137
29070.920132,2541143963,2541145106,16345,1143
29070.932153,2541153054,2541154186,16453,1132
29070.944171,2541162094,2541163232,16252,1138
29070.956199,2541171155,2541172286,16316,1131
29070.968221,2541180213,2541181350,16367,1137
29070.980238,2541189243,2541190368,16019,1125
29071.008327,2541211824,2541212962,16344,1138
29071.020328,2541220926,2541222063,16368,1137
29071.043360,2541236757,2541237895,16244,1138
29071.055390,2541245833,2541246945,16175,1112
29071.067410,2541254852,2541255980,16373,1128
29071.080938,2541265332,2541266461,16297,1129
29071.092954,2541274351,2541275494,16242,1143
29071.104981,2541283451,2541284569,16318,1118
29071.126022,2541299286,2541300415,16372,1129
29071.138043,2541308329,2541309454,16089,1125
29071.156072,2541321878,2541323012,16020,1134
29071.168105,2541330944,2541332077,16225,1133
29071.180126,2541339991,2541341129,16387,1138
29071.192142,2541349041,2541350169,16230,1128
29071.204174,2541358089,2541359222,16349,1133
29071.228212,2541376214,2541377347,16254,1133
29071.240242,2541385264,2541386401,16315,1137
29071.252263,2541394309,2541395440,16385,1131
29071.264278,2541403349,2541404480,16003,1131
29071.276311,2541412389,2541413521,16348,1132
29071.288334,2541421516,2541422643,16231,1127
29071.303362,2541432848,2541433981,16347,1133
29071.315383,2541441863,2541442996,16384,1133
29071.327400,2541450905,2541452043,16250,1138
29071.369486,2541482643,2541483781,16381,1138
29071.381503,2541491678,2541492802,16253,1124
29071.405555,2541509774,2541510904,16385,1130
29071.417569,2541518799,2541519929,16004,1130
29071.432606,2541530117,2541531246,16469,1129
29071.444623,2541539172,2541540302,16255,1130
29071.456654,2541548239,2541549371,16315,1132
29071.471675,2541559526,2541560649,16255,1123
29071.483705,2541568549,2541569677,16346,1128
29071.532801,2541607108,2541608241,16306,1133
29071.561846,2541627509,2541628642,16269,1133
29071.573875,2541636556,2541637694,16316,1138
29071.585898,2541645618,2541646756,16322,1138
29071.597916,2541654698,2541655827,16246,1129
29071.624966,2541675107,2541676240,16246,1133
29071.636996,2541684171,2541685309,16318,1138
29071.688086,2541722730,2541723863,16246,1133
29071.700116,2541732083,2541733226,16315,1143
29071.712139,2541741226,2541742363,16404,1137
29071.724155,2541750356,2541751493,16341,1137
29071.736184,2541759473,2541760620,16408,1147
29071.748208,2541768585,2541769722,16405,1137
29071.766242,2541782268,2541783402,16478,1134
29071.778257,2541791346,2541792475,16319,1129
29071.796292,2541804929,2541806067,16328,1138
29071.808322,2541814007,2541815145,16320,1138
29071.835373,2541834427,2541835565,16404,1138
29071.847397,2541843484,2541844613,16408,1129
29071.859412,2541852567,2541853698,16242,1131
29071.871441,2541861653,2541862791,16302,1138
29071.883464,2541870726,2541871863,16323,1137
29071.895481,2541879798,2541880926,16249,1128
29071.907511,2541888850,2541889988,16317,1138
29071.919532,2541897925,2541899053,16390,1128
29071.931555,2541906981,2541908114,16316,1133
29071.943578,2541916044,2541917172,16317,1128
29071.955602,2541925087,2541926222,16404,1135
29071.967618,2541934163,2541935295,16241,1132
29071.979646,2541943226,2541944364,16317,1138
29072.003686,2541961354,2541962477,16252,1123
29072.015716,2541970407,2541971535,16312,1128
29072.027738,2541979477,2541980606,16471,1129
29072.039755,2541988542,2541989673,16321,1131
29072.051784,2541997610,2541998739,16399,1129
29072.063809,2542006693,2542007831,16495,1138
29072.075824,2542015792,2542016921,16239,1129
29072.087854,2542024851,2542025994,16317,1143
29072.099875,2542033924,2542035051,16367,1127
29072.111891,2542042991,2542044123,16259,1132
29072.123923,2542052088,2542053228,16314,1140
29072.135944,2542061178,2542062302,16476,1124
29072.147960,2542070243,2542071372,16335,1129
29072.159988,2542079320,2542080453,16406,1133
29072.172012,2542088395,2542089530,16393,1135
29072.184032,2542097479,2542098624,16297,1145
29072.196058,2542106569,2542107697,16326,1128
29072.208080,2542115642,2542116775,16376,1133
29072.220097,2542124704,2542125827,16353,1123
29072.238132,2542138290,2542139422,16246,1132
29072.250159,2542147357,2542148495,16400,1138
29072.265184,2542158713,2542159846,16257,1133
29072.277211,2542167801,2542168939,16325,1138
29072.301252,2542185968,2542187105,16348,1137
29072.313282,2542195041,2542196179,16314,1138
29072.331316,2542208651,2542209780,16319,1129
29072.343340,2542217740,2542218878,16405,1138
29072.361374,2542231343,2542232476,16406,1133
29072.373389,2542240416,2542241555,16235,1139
29072.424493,2542279009,2542280140,16384,1131
29072.436509,2542288088,2542289210,16234,1122
29072.448538,2542297135,2542298267,16397,1132
29072.460563,2542306187,2542307325,16405,1138
29072.487613,2542326601,2542327733,16387,1132
29072.499629,2542335673,2542336796,16252,1123
29072.511661,2542344744,2542345882,16317,1138
29072.523681,2542353813,2542354940,16387,1127
29072.535699,2542362878,2542364011,16243,1133
29072.547727,2542371947,2542373085,16314,1138
29072.559752,2542381035,2542382169,16492,1134
29072.571767,2542390119,2542391253,16235,1134
29072.583797,2542399199,2542400332,16313,1133
29072.595819,2542408282,2542409415,16385,1133
29072.607835,2542417327,2542418465,16250,1138
29072.619865,2542426401,2542427534,16319,1133
29072.640906,2542442273,2542443411,16405,1138
29072.652921,2542451344,2542452472,16238,1128
29072.664950,2542460423,2542461551,16322,1128
29072.676973,2542469489,2542470627,16326,1138
29072.692003,2542480840,2542481973,16395,1133
29072.713042,2542496712,2542497841,16387,1129
29072.725064,2542505797,2542506930,16312,1133
29072.737088,2542514863,2542515996,16327,1133
29072.806213,2542566982,2542568112,16248,1130
29072.818243,2542576056,2542577194,16318,1138
29072.848300,2542598714,2542599860,16401,1146
29072.860315,2542607812,2542608945,16236,1133
29072.872345,2542616880,2542618017,16324,1137
29072.884367,2542625962,2542627094,16397,1132
29072.905401,2542641878,2542643006,16253,1128
29072.917432,2542650944,2542652077,16322,1133
29072.935465,2542664568,2542665697,16326,1129
29072.947489,2542673632,2542674764,16408,1132
29072.959504,2542682704,2542683842,16241,1138
29072.971533,2542691780,2542692915,16325,1135
29072.983556,2542700854,2542701986,16471,1132
29073.031641,2542737166,2542738304,16242,1138
29073.043670,2542746255,2542747400,16316,1145
29073.055695,2542755336,2542756469,16405,1133
29073.067710,2542764423,2542765552,16239,1129
29073.079740,2542773512,2542774657,16315,1145
29073.091762,2542782604,2542783742,16387,1138
29073.103778,2542791682,2542792819,16250,1137
29073.115809,2542800750,2542801878,16234,1128
29073.127830,2542809818,2542810956,16388,1138
29073.139847,2542818878,2542820016,16252,1138
29073.151874,2542827947,2542829085,16222,1138
29073.163899,2542837021,2542838149,16390,1128
29073.175915,2542846091,2542847229,16256,1138
29073.187945,2542855162,2542856293,16310,1131
29073.257070,2542907284,2542908412,16254,1128
29073.269097,2542916342,2542917472,16314,1130
29073.320194,2542954939,2542956078,16317,1139
29073.332221,2542964024,2542965148,16317,1124
29073.344243,2542973089,2542974222,16403,1133
29073.356258,2542982181,2542983314,16216,1133
29073.368287,2542991236,2542992362,16314,1126
29073.380310,2543000288,2543001420,16384,1132
29073.392327,2543009351,2543010485,16251,1134
29073.476495,2543072783,2543073911,16317,1128
29073.488516,2543081838,2543082981,16386,1143
29073.503546,2543093182,2543094324,16312,1142
29073.533603,2543115857,2543116990,16403,1133
29073.545620,2543124956,2543126089,16249,1133
29073.557646,2543134033,2543135176,16308,1143
29073.569669,2543143121,2543144254,16323,1133
29073.581687,2543152198,2543153331,16257,1133
29073.596720,2543163536,2543164669,16368,1133
29073.608738,2543172603,2543173741,16261,1138
29073.629783,2543188493,2543189621,16314,1128
29073.641808,2543197552,2543198690,16390,1138
29073.689893,2543233826,2543234959,16266,1133
29073.701922,2543242903,2543244026,16315,1123
29073.716948,2543254219,2543255357,16396,1138
29073.728972,2543263301,2543264433,16397,1132
29073.740996,2543272380,2543273513,16391,1133
29073.756025,2543283733,2543284862,16315,1129
29073.768048,2543292814,2543293950,16319,1136
29073.780064,2543301928,2543303066,16228,1138
29073.792095,2543310996,2543312139,16314,1143
29073.804116,2543320050,2543321185,16386,1135
29073.822153,2543333687,2543334816,16408,1129
29073.834167,2543342742,2543343866,16243,1124
29073.846197,2543351803,2543352930,16323,1127
29073.858221,2543360850,2543361993,16404,1143
29073.885271,2543381286,2543382409,16388,1123
29073.897288,2543390350,2543391488,16252,1138
29073.909318,2543399422,2543400552,16322,1130
29073.921341,2543408502,2543409635,16404,1133
29073.948392,2543428957,2543430095,16410,1138
29073.960407,2543438079,2543439208,16241,1129
29073.984460,2543456227,2543457350,16471,1123
29073.996476,2543465277,2543466415,16335,1138
29074.008507,2543474351,2543475489,16399,1138
29074.035556,2543494764,2543495897,16312,1133
29074.047581,2543503836,2543504969,16403,1133
29074.059596,2543512899,2543514028,16240,1129
29074.071626,2543521978,2543523116,16299,1138
29074.083648,2543531083,2543532215,16472,1132
29074.095665,2543540152,2543541280,16338,1128
29074.107695,2543549216,2543550354,16314,1138
29074.119718,2543558273,2543559410,16404,1137
29074.131733,2543567357,2543568484,16237,1127
29074.143762,2543576426,2543577564,16403,1138
29074.155787,2543585498,2543586626,16491,1128
29074.167802,2543594599,2543595732,16247,1133
29074.179832,2543603665,2543604803,16318,1138
29074.212893,2543628578,2543629711,16311,1133
29074.224917,2543637651,2543638786,16320,1135
29074.330111,2543716988,2543718121,16236,1133
29074.342140,2543726053,2543727180,16317,1127
29074.354150,2543735274,2543736402,16087,1128
29074.366179,2543744345,2543745474,16249,1129
29074.435303,2543796251,2543797378,16170,1127
29074.447333,2543805325,2543806458,16237,1133
29074.459363,2543814369,2543815501,16394,1132
29074.471371,2543823384,2543824519,16165,1135
29074.483402,2543832418,2543833546,16309,1128
29074.495432,2543841443,2543842581,16479,1138
29074.507439,2543850470,2543851600,16166,1130
29074.519470,2543859523,2543860651,16254,1128
29074.531501,2543868556,2543869688,16399,1132
29074.543508,2543877581,2543878708,16094,1127
29074.561548,2543891115,2543892242,16078,1127
29074.573575,2543900240,2543901385,16220,1145
29074.624662,2543938666,2543939790,16090,1124
29074.636693,2543947696,2543948825,16225,1129
29074.652737,2543961278,2543962417,16233,1139
29074.681779,2543981637,2543982761,16218,1124
29074.693810,2543990675,2543991818,16370,1143
29074.712850,2544006470,2544007603,16361,1133
29074.756930,2544038098,2544039231,16388,1133
29074.768948,2544047143,2544048270,16347,1127
29074.789985,2544062944,2544064077,16303,1133
29074.802015,2544072002,2544073135,16450,1133
29074.814035,2544081027,2544082165,16445,1138
29074.826052,2544090080,2544091213,16285,1133
29074.838084,2544099143,2544100283,16384,1140
29074.865136,2544119529,2544120658,16488,1129
29074.877154,2544128588,2544129721,16431,1133
29074.898190,2544144399,2544145532,16231,1133
29074.910218,2544153441,2544154569,16365,1128
29074.922228,2544162465,2544163596,16087,1131
29074.934260,2544171507,2544172619,16131,1112
29074.946290,2544180534,2544181673,16469,1139
29074.961307,2544191800,2544192928,16222,1128
29074.976332,2544203148,2544204280,16166,1132
29074.988362,2544212189,2544213322,16298,1133
29075.000392,2544221267,2544222405,16366,1138
29075.081547,2544282202,2544283335,16393,1133
29075.093554,2544291248,2544292378,16086,1130
29075.144668,2544329668,2544330794,16530,1126
29075.156680,2544338704,2544339831,16083,1127
29075.183737,2544358973,2544360105,16431,1132
29075.195757,2544368037,2544369166,16239,1129
29075.285928,2544435797,2544436922,16223,1125
29075.297958,2544444873,2544446002,16372,1129
29075.337018,2544474234,2544475369,16087,1135
29075.349049,2544483264,2544484372,16058,1108
29075.361078,2544492302,2544493440,16346,1138
29075.389130,2544514906,2544516031,16086,1125
29075.406165,2544526248,2544527381,16378,1133
29075.418172,2544535314,2544536444,16088,1130
29075.493323,2544591757,2544592896,16227,1139
29075.505352,2544600851,2544601984,16453,1133
29075.523387,2544614419,2544615557,16468,1138
29075.535395,2544623444,2544624578,16088,1134
29075.547426,2544632507,2544633625,16056,1118
29075.559456,2544641524,2544642656,16409,1132
29075.571463,2544650529,2544651651,16089,1122
29075.583494,2544659545,2544660683,16312,1138
29075.595524,2544668601,2544669734,16476,1133
29075.607544,2544677662,2544678795,16367,1133
29075.619562,2544686762,2544687893,16251,1131
29075.655627,2544713881,2544715019,16216,1138
29075.667662,2544722907,2544724034,16393,1127
29075.679669,2544731920,2544733050,16090,1130
29075.715738,2544759066,2544760195,16089,1129
29075.727765,2544768104,2544769216,16020,1112
29075.739799,2544777101,2544778239,16369,1138
29075.751812,2544786097,2544787231,16087,1134
29075.763838,2544795141,2544796258,16140,1117
29075.775868,2544804156,2544805284,16478,1128
29075.787874,2544813179,2544814300,16167,1121
29075.799913,2544822232,2544823360,16321,1128
29075.811937,2544831322,2544832455,16435,1133
29075.823954,2544840349,2544841476,16344,1127
29075.878046,2544881037,2544882162,16166,1125
29075.890077,2544890065,2544891198,16304,1133
29075.914115,2544908163,2544909297,16089,1134
29075.926145,2544917204,2544918331,16227,1127
29075.986252,2544962347,2544963482,16086,1135
29075.998289,2544971391,2544972529,16293,1138
29076.013303,2544982736,2544983868,16088,1132
29076.025336,2544991828,2544992962,16237,1134
29076.037365,2545000890,2545002029,16374,1139
29076.049378,2545009937,2545011072,16007,1135
29076.103487,2545050604,2545051743,16366,1139
29076.115508,2545059667,2545060797,16281,1130
29076.127535,2545068713,2545069846,16358,1133
29076.148566,2545084489,2545085618,16002,1129
29076.160591,2545093515,2545094644,16227,1129
29076.193646,2545118332,2545119458,16086,1126
29076.205680,2545127394,2545128524,16286,1130
29076.232729,2545147729,2545148857,16226,1128
29076.244761,2545156812,2545157952,16361,1140
29076.265783,2545172619,2545173754,16086,1135
29076.280827,2545184005,2545185143,16363,1138
29076.292846,2545193109,2545194246,16352,1137
29076.304866,2545202219,2545203361,16254,1142
29076.319887,2545213579,2545214726,16088,1147
29076.331918,2545222701,2545223836,16260,1135
29076.343946,2545231780,2545232920,16362,1140
29076.361981,2545245425,2545246565,16343,1140
29076.377003,2545256772,2545257889,16057,1117
29076.389033,2545265859,2545266997,16349,1138
29076.404055,2545277208,2545278346,16246,1138
29076.416084,2545286340,2545287478,16344,1138
29076.434119,2545299975,2545301119,16352,1144
29076.446132,2545309047,2545310183,16078,1136
29076.456327,2545318243,2545319383,16253,1140
29076.470186,2545327355,2545328489,16433,1134
29076.488222,2545341004,2545342142,16351,1138
29076.500242,2545350593,2545351729,16366,1136
29076.512260,2545359700,2545360829,16259,1129
29076.560359,2545396002,2545397141,16383,1139
29076.572366,2545405087,2545406233,16087,1146
29076.584398,2545414141,2545415269,16315,1128
29076.596427,2545423190,2545424328,16462,1138
29076.647514,2545461548,2545462681,16299,1133
29076.659549,2545470610,2545471743,16461,1133
29076.671566,2545479659,2545480792,16352,1133
29076.683586,2545488715,2545489843,16233,1128
29076.695614,2545497746,2545498884,16355,1138
29076.707624,2545506774,2545507904,16004,1130
29076.719655,2545515868,2545517003,16251,1135
29076.731684,2545524994,2545526132,16299,1138
29076.743707,2545534107,2545535244,16284,1137
29076.755723,2545543216,2545544354,16251,1138
29076.767754,2545552327,2545553463,16315,1136
29076.779777,2545561449,2545562588,16361,1139
29076.791800,2545570544,2545571656,16151,1112
29076.803822,2545579564,2545580702,16451,1138
29076.815830,2545588613,2545589738,16094,1125
29076.836878,2545604446,2545605573,16305,1127
29076.848908,2545613513,2545614646,16365,1133
29076.869933,2545629338,2545630468,16091,1130
29076.881963,2545638407,2545639536,16230,1129
29076.906001,2545656482,2545657609,16085,1127
29076.918032,2545665501,2545666632,16225,1131
29076.969121,2545703944,2545705079,16087,1135
29076.981152,2545712977,2545714110,16223,1133
29077.032241,2545751457,2545752588,16088,1131
29077.044272,2545760525,2545761660,16248,1135
29077.056302,2545769609,2545770749,16363,1140
29077.068310,2545778680,2545779808,16088,1128
29077.080343,2545787726,2545788866,16261,1140
29077.180529,2545864570,2545865697,16386,1127
29077.263697,2545925581,2545926714,16470,1133
29077.275704,2545934773,2545935903,16088,1130
29077.287742,2545943847,2545944980,16309,1133
29077.299765,2545952908,2545954035,16453,1127
29077.311773,2545961939,2545963065,16166,1126
29077.323804,2545970989,2545972123,16315,1134
29077.353868,2545993614,2545994742,16392,1128
29077.365876,2546002630,2546003756,16164,1126
29077.392940,2546023011,2546024141,16368,1130
29077.404956,2546032032,2546033165,16209,1133
29077.468078,2546079575,2546080707,16233,1132
29077.480108,2546088672,2546089810,16368,1138
29077.492128,2546097721,2546098854,16370,1133
29077.504145,2546106758,2546107896,16287,1138
29077.516177,2546115819,2546116952,16297,1133
29077.537207,2546131596,2546132728,16075,1132
29077.549232,2546140629,2546141757,16235,1128
29077.597333,2546176808,2546177936,16581,1128
29077.609339,2546185837,2546186964,16087,1127
29077.672470,2546233233,2546234361,16351,1128
29077.684494,2546242284,2546243419,16200,1135
29077.699510,2546253592,2546254719,16086,1127
29077.711541,2546262658,2546263782,16238,1124
29077.729575,2546276224,2546277357,16223,1133
29077.741606,2546285280,2546286403,16352,1123
29077.801711,2546330430,2546331573,16216,1143
29077.813743,2546339509,2546340642,16458,1133
29077.876863,2546386967,2546388100,16451,1133
29077.888883,2546396085,2546397218,16367,1133
29077.904913,2546409652,2546410791,16349,1139
29077.985066,2546468358,2546469496,16441,1138
29077.997087,2546477422,2546478554,16433,1132
29078.009107,2546486492,2546487626,16335,1134
29078.021136,2546495567,2546496700,16438,1133
29078.057206,2546522709,2546523847,16473,1138
29078.069213,2546531724,2546532859,16166,1135
29078.084255,2546543021,2546544152,16442,1131
29078.096275,2546552099,2546553232,16342,1133
29078.108296,2546561177,2546562317,16252,1140
29078.120324,2546570237,2546571366,16350,1129
29078.195453,2546626721,2546627846,16164,1125
29078.207484,2546635778,2546636911,16321,1133
29078.219514,2546644803,2546645932,16475,1129
29078.231531,2546653849,2546654973,16334,1124
29078.243553,2546662906,2546664039,16250,1133
29078.255583,2546671990,2546673123,16368,1133
29078.267590,2546680982,2546682113,16087,1131
29078.288639,2546696837,2546697965,16234,1128
29078.300669,2546705915,2546707056,16363,1141
29078.333720,2546730796,2546731933,16216,1137
29078.345755,2546739867,2546740991,16369,1124
29078.435927,2546807510,2546808644,16407,1134
29078.447944,2546816573,2546817696,16349,1123
29078.459960,2546825636,2546826745,16017,1109
29078.471995,2546834665,2546835798,16371,1133
29078.484014,2546843716,2546844858,16364,1142
29078.496033,2546852783,2546853916,16252,1133
29078.508062,2546861861,2546862999,16267,1138
29078.526096,2546875448,2546876586,16351,1138
29078.538115,2546884487,2546885616,16298,1129
29078.553148,2546895818,2546896958,16361,1140
29078.568170,2546907159,2546908299,16244,1140
29078.601236,2546932099,2546933232,16346,1133
29078.613256,2546941155,2546942288,16252,1133
29078.625285,2546950218,2546951352,16353,1134
29078.655339,2546972831,2546973970,16355,1139
29078.667359,2546981896,2546983033,16236,1137
29078.679388,2546990960,2546992092,16373,1132
29078.691407,2547000030,2547001158,16351,1128
29078.703427,2547009132,2547010265,16234,1133
29078.715458,2547018232,2547019370,16363,1138
29078.727474,2547027264,2547028402,16251,1138
29078.739496,2547036345,2547037474,16234,1129
29078.751526,2547045392,2547046525,16368,1133
29078.763544,2547054445,2547055578,16349,1133
29078.775572,2547063515,2547064648,16309,1133
29078.787595,2547072581,2547073714,16323,1133
29078.799613,2547081632,2547082773,16347,1141
29078.811629,2547090716,2547091833,16019,1117
29078.823663,2547099765,2547100903,16283,1138
29078.841698,2547113332,2547114477,16367,1145
29078.853711,2547122380,2547123511,16124,1131
29078.877765,2547140470,2547141603,16376,1133
29078.889785,2547149534,2547150663,16351,1129
29078.901805,2547158595,2547159723,16231,1128
29078.919839,2547172205,2547173342,16321,1137
29078.931869,2547181296,2547182443,16356,1147
29078.943887,2547190334,2547191472,16354,1138
29078.955908,2547199396,2547200520,16241,1124
29078.976954,2547215232,2547216361,16376,1129
29078.988973,2547224298,2547225427,16434,1129
29079.016025,2547244687,2547245823,16347,1136
29079.028045,2547253736,2547254869,16250,1133
29079.040075,2547262815,2547263944,16366,1129
29079.052094,2547271858,2547272987,16358,1129
29079.064113,2547280887,2547282015,16232,1128
29079.085161,2547296734,2547297873,16374,1139
29079.097179,2547305805,2547306932,16350,1127
29079.109199,2547314873,2547316004,16239,1131
29079.121229,2547323948,2547325077,16367,1129
29079.157298,2547351136,2547352269,16370,1133
29079.169317,2547360157,2547361285,16351,1128
29079.181336,2547369205,2547370328,16237,1123
29079.241454,2547414473,2547415602,16352,1129
29079.253474,2547423532,2547424665,16239,1133
29079.289538,2547450690,2547451808,16017,1118
29079.301573,2547459725,2547460858,16377,1133
29079.316594,2547471055,2547472192,16237,1137
29079.332637,2547484663,2547485791,16239,1128
29079.352658,2547498259,2547499371,16060,1112
29079.372329,2547507584,2547508182,12017,598
29079.417290,2547534885,2547536031,16376,1146
29079.429308,2547543997,2547545136,16258,1139
29079.441336,2547553068,2547554206,16321,1138
29079.453360,2547562147,2547563270,16344,1123
29079.465376,2547571200,2547572337,16210,1137
29079.504457,2547600662,2547601800,16316,1138
29079.516479,2547609748,2547610885,16284,1137
29079.528498,2547618865,2547619993,16249,1128
29079.567576,2547648291,2547649429,16322,1138
29079.579599,2547657372,2547658500,16329,1128
29079.597633,2547670969,2547672092,16371,1123
29079.609650,2547680009,2547681136,16269,1127
29079.621679,2547689073,2547690203,16322,1130
29079.633703,2547698130,2547699263,16305,1133
29079.645719,2547707193,2547708321,16260,1128
29079.687805,2547738859,2547739983,16375,1124
29079.699822,2547747913,2547749050,16274,1137
29079.717861,2547761534,2547762662,16316,1128
29079.729886,2547770611,2547771735,16323,1124
29079.747919,2547784370,2547785504,16320,1134
29079.759943,2547793462,2547794595,16303,1133
29079.771960,2547802504,2547803642,16270,1138
29079.789994,2547816120,2547817253,16267,1133
29079.802023,2547825193,2547826326,16320,1133
29079.814044,2547834268,2547835396,16375,1128
29079.826062,2547843319,2547844452,16257,1133
29079.838090,2547852372,2547853515,16318,1143
29079.868147,2547875063,2547876192,16326,1129
29079.881675,2547883565,2547884708,16369,1143
29079.893691,2547892619,2547893748,16256,1129
29079.908726,2547903954,2547905087,16394,1133
29079.920743,2547913032,2547914165,16269,1133
29079.935776,2547924380,2547925513,16373,1133
29079.949305,2547934830,2547935967,16367,1137
29079.976355,2547955270,2547956397,16390,1127
29079.988371,2547964358,2547965496,16254,1138
29080.000402,2547973433,2547974561,16322,1128
29080.012423,2547982495,2547983628,16387,1133
29080.039476,2548002886,2548004024,16404,1138
29080.051491,2548011941,2548013073,16245,1132
29080.063520,2548021007,2548022140,16322,1133
29080.081555,2548034611,2548035742,16313,1131
29080.093578,2548043704,2548044838,16388,1134
29080.105594,2548052786,2548053924,16255,1138
29080.117623,2548061878,2548063007,16323,1129
29080.135657,2548075493,2548076627,16318,1134
29080.147682,2548084593,2548085730,16409,1137
29080.159697,2548093681,2548094805,16241,1124
29080.180744,2548109548,2548110693,16316,1145
29080.192766,2548118620,2548119758,16386,1138
29080.207796,2548129968,2548131106,16318,1138
29080.219820,2548139041,2548140165,16412,1124
29080.231834,2548148094,2548149224,16154,1130
29080.243863,2548157154,2548158287,16321,1133
29080.255888,2548166242,2548167372,16409,1130
29080.267903,2548175297,2548176435,16252,1138
29080.279933,2548184374,2548185507,16319,1133
29080.291955,2548193434,2548194558,16393,1124
29080.303972,2548202496,2548203629,16258,1133
29080.316001,2548211538,2548212674,16238,1136
29080.328026,2548220641,2548221771,16461,1130
29080.340040,2548229704,2548230837,16266,1133
29080.352069,2548238835,2548239964,16316,1129
29080.376109,2548256977,2548258115,16258,1138
29080.388139,2548266066,2548267199,16321,1133
29080.400161,2548275130,2548276262,16392,1132
29080.412183,2548284180,2548285313,16328,1133
29080.424206,2548293224,2548294357,16330,1133
29080.436231,2548302305,2548303443,16418,1138
29080.448246,2548311408,2548312544,16309,1136
29080.460275,2548320496,2548321634,16237,1138
29080.472298,2548329580,2548330709,16391,1129
29080.484314,2548338660,2548339798,16260,1138
29080.499349,2548350006,2548351144,16380,1138
29080.511372,2548359091,2548360214,16322,1123
29080.523395,2548368167,2548369300,16281,1133
29080.535420,2548377223,2548378355,16325,1132
29080.547435,2548386292,2548387430,16155,1138
29080.565469,2548399933,2548401066,16265,1133
29080.577500,2548408999,2548410128,16321,1129
29080.592520,2548420337,2548421465,16265,1128
29080.604549,2548429422,2548430555,16230,1133
29080.616572,2548438491,2548439618,16395,1127
29080.628589,2548447552,2548448690,16257,1138
29080.649633,2548463429,2548464568,16316,1139
29080.661656,2548472515,2548473658,16327,1143
29080.692721,2548497505,2548498638,16316,1133
29080.721771,2548517882,2548519020,16321,1138
29080.733795,2548526943,2548528072,16395,1129
29080.751830,2548540535,2548541673,16397,1138
29080.763846,2548549613,2548550751,16257,1138
29080.775879,2548558691,2548559824,16322,1133
29080.787898,2548567792,2548568919,16389,1127
29080.799915,2548576872,2548578016,16258,1144
29080.811944,2548585970,2548587098,16239,1128
29080.829978,2548599581,2548600708,16319,1127
29080.842002,2548608635,2548609764,16402,1129
29080.860035,2548622180,2548623314,16324,1134
29080.872051,2548631250,2548632384,16212,1134
29080.884083,2548640340,2548641477,16323,1137
29080.896104,2548649385,2548650503,16303,1118
29080.908126,2548658425,2548659558,16228,1133
29080.920149,2548667490,2548668633,16237,1143
29080.938184,2548681106,2548682239,16317,1133
29080.950208,2548690190,2548691320,16408,1130
29080.968239,2548703822,2548704951,16372,1129
29080.980257,2548712877,2548714006,16271,1129
29081.001304,2548728759,2548729897,16322,1138
29081.013327,2548737846,2548738989,16396,1143
29081.028354,2548749197,2548750335,16319,1138
29081.040378,2548758249,2548759377,16395,1128
29081.052395,2548767310,2548768443,16259,1133
29081.068436,2548780928,2548782061,16266,1133
29081.085462,2548792274,2548793403,16376,1129
29081.097481,2548801340,2548802482,16272,1142
29081.109508,2548810426,2548811559,16321,1133
29081.121532,2548819503,2548820631,16385,1128
29081.145577,2548837628,2548838756,16321,1128
29081.157600,2548846692,2548847820,16329,1128
29081.181648,2548864866,2548866003,16329,1137
29081.193670,2548873936,2548875068,16396,1132
29081.217715,2548892087,2548893225,16322,1138
29081.229740,2548901157,2548902283,16409,1126
29081.241755,2548910222,2548911355,16238,1133
29081.289854,2548946514,2548947642,16320,1128
29081.301876,2548955576,2548956708,16392,1132
29081.328928,2548975972,2548977100,16408,1128
29081.340944,2548985046,2548986184,16248,1138
29081.364996,2549003178,2549004306,16389,1128
29081.377012,2549012245,2549013374,16258,1129
29081.393056,2549025831,2549026958,16253,1127
29081.416093,2549041720,2549042858,16323,1138
29081.428117,2549050809,2549051935,16412,1126
29081.440132,2549059871,2549061009,16242,1138
29081.452161,2549068940,2549070070,16323,1130
29081.470197,2549082547,2549083679,16321,1132
29081.482218,2549091610,2549092749,16390,1139
29081.500253,2549105222,2549106361,16393,1139
29081.512270,2549114334,2549115462,16246,1128
29081.524298,2549123392,2549124520,16318,1128
29081.545340,2549139257,2549140385,16406,1128
29081.557355,2549148333,2549149466,16252,1133
29081.572390,2549159654,2549160787,16392,1133
29081.584406,2549168727,2549169860,16170,1133
29081.596437,2549177798,2549178926,16322,1128
29081.608460,2549186869,2549188002,16406,1133
29081.629492,2549202770,2549203908,16243,1138
29081.641521,2549211839,2549212983,16316,1144
29081.671579,2549234496,2549235625,16387,1129
29081.683595,2549243540,2549244664,16169,1124
29081.695625,2549252598,2549253726,16231,1128
29081.713658,2549266176,2549267303,16313,1127
29081.725685,2549275243,2549276383,16408,1140
29081.743716,2549288938,2549290078,16394,1140
29081.755732,2549298071,2549299216,16241,1145
29081.767761,2549307196,2549308339,16324,1143
29081.779786,2549316335,2549317476,16406,1141
29081.791801,2549325650,2549326788,16258,1138
29081.803830,2549334760,2549335898,16324,1138
29081.815851,2549343853,2549344986,16376,1133
29081.833886,2549357451,2549358583,16374,1132
29081.845904,2549366520,2549367663,16272,1143
29081.897008,2549405072,2549406208,16396,1136
29081.909024,2549414150,2549415288,16272,1138
29081.924057,2549425469,2549426608,16375,1139
29081.936075,2549434534,2549435663,16274,1129
29081.948104,2549443595,2549444733,16314,1138
29081.984171,2549470812,2549471940,16320,1128
29081.997202,2549482168,2549483301,16228,1133
29082.014229,2549493492,2549494618,16375,1126
29082.026247,2549502570,2549503710,16274,1140
29082.038276,2549511652,2549512803,16323,1151
29082.128447,2549579640,2549580773,16320,1133
29082.140469,2549588700,2549589834,16380,1134
29082.152487,2549597781,2549598914,16253,1133
29082.164514,2549606852,2549607990,16318,1138
29082.176539,2549615921,2549617053,16393,1132
29082.188556,2549624987,2549626127,16260,1140
29082.200586,2549634059,2549635187,16328,1128
29082.236655,2549661262,2549662402,16319,1140
29082.248677,2549670349,2549671477,16327,1128
29082.311796,2549717938,2549719060,16392,1122
29082.323813,2549727017,2549728150,16257,1133
29082.341847,2549740666,2549741799,16249,1133
29082.353876,2549749761,2549750899,16322,1138
29082.395957,2549781501,2549782638,16317,1137
29082.407979,2549790601,2549791733,16313,1132
29082.420000,2549799677,2549800815,16374,1138
29082.432018,2549808749,2549809873,16273,1124
29082.444047,2549817817,2549818950,16320,1133
29082.465088,2549833720,2549834852,16389,1132
29082.477104,2549842790,2549843933,16260,1143
29082.537223,2549888136,2549889265,16379,1129
29082.549241,2549897204,2549898337,16165,1133
29082.579303,2549919873,2549921006,16318,1133
29082.591327,2549928957,2549930095,16391,1138
29082.603344,2549938052,2549939180,16185,1128
29082.615373,2549947115,2549948253,16232,1138
29082.627395,2549956186,2549957315,16377,1129
29082.648430,2549972060,2549973187,16250,1127
29082.660457,2549981125,2549982254,16319,1129
29082.693521,2550006035,2550007173,16315,1138
29082.705545,2550015120,2550016248,16322,1128
29082.759646,2550055944,2550057082,16317,1138
29082.771670,2550065014,2550066147,16394,1133
29082.783687,2550074108,2550075236,16257,1128
29082.795717,2550083147,2550084284,16232,1137
29082.807741,2550092242,2550093375,16474,1133
29082.819756,2550101295,2550102428,16256,1133
29082.831786,2550110348,2550111481,16237,1133
29082.843810,2550119412,2550120545,16242,1133
29082.855824,2550128476,2550129614,16210,1138
29082.867853,2550137561,2550138688,16322,1127
29082.879880,2550146665,2550147806,16287,1141
29082.921958,2550178427,2550179565,16324,1138
29082.933979,2550187484,2550188616,16391,1132
29082.945998,2550196549,2550197688,16266,1139
29082.977061,2550221485,2550222622,16398,1137
29083.009116,2550244145,2550245269,16259,1124
29083.021145,2550253210,2550254337,16232,1127
29083.036167,2550264537,2550265661,16183,1124
29083.048195,2550273602,2550274736,16234,1134
29083.060219,2550282669,2550283812,16379,1143
29083.072236,2550291759,2550292892,16256,1133
29083.084263,2550300827,2550301960,16318,1133
29083.096287,2550309925,2550311061,16380,1136
29083.108305,2550319000,2550320133,16272,1133
29083.123338,2550330322,2550331450,16368,1128
29083.177444,2550371153,2550372286,16412,1133
29083.189465,2550380242,2550381365,16321,1123
29083.201488,2550389308,2550390446,16323,1138
29083.213509,2550398356,2550399493,16375,1137
29083.225528,2550407443,2550408576,16255,1133
29083.249581,2550425597,2550426730,16396,1133
29083.261597,2550434671,2550435800,16244,1129
29083.285649,2550452794,2550453922,16404,1128
29083.297667,2550461884,2550463012,16170,1128
29083.336746,2550491353,2550492481,16320,1128
29083.348769,2550500422,2550501555,16405,1133
29083.396854,2550536692,2550537831,16255,1139
29083.408884,2550545800,2550546938,16325,1138
29083.420905,2550554871,2550556001,16392,1130
29083.432922,2550563967,2550565105,16253,1138
29083.497056,2550613840,2550614975,16322,1135
29083.514076,2550625157,2550626290,16257,1133
29083.526107,2550634251,2550635389,16302,1138
29083.538130,2550643341,2550644473,16329,1132
29083.550143,2550652480,2550653592,16022,1112
29083.601245,2550690895,2550692029,16350,1134
29083.613265,2550699981,2550701113,16240,1132
29083.625295,2550709044,2550710177,16380,1133
29083.703436,2550767943,2550769083,16236,1140
29083.715467,2550777040,2550778173,16376,1133
29083.727485,2550786110,2550787238,16356,1128
29083.739505,2550795166,2550796295,16251,1129
29083.760552,2550811011,2550812136,16362,1125
29083.772571,2550820067,2550821195,16357,1128
29083.811642,2550849435,2550850567,16238,1132
29083.823671,2550858472,2550859584,16280,1112
29083.835689,2550867526,2550868660,16252,1134
29083.847710,2550876583,2550877716,16231,1133
29083.859741,2550885631,2550886753,16391,1122
29083.871756,2550894660,2550895796,16347,1136
29083.913840,2550926327,2550927459,16357,1132
29083.925860,2550935359,2550936488,16374,1129
29083.937882,2550944394,2550945527,16317,1133
29083.949911,2550953418,2550954535,16286,1117
29083.985980,2550980442,2550981575,16483,1133
29083.997997,2550989473,2550990611,16379,1138
29084.022045,2551007553,2551008686,16436,1133
29084.034066,2551016650,2551017788,16327,1138
29084.046085,2551025732,2551026862,15990,1130
29084.124238,2551084459,2551085592,16379,1133
29084.136259,2551093542,2551094675,16333,1133
29084.151290,2551104846,2551105979,16340,1133
29084.169323,2551118384,2551119513,16456,1129
29084.181350,2551127374,2551128504,16193,1130
29084.193371,2551136389,2551137522,16367,1133
29084.205392,2551145440,2551146566,16380,1126
29084.217411,2551154436,2551155566,16026,1130
29084.235448,2551167984,2551169119,16235,1135
29084.247478,2551177129,2551178257,16371,1128
29084.259495,2551186167,2551187294,16376,1127
29084.271514,2551195190,2551196320,16028,1130
29084.283546,2551204222,2551205360,16408,1138
29084.295563,2551213277,2551214415,16373,1138
29084.307582,2551222315,2551223440,16024,1125
29084.343651,2551249447,2551250575,15986,1128
29084.355680,2551258476,2551259609,16360,1133
29084.367700,2551267512,2551268645,16373,1133
29084.379727,2551276532,2551277661,16119,1129
29084.391748,2551285572,2551286699,16438,1127
29084.403769,2551294598,2551295736,16457,1138
29084.421803,2551308152,2551309279,16378,1127
29084.433825,2551317168,2551318301,16244,1133
29084.445851,2551326193,2551327326,16444,1133
29084.457872,2551335265,2551336398,16371,1133
29084.487928,2551357828,2551358961,16235,1133
29084.499954,2551366866,2551367989,16358,1123
29084.511975,2551375897,2551377035,16379,1138
29084.523994,2551384936,2551386074,16033,1138
29084.536027,2551394020,2551395143,16374,1123
29084.548043,2551403065,2551404193,16372,1128
29084.560064,2551412090,2551413212,16025,1122
29084.572092,2551421092,2551422224,16355,1132
29084.584113,2551430135,2551431268,16346,1133
29084.605148,2551445963,2551447093,16024,1130
29084.617177,2551454984,2551456113,16377,1129
29084.650234,2551479799,2551480935,16028,1136
29084.665268,2551491132,2551492261,16458,1129
29084.677295,2551500161,2551501289,16309,1128
29084.713357,2551527254,2551528387,16223,1133
29084.725383,2551536274,2551537412,16358,1138
29084.761451,2551563397,2551564531,16353,1134
29084.773472,2551572428,2551573561,16374,1133
29084.788505,2551583752,2551584864,16206,1112
29084.827575,2551613080,2551614214,16258,1134
29084.839594,2551622114,2551623244,15994,1130
29084.851626,2551631189,2551632297,16185,1108
29084.863644,2551640411,2551641535,16374,1124
29084.875671,2551649448,2551650569,16114,1121
29084.905726,2551672015,2551673148,16358,1133
29084.917747,2551681051,2551682184,16376,1133
29084.929768,2551690084,2551691217,16230,1133
29084.944798,2551701414,2551702542,16366,1128
29084.956817,2551710443,2551711579,16030,1136
29084.968847,2551719490,2551720623,16362,1133
29084.980869,2551728534,2551729667,16359,1133
29085.062021,2551789506,2551790643,16377,1137
29085.080058,2551803090,2551804222,16359,1132
29085.092074,2551812101,2551813220,16031,1119
29085.104103,2551821132,2551822259,16360,1127
29085.122138,2551834664,2551835797,16352,1133
29085.134159,2551843718,2551844855,16348,1137
29085.173236,2551873077,2551874201,16110,1124
29085.185257,2551882140,2551883274,16373,1134
29085.269414,2551945333,2551946469,16425,1136
29085.376117,2552025765,2552026907,16246,1142
29085.388143,2552034829,2552035962,16356,1133
29085.400164,2552043860,2552044993,16373,1133
29085.412183,2552052863,2552053999,16029,1136
29085.424215,2552061917,2552063050,16406,1133
29085.436233,2552070966,2552072095,16378,1129
29085.448252,2552080011,2552081138,15996,1127
29085.487332,2552109354,2552110491,16356,1137
29085.499353,2552118452,2552119585,16379,1133
29085.511371,2552127462,2552128598,16109,1136
29085.523404,2552136510,2552137643,16494,1133
29085.535421,2552145545,2552146668,16460,1123
29085.547440,2552154559,2552155683,16110,1124
29085.559472,2552163575,2552164682,16217,1107
29085.571490,2552172589,2552173722,16271,1133
29085.592526,2552188434,2552189551,16024,1117
29085.604555,2552197463,2552198592,16370,1129
29085.691715,2552262949,2552264073,16030,1124
29085.703748,2552272019,2552273152,16372,1133
29085.715764,2552281074,2552282212,16463,1138
29085.727784,2552290108,2552291243,16000,1135
29085.739817,2552299197,2552300328,16405,1131
29085.751833,2552308232,2552309365,16377,1133
29085.763852,2552317267,2552318402,16029,1135
29085.775885,2552326334,2552327470,16374,1136
29085.787901,2552335370,2552336498,16371,1128
29085.805936,2552348923,2552350056,16373,1133
29085.817962,2552357922,2552359058,16118,1136
29085.878074,2552403124,2552404261,16349,1137
29085.890092,2552412158,2552413283,16029,1125
29085.902123,2552421190,2552422319,16368,1129
29085.914141,2552430188,2552431316,16371,1128
29085.929172,2552441459,2552442596,16353,1137
29085.941193,2552450491,2552451618,16374,1127
29085.983275,2552482143,2552483276,16357,1133
29086.031365,2552518261,2552519394,16375,1133
29086.043383,2552527296,2552528432,15995,1136
29086.055415,2552536324,2552537433,16211,1109
29086.067433,2552545332,2552546459,16265,1127
29086.079452,2552554355,2552555480,15912,1125
29086.091483,2552563406,2552564517,16215,1111
29086.103501,2552572451,2552573580,16370,1129
29086.115528,2552581467,2552582594,16193,1127
29086.136569,2552597289,2552598398,16287,1109
29086.148589,2552606306,2552607434,16458,1128
29086.184656,2552633407,2552634538,16460,1131
29086.196678,2552642469,2552643592,16315,1123
29086.247772,2552680868,2552682009,16372,1141
29086.259795,2552689890,2552691021,16110,1131
29086.271828,2552698952,2552700076,16380,1124
29086.283845,2552707991,2552709129,16373,1138
29086.304880,2552723824,2552724954,16026,1130
29086.316913,2552732866,2552733999,16490,1133
29086.352978,2552759953,2552761082,16363,1129
29086.364999,2552768988,2552770126,16264,1138
29086.377018,2552778034,2552779161,16001,1127
29086.410085,2552802950,2552804084,16376,1134
29086.422104,2552811998,2552813125,15993,1127
29086.453168,2552836800,2552837933,16371,1133
29086.512283,2552879671,2552880798,16116,1127
29086.524304,2552888724,2552889842,16446,1118
29086.536325,2552897748,2552898875,16464,1127
29086.548344,2552906756,2552907884,16114,1128
29086.569394,2552922602,2552923740,16367,1138
29086.581410,2552931645,2552932768,16379,1123
29086.593429,2552940643,2552941778,16102,1135
29086.629503,2552967740,2552968877,16340,1137
29086.641527,2552976789,2552977914,16361,1125
29086.659562,2552990305,2552991437,16359,1132
29086.671583,2552999368,2553000506,16431,1138
29086.689616,2553012933,2553014066,16374,1133
29086.701635,2553021956,2553023086,16029,1130
29086.716670,2553033243,2553034380,16332,1137
29086.728687,2553042337,2553043463,16025,1126
29086.761754,2553067166,2553068304,16262,1138
29086.773772,2553076248,2553077380,16001,1132
29086.869961,2553148746,2553149879,16345,1133
29086.881978,2553157779,2553158909,15995,1130
29086.894007,2553166777,2553167915,16356,1138
29086.921058,2553187072,2553188195,16358,1123
29086.933079,2553196108,2553197242,16460,1134
29086.973162,2553227714,2553228850,16442,1136
29086.990184,2553239011,2553240141,16072,1130
29087.077354,2553304451,2553305589,16457,1138
29087.092387,2553315712,2553316829,16293,1117
29087.104405,2553324718,2553325856,16380,1138
29087.128453,2553342782,2553343915,16361,1133
29087.140474,2553351823,2553352949,16380,1126
29087.180555,2553383407,2553384545,16356,1138
29087.272728,2553451115,2553452248,16446,1133
29087.284748,2553460154,2553461283,16462,1129
29087.335848,2553498510,2553499643,16363,1133
29087.347868,2553507569,2553508696,16373,1127
29087.359889,2553516609,2553517737,16233,1128
29087.371916,2553525660,2553526793,16361,1133
29087.383937,2553534692,2553535820,16381,1128
29087.404981,2553550492,2553551618,16109,1126
29087.417002,2553559519,2553560652,16361,1133
29087.432025,2553570805,2553571935,16032,1130
29087.444053,2553579847,2553580980,16360,1133
29087.456073,2553588883,2553590006,16260,1123
29087.468093,2553597920,2553599047,15998,1127
29087.480122,2553606926,2553608054,16363,1128
29087.498159,2553620450,2553621562,16212,1112
29087.540230,2553651984,2553653108,16030,1124
29087.552259,2553661028,2553662157,16363,1129
29087.564281,2553670098,2553671236,16342,1138
29087.576298,2553679109,2553680244,16032,1135
29087.588330,2553688199,2553689323,16213,1124
29087.609369,2553703997,2553705131,16364,1134
29087.621387,2553713059,2553714192,16235,1133
29087.711559,2553780796,2553781929,16233,1133
29087.723585,2553789843,2553790964,16359,1121
29087.735605,2553798858,2553799990,16376,1132
29087.747626,2553807893,2553809023,16106,1130
29087.765659,2553821495,2553822627,15989,1132
29087.777688,2553830543,2553831672,16367,1129
29087.819762,2553862116,2553863241,16111,1125
29087.831790,2553871160,2553872293,16365,1133
29087.843811,2553880182,2553881315,16379,1133
29087.855833,2553889237,2553890374,16248,1137
29087.867859,2553898279,2553899408,16361,1129
29087.912945,2553932136,2553933263,16376,1127
29087.924965,2553941166,2553942304,16374,1138
29087.946002,2553956941,2553958077,16028,1136
29087.958035,2553966019,2553967157,16370,1138
29087.985082,2553986343,2553987476,16364,1133
29087.997103,2553995379,2553996508,16382,1129
29088.030172,2554020181,2554021319,16378,1138
29088.042190,2554029225,2554030358,16347,1133
29088.057224,2554040519,2554041656,16371,1137
29088.069240,2554049576,2554050709,16371,1133
29088.081259,2554058618,2554059740,16031,1122
29088.132360,2554096957,2554098089,16372,1132
29088.144379,2554105968,2554107104,16027,1136
29088.160424,2554119550,2554120680,15996,1130
29088.201497,2554148894,2554150027,16408,1133
29088.213514,2554157923,2554159061,16375,1138
29088.232558,2554173722,2554174846,16032,1124
29088.297678,2554221149,2554222274,16113,1125
29088.309700,2554230181,2554231319,16358,1138
29088.336751,2554250500,2554251633,16361,1133
29088.348771,2554259540,2554260673,16259,1133
29088.360793,2554268621,2554269752,16078,1131
29088.375823,2554279907,2554281040,16452,1133
29088.436941,2554327379,2554328512,16379,1133
29088.456979,2554341002,2554342138,16426,1136
29088.468996,2554350017,2554351142,16106,1125
29088.481028,2554359061,2554360173,16294,1112
29088.541134,2554404195,2554405331,16106,1136
29088.568190,2554417862,2554418461,11979,599
29088.580223,2554422319,2554422925,12279,606
29088.592233,2554430250,2554431383,16313,1133
29088.604253,2554439261,2554440386,16034,1125
29088.616284,2554448271,2554449388,16210,1117
29088.628303,2554457282,2554458408,16374,1126
29088.676393,2554493452,2554494590,16312,1138
29088.688419,2554502503,2554503636,16442,1133
29088.757545,2554554392,2554555524,16026,1132
29088.769576,2554563413,2554564521,16212,1108
29088.781597,2554572697,2554573835,16354,1138
29088.793621,2554581739,2554582866,16158,1127
29088.820665,2554602085,2554603220,16111,1135
29088.832694,2554611142,2554612280,16438,1138
29088.844715,2554620180,2554621318,16345,1138
29088.856734,2554629218,2554630357,16000,1139
29088.871767,2554640553,2554641682,16428,1129
29088.883785,2554649588,2554650718,16106,1130
29088.895817,2554658631,2554659759,16405,1128
29088.907834,2554667676,2554668815,16370,1139
29088.919853,2554676706,2554677830,16035,1124
29088.931882,2554685722,2554686859,16349,1137
29088.943903,2554694768,2554695906,16262,1138
29088.955925,2554703838,2554704969,16240,1131
29088.967951,2554712891,2554714034,16351,1143
29088.979973,2554721964,2554723093,16370,1129
29088.993002,2554733245,2554734372,16479,1127
29089.064128,2554785214,2554786344,16033,1130
29089.077657,2554793783,2554794909,16074,1126
29089.089683,2554802798,2554803939,16356,1141
29089.101707,2554811861,2554812994,16342,1133
29089.131759,2554834467,2554835600,16320,1133
29089.143788,2554843506,2554844633,16482,1127
29089.155806,2554852525,2554853656,16378,1131
29089.167825,2554861548,2554862678,16038,1130
29089.179854,2554870558,2554871692,16436,1134
29089.191875,2554879628,2554880763,16248,1135
29089.203894,2554888666,2554889796,15999,1130
29089.215922,2554897692,2554898825,16356,1133
29089.227943,2554906732,2554907855,16378,1123
29089.239970,2554915741,2554916881,16118,1140
29089.251991,2554924774,2554925902,16349,1128
29089.264012,2554933810,2554934942,16376,1132
29089.276031,2554942810,2554943940,16041,1130
29089.288062,2554951842,2554952950,16212,1108
29089.300079,2554960893,2554962030,16290,1137
29089.312101,2554969951,2554971086,16004,1135
29089.324128,2554979006,2554980140,16263,1134
29089.336151,2554988050,2554989187,16338,1137
29089.348168,2554997072,2554998201,16033,1129
29089.360197,2555006122,2555007255,16352,1133
29089.372218,2555015173,2555016298,16378,1125
29089.384237,2555024183,2555025312,16118,1129
29089.396272,2555033297,2555034430,16455,1133
29089.408286,2555042337,2555043478,16380,1141
29089.420305,2555051362,2555052486,16032,1124
29089.432338,2555060423,2555061546,16378,1123
29089.456374,2555078496,2555079626,16032,1130
29089.468407,2555087553,2555088686,16369,1133
29089.480424,2555096589,2555097717,16373,1128
29089.492445,2555105625,2555106758,16236,1133
29089.504471,2555114661,2555115790,16354,1129
29089.525510,2555130518,2555131646,16373,1128
29089.537536,2555139541,2555140676,16198,1135
29089.549559,2555148589,2555149706,16209,1117
29089.561579,2555157623,2555158760,16347,1137
29089.573597,2555166633,2555167769,16039,1136
29089.591634,2555180223,2555181352,16254,1129
29089.603660,2555189311,2555190444,16362,1133
29089.615681,2555198367,2555199495,16379,1128
29089.627699,2555207375,2555208500,16032,1125
29089.640738,2555218673,2555219801,16441,1128
29089.660768,2555232278,2555233405,16345,1127
29089.672785,2555241281,2555242420,16046,1139
29089.696837,2555259422,2555260550,16433,1128
29089.708857,2555268459,2555269589,16242,1130
29089.732904,2555286573,2555287705,16471,1132
29089.744923,2555295638,2555296769,16080,1131
29089.768972,2555313690,2555314828,16376,1138
29089.780992,2555322705,2555323831,16114,1126
29089.796025,2555334021,2555335149,16346,1128
29089.808046,2555343276,2555344414,16318,1138
29089.820071,2555352339,2555353477,16356,1138
29089.838109,2555365902,2555367025,16407,1123
29089.850127,2555374927,2555376056,16376,1129
29089.898214,2555411068,2555412195,15999,1127
29089.910243,2555420104,2555421234,16354,1130
29089.940302,2555442747,2555443891,16369,1144
29089.952317,2555451810,2555452946,16078,1136
29089.976367,2555469861,2555470994,16374,1133
29089.988388,2555478918,2555480044,16237,1126
29090.000415,2555487967,2555489097,16355,1130
29090.012435,2555497032,2555498165,16374,1133
29090.027465,2555508299,2555509431,16353,1132
29090.039490,2555517321,2555518453,16366,1132
29090.052517,2555528603,2555529737,16349,1134
29090.141677,2555594134,2555595261,16032,1127
29090.153706,2555603155,2555604288,16353,1133
29090.165727,2555612199,2555613332,16379,1133
29090.177746,2555621219,2555622344,15998,1125
29090.207809,2555643834,2555644974,16349,1140
29090.219829,2555652915,2555654048,16368,1133
29090.231856,2555661935,2555663064,16113,1129
29090.243882,2555670994,2555672127,16365,1133
29090.255900,2555680060,2555681198,16340,1138
29090.267917,2555689084,2555690208,16035,1124
29090.279946,2555698120,2555699252,16362,1132
29090.291968,2555707193,2555708331,16349,1138
29090.310001,2555720753,2555721891,16458,1138
29090.322020,2555729774,2555730908,16115,1134
29090.346070,2555747844,2555748977,16460,1133
29090.358089,2555756866,2555757995,16112,1129
29090.376123,2555770397,2555771524,16032,1127
29090.388156,2555779446,2555780577,16370,1131
29090.400173,2555788473,2555789606,16369,1133
29090.412191,2555797480,2555798610,16033,1130
29090.424220,2555806532,2555807670,16394,1138
29090.436244,2555815576,2555816714,16445,1138
29090.448260,2555824600,2555825730,16111,1130
29090.460289,2555833635,2555834763,16438,1128
29090.475315,2555844928,2555846061,16243,1133
29090.505375,2555867527,2555868654,16442,1127
29090.517396,2555876540,2555877669,16380,1129
29090.544447,2555896889,2555898026,16463,1137
29090.556466,2555905904,2555907041,15949,1137
29090.568495,2555914935,2555916073,16354,1138
29090.580515,2555923977,2555925110,16261,1133
29090.601552,2555939837,2555940967,16079,1130
29090.613580,2555948879,2555950012,16437,1133
29090.625603,2555957967,2555959100,16374,1133
29090.637620,2555967006,2555968135,16001,1129
29090.661670,2555985102,2555986230,16374,1128
29090.673689,2555994121,2555995253,16028,1132
29090.685723,2556003187,2556004330,16452,1143
29090.697738,2556012251,2556013384,16382,1133
29090.709757,2556021281,2556022411,16033,1130
29090.763860,2556061948,2556063078,16109,1130
29090.775889,2556070973,2556072116,16436,1143
29090.787914,2556080063,2556081188,16351,1125
29090.805945,2556093623,2556094761,16372,1138
29090.817963,2556102641,2556103776,16034,1135
29090.842014,2556120725,2556121854,16344,1129
29090.854032,2556129728,2556130847,16032,1119
29090.881086,2556150057,2556151190,16239,1133
29090.893114,2556159103,2556160241,16351,1138
29090.920163,2556179450,2556180578,16359,1128
29090.932187,2556188491,2556189620,16368,1129
29090.944203,2556197513,2556198643,16033,1130
29090.965249,2556213330,2556214463,16356,1133
29090.977270,2556222373,2556223506,16272,1133
29090.989289,2556231425,2556232561,16073,1136
29091.001318,2556240461,2556241599,16359,1138
29091.013339,2556249501,2556250634,16374,1133
29091.028372,2556260782,2556261920,16397,1138
29091.040392,2556269978,2556271116,16348,1138
29091.091489,2556308393,2556309526,16432,1133
29091.103510,2556317440,2556318572,16465,1132
29091.115535,2556326505,2556327639,16178,1134
29091.127561,2556335558,2556336686,16493,1128
29091.139579,2556344605,2556345743,16381,1138
29091.160615,2556360407,2556361527,16111,1120
29091.172644,2556369422,2556370566,16361,1144
29091.196684,2556387570,2556388696,16036,1126
29091.208712,2556396608,2556397741,16436,1133
29091.235764,2556416949,2556418081,16358,1132
29091.247786,2556426029,2556427157,16427,1128
29091.259803,2556435060,2556436190,16034,1130
29091.271835,2556444099,2556445211,16183,1112
29091.283854,2556453138,2556454276,16343,1138
29091.295872,2556462161,2556463291,16033,1130
29091.368010,2556516335,2556517460,16114,1125
29091.380044,2556525404,2556526516,16292,1112
29091.392059,2556534449,2556535582,16458,1133
29091.404078,2556543469,2556544592,16036,1123
29091.416107,2556552532,2556553665,16445,1133
29091.428131,2556561552,2556562685,16363,1133
29091.440146,2556570577,2556571707,16033,1130
29091.452175,2556579635,2556580773,16362,1138
29091.464198,2556588691,2556589819,16344,1128
29091.482231,2556602273,2556603396,16425,1123
29091.494249,2556611276,2556612405,16110,1129
29091.509282,2556622587,2556623720,16377,1133
29091.521311,2556631588,2556632722,16116,1134
29091.533330,2556640611,2556641749,16358,1138
29091.545351,2556649655,2556650794,16375,1139
29091.557372,2556658704,2556659828,16232,1124
29091.599453,2556690375,2556691513,16375,1138
29091.611472,2556699381,2556700511,16112,1130
29091.623506,2556708451,2556709589,16504,1138
29091.644539,2556724270,2556725408,16372,1138
29091.656558,2556733509,2556734639,16112,1130
29091.668587,2556742549,2556743687,16440,1138
29091.680609,2556751623,2556752750,16377,1127
29091.713673,2556776462,2556777607,16438,1145
29091.731707,2556790034,2556791172,16351,1138
29091.743728,2556799094,2556800223,16375,1129
29091.755750,2556808150,2556809288,16205,1138
29091.767778,2556817212,2556818324,16289,1112
29091.779798,2556826256,2556827382,16433,1126
29091.791815,2556835275,2556836405,16111,1130
29091.809850,2556848842,2556849972,16030,1130
29091.821881,2556857881,2556859015,16482,1134
29091.833901,2556866927,2556868065,16377,1138
29091.845921,2556875953,2556877081,16231,1128
29091.857949,2556884993,2556886117,16355,1124
29091.869968,2556894030,2556895156,16265,1126
29091.881987,2556903073,2556904203,15999,1130
29091.894020,2556912106,2556913239,16370,1133
29091.906035,2556921198,2556922341,16246,1143
29091.930087,2556939436,2556940573,16384,1137
29091.942104,2556948550,2556949687,16250,1137
29091.954135,2556957678,2556958831,16324,1153
29091.978176,2556975911,2556977049,16364,1138
29091.990193,2556984930,2556986055,16029,1125
29092.002221,2556993968,2556995097,16354,1129
29092.032277,2557016604,2557017742,16371,1138
29092.044295,2557025617,2557026742,16030,1125
29092.056324,2557034638,2557035776,16356,1138
29092.072358,2557048375,2557049508,16348,1133
29092.132475,2557093519,2557094655,16032,1136
29092.173552,2557122915,2557124043,16373,1128
29092.185568,2557131952,2557133080,16459,1128
29092.233656,2557168090,2557169215,15999,1125
29092.245686,2557177123,2557178256,16443,1133
29092.263719,2557190661,2557191799,16437,1138
29092.275741,2557199748,2557200886,16342,1138
29092.287758,2557208768,2557209903,16033,1135
29092.299790,2557217869,2557218981,16179,1112
29092.311808,2557226895,2557228028,16283,1133
29092.323830,2557235912,2557237046,16239,1134
29092.344877,2557251764,2557252897,16372,1133
29092.356894,2557260808,2557261946,16382,1138
29092.368915,2557269853,2557270986,16237,1133
29092.383946,2557281169,2557282307,16373,1138
29092.445074,2557328972,2557330109,16252,1137
29092.465100,2557342662,2557343800,16251,1138
29092.477119,2557351707,2557352842,15997,1135
29092.489147,2557360742,2557361874,16357,1132
29092.501168,2557369797,2557370925,16375,1128
29092.513195,2557378822,2557379946,16123,1124
29092.537237,2557396919,2557398056,16375,1137
29092.549259,2557405964,2557407088,16247,1124
29092.561285,2557415011,2557416154,16356,1143
29092.597353,2557442147,2557443276,16362,1129
29092.609374,2557451166,2557452301,16380,1135
29092.651456,2557482770,2557483903,16442,1133
29092.663477,2557491828,2557492961,16179,1133
29092.675496,2557500880,2557502010,16001,1130
29092.687525,2557509898,2557511036,16354,1138
29092.699545,2557518933,2557520071,16376,1138
29092.711574,2557527976,2557529105,16311,1129
29092.723593,2557537027,2557538170,16354,1143
29092.735614,2557546086,2557547209,16373,1123
29092.747634,2557555093,2557556229,16040,1136
29092.759666,2557564167,2557565305,16371,1138
29092.771684,2557573231,2557574369,16337,1138
29092.783705,2557582440,2557583578,16230,1138
29092.795731,2557591502,2557592635,16361,1133
29092.807751,2557600545,2557601674,16371,1129
29092.819770,2557609560,2557610694,16030,1134
29092.831799,2557618588,2557619726,16360,1138
29092.843819,2557627619,2557628750,16377,1131
29092.855839,2557636636,2557637761,16030,1125
29092.867872,2557645678,2557646805,16373,1127
29092.885903,2557659209,2557660342,16443,1133
29092.897923,2557668287,2557669415,16379,1128
29092.976074,2557727004,2557728133,16448,1129
29092.988096,2557736074,2557737203,16351,1129
29093.000113,2557745100,2557746230,16109,1130
29093.012145,2557754125,2557755270,16461,1145
29093.024163,2557763200,2557764333,16456,1133
29093.036182,2557772204,2557773336,16033,1132
29093.048211,2557781216,2557782349,16363,1133
29093.060232,2557790278,2557791416,16272,1138
29093.072250,2557799299,2557800434,15995,1135
29093.084279,2557808371,2557809509,16462,1138
29093.096300,2557817422,2557818555,16458,1133
29093.108326,2557826449,2557827579,16113,1130
29093.204506,2557898738,2557899871,16373,1133
29093.216525,2557907791,2557908916,15991,1125
29093.255605,2557937158,2557938286,16361,1128
29093.267627,2557946205,2557947334,16343,1129
29093.279645,2557955226,2557956356,16028,1130
29093.291674,2557964273,2557965406,16365,1133
29093.303694,2557973319,2557974456,16459,1137
29093.315713,2557982346,2557983478,16106,1132
29093.327743,2557991420,2557992553,16447,1133
29093.339763,2558000452,2558001585,16460,1133
29093.351782,2558009447,2558010576,16032,1129
29093.369817,2558023013,2558024147,16073,1134
29093.381845,2558032033,2558033161,16444,1128
29093.393867,2558041092,2558042225,16429,1133
29093.405893,2558050098,2558051228,16196,1130
29093.417914,2558059149,2558060282,16367,1133
29093.429935,2558068186,2558069319,16455,1133
29093.441954,2558077201,2558078326,16110,1125
29093.453985,2558086221,2558087340,16212,1119
29093.490052,2558113320,2558114449,16365,1129
29093.502072,2558122364,2558123490,16457,1126
29093.514091,2558131375,2558132505,16108,1130
29093.526124,2558140431,2558141567,16459,1136
29093.577211,2558178853,2558179974,16033,1121
29093.589240,2558187889,2558189028,16360,1139
29093.601260,2558196935,2558198067,16375,1132
29093.631314,2558219540,2558220670,15994,1130
29093.643343,2558228579,2558229709,16360,1130
29093.655363,2558237623,2558238751,16264,1128
29093.697446,2558269172,2558270310,16363,1138
29093.709469,2558278245,2558279383,16362,1138
29093.721485,2558287236,2558288370,16110,1134
29093.733514,2558296268,2558297401,16437,1133
29093.745535,2558305309,2558306442,16379,1133
29093.757556,2558314347,2558315480,16228,1133
29093.835706,2558373116,2558374248,16370,1132
29093.847725,2558382138,2558383265,16035,1127
29093.859759,2558391202,2558392340,16370,1138
29093.871775,2558400257,2558401394,16375,1137
29093.895822,2558418335,2558419459,16360,1124
29093.907846,2558427361,2558428495,16359,1134
29093.919862,2558436508,2558437644,16110,1136
29093.931891,2558445547,2558446680,16444,1133
29093.943908,2558454593,2558455723,16330,1130
29093.955934,2558463657,2558464795,16218,1138
29093.967960,2558472683,2558473815,16362,1132
29093.985994,2558486212,2558487344,16355,1132
29093.998015,2558495251,2558496378,16374,1127
29094.052118,2558535912,2558537043,16259,1131
29094.064137,2558544943,2558546073,15998,1130
29094.076168,2558553988,2558555121,16362,1133
29094.088186,2558563041,2558564179,16374,1138
29094.100213,2558572078,2558573213,16197,1135
29094.112235,2558581113,2558582251,16447,1138
29094.157324,2558615025,2558616158,16368,1133
29094.169340,2558624064,2558625202,16373,1138
29094.247492,2558682742,2558683872,16366,1130
29094.259514,2558691792,2558692925,16432,1133
29094.271534,2558700856,2558701989,16315,1133
29094.283560,2558709918,2558711051,16359,1133
29094.295581,2558718955,2558720088,16380,1133
29094.313615,2558732544,2558733672,16374,1128
29094.325634,2558741581,2558742705,16109,1124
29094.364715,2558770960,2558772093,16444,1133
29094.376735,2558780007,2558781140,16456,1133
29094.445869,2558831909,2558833042,16359,1133
29094.457891,2558840961,2558842090,16347,1129
29094.472922,2558852247,2558853374,16376,1127
29094.484941,2558861268,2558862408,16379,1140
29094.496970,2558870316,2558871445,16311,1129
29094.521010,2558888393,2558889526,16379,1133
29094.533028,2558897445,2558898575,16032,1130
29094.569097,2558924564,2558925694,16029,1130
29094.581126,2558933615,2558934753,16272,1138
29094.602165,2558949442,2558950574,16347,1132
29094.614183,2558958471,2558959606,16109,1135
29094.629216,2558969786,2558970915,16384,1129
29094.671298,2559001418,2559002556,16359,1138
29094.683318,2559010450,2559011579,16383,1129
29094.695345,2559019461,2559020597,16115,1136
29094.707366,2559028514,2559029643,16359,1129
29094.719387,2559037558,2559038697,16374,1139
29094.737421,2559051136,2559052269,16377,1133
29094.749442,2559060175,2559061308,16315,1133
29094.779504,2559082732,2559083856,16440,1124
29094.791524,2559091761,2559092890,16382,1129
29094.803543,2559100768,2559101898,16109,1130
29094.821580,2559114298,2559115433,16309,1135
29094.833606,2559123334,2559124466,16359,1132
29094.860657,2559143664,2559144794,16434,1130
29094.872674,2559152703,2559153848,16302,1145
29094.887710,2559164019,2559165152,16367,1133
29094.899733,2559173063,2559174201,16364,1138
29094.911748,2559182098,2559183230,16026,1132
29094.929784,2559195630,2559196760,16109,1130
29094.941816,2559204722,2559205861,16456,1139
29094.972877,2559229541,2559230675,16026,1134
29094.989902,2559240836,2559241974,16459,1138
29095.001920,2559249880,2559251015,16071,1135
29095.016953,2559261181,2559262313,16370,1132
29095.028972,2559270229,2559271356,16029,1127
29095.041003,2559279250,2559280367,16212,1117
29095.086091,2559313125,2559314257,16372,1132
29095.098112,2559322166,2559323299,16359,1133
29095.113138,2559333453,2559334582,16362,1129
29095.125158,2559342475,2559343613,16383,1138
29095.137178,2559351514,2559352641,16029,1127
29095.153224,2559365063,2559366198,16067,1135
29095.194295,2559394424,2559395553,16492,1129
29095.209314,2559405695,2559406819,16108,1124
29095.221344,2559414717,2559415850,16440,1133
29095.272434,2559453083,2559454212,16105,1129
29095.284464,2559462087,2559463217,16369,1130
29095.299486,2559473368,2559474498,16103,1130
29095.344574,2559507280,2559508413,16238,1133
29095.356604,2559516351,2559517484,16415,1133
29095.368621,2559525366,2559526504,16284,1138
29095.396688,2559547945,2559549080,16028,1135
29095.500876,2559624787,2559625929,16443,1142
29095.512896,2559633821,2559634949,16381,1128
29095.527927,2559645086,2559646224,16359,1138
29095.551966,2559663177,2559664304,15993,1127
29095.563995,2559672228,2559673355,16366,1127
29095.576016,2559681233,2559682366,16380,1133
29095.588045,2559690273,2559691406,16317,1133
29095.600064,2559699300,2559700426,16446,1126
29095.612085,2559708323,2559709447,16375,1124
29095.624103,2559717346,2559718480,16034,1134
29095.720290,2559789601,2559790734,16369,1133
29095.732309,2559798626,2559799756,16026,1130
29095.756358,2559816728,2559817861,16373,1133
29095.768378,2559825761,2559826892,16108,1131
29095.820489,2559866398,2559867528,16029,1130
29095.873582,2559904795,2559905927,16456,1132
29095.885608,2559913803,2559914938,16115,1135
29095.912652,2559934088,2559935223,16106,1135
29095.924684,2559943126,2559944243,16246,1117
29095.963753,2559972519,2559973656,16377,1137
29095.981788,2559986270,2559987408,16464,1138
29095.993806,2559995306,2559996436,16071,1130
29096.023870,2560017879,2560019008,16448,1129
29096.132076,2560099160,2560100288,16358,1128
29096.144097,2560108221,2560109348,16345,1127
29096.156115,2560117251,2560118377,16032,1126
29096.168149,2560126321,2560127454,16375,1133
29096.180166,2560135395,2560136533,16257,1138
29096.192184,2560144396,2560145521,16110,1125
29096.204213,2560153420,2560154549,16440,1129
29096.216233,2560162450,2560163581,16382,1131
29096.228252,2560171471,2560172597,16034,1126
29096.240285,2560180528,2560181666,16370,1138
29096.255305,2560191812,2560192942,16114,1130
29096.267333,2560200858,2560201990,16440,1132
29096.279349,2560209885,2560211025,16290,1140
29096.291373,2560218921,2560220051,16112,1130
29096.303402,2560227966,2560229094,16441,1128
29096.315422,2560236990,2560238118,16382,1128
29096.327441,2560246036,2560247166,15997,1130
29096.339476,2560255100,2560256212,16220,1112
29096.357504,2560268646,2560269780,16441,1134
29096.369525,2560277707,2560278845,16460,1138
29096.386055,2560290404,2560291532,16230,1128
29096.398082,2560299446,2560300570,16445,1124
29096.476224,2560358120,2560359255,16024,1135
29096.488257,2560367189,2560368322,16451,1133
29096.503278,2560378506,2560379629,16221,1123
29096.575413,2560432679,2560433809,16029,1130
29096.587446,2560441984,2560443111,16370,1127
29096.599464,2560451063,2560452189,16342,1126
29096.611481,2560460069,2560461199,16027,1130
29096.623515,2560469128,2560470266,16380,1138
29096.647550,2560487148,2560488278,16107,1130
29096.659582,2560496177,2560497291,16297,1114
29096.671599,2560505198,2560506327,16458,1129
29096.683621,2560514213,2560515344,16238,1131
29096.695648,2560523260,2560524389,16444,1129
29096.707669,2560532325,2560533458,16342,1133
29096.719687,2560541359,2560542489,16108,1130
29096.743732,2560559447,2560560592,16303,1145
29096.755756,2560568495,2560569625,16032,1130
29096.767785,2560577530,2560578666,16443,1136
29096.779805,2560586588,2560587721,16345,1133
29096.791824,2560595656,2560596780,16076,1124
29096.803854,2560604682,2560605809,16445,1127
29096.901041,2560679245,2560680390,16438,1145
29096.930096,2560699589,2560700722,16458,1133
29096.942114,2560708618,2560709750,16457,1132
29096.954133,2560717681,2560718817,16032,1136
29096.984200,2560740381,2560741530,16453,1149
29096.996218,2560749509,2560750652,16298,1143
29097.008235,2560758585,2560759717,16033,1132
29097.020265,2560767667,2560768799,16269,1132
29097.032288,2560776728,2560777854,16359,1126
29097.044304,2560785745,2560786874,16029,1129
29097.056333,2560794774,2560795907,16358,1133
29097.113440,2560837724,2560838864,16372,1140
29097.125467,2560846796,2560847926,16082,1130
29097.161527,2560873882,2560875012,16027,1130
29097.173556,2560882924,2560884062,16357,1138
29097.188578,2560894226,2560895350,15990,1124
29097.200608,2560903277,2560904416,16360,1139
29097.212628,2560912311,2560913445,16376,1134
29097.224655,2560921327,2560922462,16113,1135
29097.320834,2560993575,2560994704,16379,1129
29097.332853,2561002603,2561003732,16109,1129
29097.347885,2561013872,2561015005,16374,1133
29097.395973,2561049982,2561051106,16074,1124
29097.408003,2561059033,2561060157,16363,1124
29097.420023,2561068080,2561069213,16374,1133
29097.432042,2561077105,2561078229,16031,1124
29097.444071,2561086124,2561087247,16358,1123
29097.456092,2561095139,2561096277,16373,1138
29097.468110,2561104150,2561105277,16027,1127
29097.480144,2561113192,2561114330,16374,1138
29097.492160,2561122241,2561123369,16377,1128
29097.510194,2561135806,2561136933,16366,1127
29097.522220,2561144804,2561145934,16112,1130
29097.540248,2561158341,2561159476,16032,1135
29097.552276,2561167391,2561168519,16353,1128
29097.564297,2561176430,2561177557,16374,1127
29097.585333,2561192236,2561193361,15989,1125
29097.597362,2561201261,2561202399,16360,1138
29097.640448,2561235203,2561236326,16439,1123
29097.672503,2561257763,2561258896,16347,1133
29097.684522,2561266817,2561267952,15998,1135
29097.744640,2561311967,2561313095,16453,1128
29097.756659,2561320990,2561322120,16067,1130
29097.783711,2561341355,2561342481,16072,1126
29097.794246,2561346813,2561347586,14525,773
29097.804331,2561351819,2561352418,12009,599
29097.819786,2561357232,2561358338,15197,1106
29097.837816,2561370733,2561371858,16241,1125
29097.849843,2561379800,2561380929,16312,1129
29097.873884,2561397944,2561399082,16256,1138
29097.885913,2561406988,2561408121,16310,1133
29097.897935,2561416065,2561417196,16371,1131
29097.909953,2561425151,2561426280,16261,1129
29097.921981,2561434199,2561435332,16316,1133
29097.934005,2561443263,2561444397,16390,1134
29097.946022,2561452331,2561453469,16249,1138
29097.961057,2561463673,2561464811,16392,1138
29097.973072,2561472741,2561473879,16256,1138
29097.988107,2561484093,2561485230,16365,1137
29098.012153,2561502226,2561503358,16312,1132
29098.024177,2561511303,2561512436,16390,1133
29098.036193,2561520359,2561521492,16248,1133
29098.048221,2561529417,2561530543,16284,1126
29098.060246,2561538486,2561539629,16399,1143
29098.072262,2561547562,2561548695,16270,1133
29098.084291,2561556631,2561557769,16314,1138
29098.117352,2561581526,2561582664,16316,1138
29098.129377,2561590602,2561591735,16312,1133
29098.180468,2561629139,2561630262,16258,1123
29098.192497,2561638196,2561639334,16321,1138
29098.216540,2561656346,2561657485,16311,1139
29098.228565,2561665470,2561666603,16312,1133
29098.243588,2561676810,2561677943,16232,1133
29098.255617,2561685873,2561687002,16312,1129
29098.276657,2561701741,2561702870,16375,1129
29098.288673,2561710796,2561711924,16251,1128
29098.300706,2561719853,2561720995,16311,1142
29098.314229,2561728294,2561729421,16317,1127
29098.329251,2561739612,2561740737,16236,1125
29098.341279,2561748664,2561749787,16313,1123
29098.353304,2561757719,2561758852,16403,1133
29098.371337,2561771327,2561772455,16388,1128
29098.383354,2561780383,2561781516,16256,1133
29098.395384,2561789457,2561790590,16319,1133
29098.407406,2561798507,2561799645,16391,1138
29098.419422,2561807615,2561808749,16226,1134
29098.431451,2561816683,2561817818,16312,1135
29098.443475,2561825756,2561826889,16400,1133
29098.455491,2561834823,2561835951,16232,1128
29098.467521,2561843894,2561845026,16317,1132
29098.485556,2561857479,2561858612,16316,1133
29098.497577,2561866539,2561867662,16390,1123
29098.515613,2561880125,2561881262,16321,1137
29098.527628,2561889219,2561890357,16236,1138
29098.539657,2561898284,2561899412,16315,1128
29098.551681,2561907332,2561908465,16402,1133
29098.563704,2561916403,2561917530,16318,1127
29098.575727,2561925474,2561926603,16326,1129
29098.587748,2561934538,2561935676,16303,1138
29098.599765,2561943605,2561944743,16250,1138
29098.620811,2561959492,2561960630,16312,1138
29098.632836,2561968581,2561969720,16385,1139
29098.644851,2561977648,2561978781,16246,1133
29098.656878,2561986733,2561987862,16311,1129
29098.668902,2561995815,2561996948,16378,1133
29098.695952,2562016203,2562017331,16373,1128
29098.707970,2562025276,2562026419,16247,1143
29098.719998,2562034366,2562035504,16311,1138
29098.732023,2562043451,2562044580,16300,1129
29098.744039,2562052511,2562053643,16255,1132
29098.756069,2562061598,2562062732,16246,1134
29098.768090,2562070666,2562071804,16372,1138
29098.780108,2562079742,2562080875,16179,1133
29098.792137,2562088799,2562089937,16226,1138
29098.804158,2562097868,2562099000,16380,1132
29098.816177,2562106938,2562108076,16246,1138
29098.828206,2562116048,2562117181,16244,1133
29098.840228,2562125143,2562126276,16471,1133
29098.852245,2562134206,2562135344,16331,1138
29098.864274,2562143288,2562144425,16402,1137
29098.877305,2562154617,2562155746,16264,1129
29098.897331,2562168192,2562169308,16263,1116
29098.909360,2562177227,2562178356,16318,1129
29098.921383,2562186291,2562187419,16391,1128
29098.933399,2562195343,2562196472,16159,1129
29098.945427,2562204402,2562205540,16315,1138
29098.957452,2562213480,2562214618,16390,1138
29098.969468,2562222557,2562223690,16265,1133
29098.984501,2562233919,2562235057,16371,1138
29098.996519,2562242982,2562244110,16262,1128
29099.023571,2562263429,2562264562,16251,1133
29099.035599,2562272500,2562273624,16314,1124
29099.049126,2562282850,2562283983,16316,1133
29099.088200,2562312330,2562313468,16387,1138
29099.100216,2562321393,2562322526,16253,1133
29099.112246,2562330446,2562331580,16403,1134
29099.124267,2562339525,2562340658,16440,1133
29099.136285,2562348593,2562349726,16343,1133
29099.151319,2562359951,2562361089,16377,1138
29099.163337,2562369052,2562370179,16140,1127
29099.175364,2562378139,2562379277,16313,1138
29099.187389,2562387203,2562388341,16391,1138
29099.199405,2562396284,2562397427,16244,1143
29099.211434,2562405400,2562406546,16229,1146
29099.223456,2562414491,2562415619,16281,1128
29099.235474,2562423582,2562424711,16177,1129
29099.247503,2562432629,2562433764,16313,1135
29099.259526,2562441728,2562442857,16321,1129
29099.277560,2562455328,2562456457,16381,1129
29099.289576,2562464393,2562465526,16244,1133
29099.352697,2562512045,2562513178,16263,1133
29099.364724,2562521107,2562522244,16225,1137
29099.376749,2562530181,2562531319,16384,1138
29099.388766,2562539261,2562540394,16264,1133
29099.403800,2562550580,2562551707,16467,1127
29099.445880,2562582265,2562583403,16315,1138
29099.457903,2562591465,2562592592,16322,1127
29099.469920,2562600542,2562601676,16248,1134
29099.481947,2562609631,2562610770,16294,1139
29099.493973,2562618716,2562619849,16405,1133
29099.512005,2562632347,2562633480,16374,1133
29099.524022,2562641426,2562642555,16265,1129
29099.536052,2562650491,2562651619,16315,1128
29099.548074,2562659540,2562660672,16373,1132
29099.561105,2562670893,2562672027,16307,1134
29099.581136,2562684523,2562685651,16311,1128
29099.593160,2562693610,2562694744,16393,1134
29099.617206,2562711792,2562712930,16320,1138
29099.629228,2562720888,2562722017,16382,1129
29099.653275,2562739018,2562740156,16323,1138
29099.665299,2562748162,2562749298,16399,1136
29099.719401,2562789060,2562790189,16389,1129
29099.731417,2562798109,2562799247,16250,1138
29099.743447,2562807178,2562808306,16312,1128
29099.755471,2562816249,2562817387,16328,1138
29099.767486,2562825301,2562826434,16233,1133
29099.788532,2562841180,2562842312,16311,1132
29099.800556,2562850262,2562851400,16398,1138
29099.860669,2562895629,2562896762,16312,1133
29099.872694,2562904713,2562905846,16405,1133
29099.884708,2562913834,2562914972,16237,1138
29099.911760,2562934211,2562935338,16255,1127
29099.923792,2562944817,2562945954,16313,1137
29099.935812,2562953898,2562955022,16386,1124
29099.947832,2562962987,2562964137,16254,1150
29099.959858,2562972089,2562973223,16225,1134
29099.971882,2562981160,2562982289,16313,1129
29099.983897,2562990245,2562991378,16237,1133
29099.995927,2562999323,2563000450,16227,1127
29100.007950,2563008398,2563009531,16392,1133
29100.019966,2563017452,2563018590,16251,1138
29100.031996,2563026530,2563027662,16317,1132
29100.044018,2563035610,2563036748,16387,1138
29100.068064,2563053744,2563054877,16316,1133
29100.080088,2563062877,2563064016,16401,1139
29100.092103,2563071942,2563073080,16238,1138
29100.104134,2563081028,2563082157,16231,1129
29100.116155,2563090124,2563091264,16298,1140
29100.128172,2563099206,2563100351,16248,1145
29100.146206,2563112817,2563113943,16248,1126
29100.158235,2563121880,2563123018,16313,1138
29100.197311,2563151349,2563152486,16396,1137
29100.209326,2563160417,2563161550,16248,1133
29100.233378,2563178597,2563179730,16297,1133
29100.245395,2563187675,2563188802,16152,1127
29100.260431,2563199010,2563200144,16399,1134
29100.272446,2563208084,2563209212,16233,1128
29100.284477,2563217170,2563218303,16312,1133
29100.296499,2563226223,2563227359,16400,1136
29100.308515,2563235309,2563236442,16256,1133
29100.323549,2563246651,2563247784,16384,1133
29100.335566,2563255731,2563256859,16255,1128
29100.347597,2563264788,2563265926,16363,1138
29100.368637,2563280651,2563281780,16393,1129
29100.380652,2563289694,2563290825,16234,1131
29100.407703,2563310099,2563311237,16251,1138
29100.419734,2563319164,2563320302,16314,1138
29100.431755,2563328243,2563329381,16385,1138
29100.443772,2563337356,2563338499,16251,1143
29100.464818,2563353234,2563354367,16311,1133
29100.476842,2563362285,2563363423,16403,1138
29100.500888,2563380464,2563381599,16316,1135
29100.512910,2563389548,2563390684,16387,1136
29100.548979,2563416785,2563417918,16322,1133
29100.560995,2563425874,2563427002,16235,1128
29100.573024,2563434929,2563436057,16315,1128
29100.585048,2563443992,2563445125,16400,1133
29100.597070,2563453072,2563454209,16309,1137
29100.609094,2563462146,2563463279,16319,1133
29100.666203,2563505277,2563506410,16401,1133
29100.678218,2563514349,2563515475,16238,1126
29100.690247,2563523436,2563524579,16298,1143
29100.711287,2563539347,2563540476,16384,1129
29100.723304,2563548433,2563549565,16238,1132
29100.735334,2563557511,2563558649,16317,1138
29100.747357,2563566586,2563567724,16321,1138
29100.759372,2563575672,2563576805,16239,1133
29100.771401,2563584729,2563585862,16228,1133
29100.783425,2563593807,2563594940,16401,1133
29100.795448,2563602867,2563603999,16313,1132
29100.807471,2563611962,2563613105,16269,1143
29100.819493,2563621036,2563622165,16388,1129
29100.831509,2563630097,2563631235,16252,1138
29100.843540,2563639183,2563640316,16315,1133
29100.861573,2563652765,2563653898,16314,1133
29100.873597,2563661834,2563662963,16400,1129
29100.891631,2563675433,2563676571,16400,1138
29100.903646,2563684520,2563685643,16261,1123
29100.915675,2563693590,2563694733,16310,1143
29100.927697,2563702669,2563703792,16374,1123
29100.939715,2563711733,2563712861,16262,1128
29100.951742,2563720800,2563721933,16309,1133
29100.963767,2563729852,2563730990,16300,1138
29100.975783,2563738939,2563740068,16244,1129
29100.987811,2563747997,2563749130,16312,1133
29100.999834,2563757071,2563758200,16370,1129
29101.011852,2563766129,2563767261,16265,1132
29101.023881,2563775216,2563776349,16271,1133
29101.035903,2563784296,2563785433,16371,1137
29101.047920,2563793349,2563794492,16240,1143
29101.059948,2563802434,2563803572,16222,1138
29101.071973,2563811493,2563812625,16389,1132
29101.083989,2563820559,2563821688,16246,1129
29101.096019,2563829625,2563830756,16315,1131
29101.117059,2563845537,2563846670,16382,1133
29101.129075,2563854603,2563855741,16261,1138
29101.141106,2563863676,2563864803,16319,1127
29101.193211,2563904497,2563905623,16398,1126
29101.234281,2563933975,2563935104,16390,1129
29101.249310,2563945297,2563946435,16311,1138
29101.261334,2563954372,2563955495,16399,1123
29101.303414,2563986092,2563987224,16313,1132
29101.315436,2563995188,2563996321,16299,1133
29101.327452,2564004254,2564005387,16163,1133
29101.339483,2564013304,2564014436,16315,1132
29101.351506,2564022397,2564023521,16399,1124
29101.372538,2564038310,2564039438,16232,1128
29101.384567,2564047375,2564048507,16313,1132
29101.456704,2564101759,2564102892,16312,1133
29101.468729,2564110818,2564111961,16402,1143
29101.480744,2564119908,2564121051,16235,1143
29101.492775,2564128982,2564130115,16318,1133
29101.504796,2564138062,2564139200,16388,1138
29101.516812,2564147145,2564148278,16249,1133
29101.528843,2564156219,2564157354,16318,1135
29101.544879,2564169816,2564170950,16309,1134
29101.556898,2564178898,2564180031,16297,1133
29101.568924,2564187985,2564189123,16233,1138
29101.640055,2564240111,2564241244,16320,1133
29101.652070,2564249184,2564250317,16232,1133
29101.664099,2564258228,2564259357,16316,1129
29101.676123,2564267319,2564268449,16398,1130
29101.688145,2564276388,2564277525,16315,1137
29101.700169,2564285466,2564286599,16227,1133
29101.712191,2564294543,2564295679,16388,1136
29101.724207,2564303616,2564304754,16255,1138
29101.736237,2564312692,2564313824,16313,1132
29101.748261,2564321762,2564322900,16402,1138
29101.760276,2564330841,2564331964,16235,1123
29101.772305,2564339917,2564341044,16274,1127
29101.784329,2564348976,2564350104,16402,1128
29101.820396,2564376218,2564377347,16387,1129
29101.832413,2564385263,2564386406,16248,1143
29101.892533,2564430639,2564431768,16386,1129
29101.904550,2564439711,2564440849,16251,1138
29101.916580,2564448796,2564449925,16312,1129
29101.928602,2564457875,2564459009,16384,1134
29101.940618,2564466951,2564468084,16229,1133
29101.952647,2564476022,2564477156,16313,1134
29101.997731,2564510235,2564511367,16445,1132
29102.009751,2564519281,2564520414,16375,1133
29102.021770,2564528346,2564529481,16113,1135
29102.099923,2564587370,2564588503,16371,1133
29102.111941,2564596412,2564597548,16029,1136
29102.123970,2564605457,2564606591,16355,1134
29102.135991,2564614528,2564615661,16338,1133
29102.148010,2564623570,2564624694,16067,1124
29102.160040,2564632584,2564633712,16363,1128
29102.172060,2564641628,2564642759,16381,1131
29102.208128,2564668738,2564669871,16455,1133
29102.220147,2564677743,2564678873,16109,1130
29102.232176,2564686779,2564687917,16445,1138
29102.244198,2564695848,2564696969,16349,1121
29102.256216,2564704853,2564705983,16035,1130
29102.268248,2564713886,2564714998,16218,1112
29102.280265,2564722903,2564724041,16455,1138
29102.292284,2564731907,2564733034,16107,1127
29102.304314,2564740928,2564742068,16441,1140
29102.319336,2564752229,2564753365,16025,1136
29102.331367,2564761329,2564762462,16401,1133
29102.343387,2564770403,2564771521,16430,1118
29102.355404,2564779408,2564780538,16107,1130
29102.367435,2564788469,2564789602,16463,1133
29102.379454,2564797485,2564798619,16374,1134
29102.391473,2564806522,2564807653,16029,1131
29102.403502,2564815564,2564816702,16366,1138
29102.415523,2564824595,2564825728,16378,1133
29102.427542,2564833616,2564834740,16106,1124
29102.439575,2564842673,2564843818,16455,1145
29102.457607,2564856205,2564857318,16208,1113
29102.469626,2564865221,2564866347,16379,1126
29102.505694,2564892280,2564893413,16458,1133
29102.517713,2564901308,2564902438,16107,1130
29102.532745,2564912590,2564913713,16262,1123
29102.544768,2564921776,2564922912,16233,1136
29102.559797,2564933073,2564934206,16367,1133
29102.631934,2564987317,2564988450,16258,1133
29102.643953,2564996356,2564997475,15914,1119
29102.655982,2565005386,2565006515,16359,1129
29102.668003,2565014431,2565015569,16376,1138
29102.680030,2565023452,2565024582,16113,1130
29102.692051,2565032468,2565033601,16363,1133
29102.704071,2565041513,2565042651,16376,1138
29102.716091,2565050537,2565051667,16028,1130
29102.728122,2565059583,2565060690,16216,1107
29102.740139,2565068629,2565069769,16288,1140
29102.752159,2565077683,2565078810,16030,1127
29102.764190,2565086738,2565087871,16389,1133
29102.776208,2565095773,2565096902,16457,1129
29102.788228,2565104783,2565105904,16108,1121
29102.800259,2565113848,2565114986,16468,1138
29102.812278,2565122922,2565124049,16380,1127
29102.851350,2565152294,2565153424,16310,1130
29102.863377,2565161332,2565162477,16366,1145
29102.875397,2565170405,2565171543,16375,1138
29102.887416,2565179426,2565180552,16028,1126
29102.899449,2565188478,2565189612,16379,1134
29102.911466,2565197497,2565198628,16464,1131
29102.923485,2565206534,2565207665,16071,1131
29102.935519,2565215593,2565216705,16297,1112
29102.947535,2565224601,2565225730,16370,1129
29102.959553,2565233615,2565234737,15945,1122
29102.971583,2565242655,2565243793,16319,1138
29102.983606,2565251700,2565252828,16360,1128
29102.995622,2565260727,2565261859,16027,1132
29103.007652,2565269776,2565270909,16275,1133
29103.019672,2565278817,2565279945,16374,1128
29103.031693,2565287859,2565288992,16229,1133
29103.043722,2565296910,2565298021,16216,1111
29103.055742,2565305940,2565307073,16341,1133
29103.068771,2565317215,2565318348,16358,1133
29103.148914,2565375881,2565377011,16030,1130
29103.160943,2565384936,2565386077,16359,1141
29103.172963,2565393981,2565395118,16375,1137
29103.184983,2565403063,2565404190,15995,1127
29103.197014,2565412104,2565413237,16405,1133
29103.273162,2565470782,2565471917,16110,1135
29103.305217,2565493314,2565494447,16362,1133
29103.317237,2565502353,2565503491,16372,1138
29103.356308,2565531694,2565532819,16026,1125
29103.368337,2565540750,2565541879,16363,1129
29103.404406,2565567877,2565569010,16364,1133
29103.416426,2565576919,2565578047,16373,1128
29103.443477,2565597283,2565598410,16370,1127
29103.455496,2565606302,2565607432,16023,1130
29103.473539,2565619864,2565620994,16108,1130
29103.485562,2565628877,2565630010,16358,1133
29103.497580,2565637908,2565639051,16368,1143
29103.509600,2565646951,2565648070,15996,1119
29103.560701,2565685353,2565686489,16372,1136
29103.572727,2565694372,2565695507,16113,1135
29103.584748,2565703427,2565704553,16360,1126
29103.656886,2565757608,2565758746,16367,1138
29103.668906,2565766635,2565767762,16377,1127
29103.680926,2565775650,2565776780,16029,1130
29103.780114,2565850168,2565851304,16103,1136
29103.792143,2565859392,2565860527,16359,1135
29103.804165,2565868475,2565869603,16254,1128
29103.816183,2565877504,2565878634,15943,1130
29103.828216,2565886579,2565887718,16378,1139
29103.840232,2565895632,2565896770,16284,1138
29103.852251,2565904663,2565905798,16027,1135
29103.864281,2565913694,2565914832,16366,1138
29103.876304,2565922751,2565923877,16358,1126
29103.891332,2565934022,2565935150,16358,1128
29103.912369,2565949829,2565950967,16371,1138
29103.924391,2565958896,2565960034,16235,1138
29103.936418,2565967946,2565969075,16365,1129
29103.984507,2566004059,2566005197,16376,1138
29103.996528,2566013141,2566014279,16227,1138
29104.104731,2566094469,2566095596,16103,1127
29104.116760,2566103502,2566104635,16358,1133
29104.128782,2566112552,2566113690,16346,1138
29104.140800,2566121582,2566122712,16024,1130
29104.191901,2566159982,2566161110,16378,1128
29104.203920,2566169176,2566170306,16034,1130
29104.215949,2566178223,2566179356,16363,1133
29104.227971,2566187273,2566188412,16254,1139
29104.239992,2566196314,2566197457,16227,1143
29104.252018,2566205354,2566206478,16274,1124
29104.270055,2566218908,2566220046,16401,1138
29104.282072,2566227951,2566229084,16377,1133
29104.321146,2566257268,2566258406,16229,1138
29104.333172,2566266317,2566267449,16362,1132
29104.396296,2566313724,2566314847,16368,1123
29104.408314,2566322787,2566323915,16344,1128
29104.420334,2566331814,2566332947,16317,1133
29104.432361,2566340855,2566341979,16445,1124
29104.444381,2566349894,2566351033,16378,1139
29104.489466,2566383802,2566384935,16376,1133
29104.501486,2566392819,2566393949,16028,1130
29104.516518,2566404129,2566405267,16341,1138
29104.600675,2566467313,2566468448,16106,1135
29104.612704,2566476373,2566477511,16442,1138
29104.627726,2566487697,2566488830,16069,1133
29104.639755,2566496721,2566497853,16443,1132
29104.651775,2566505757,2566506884,16443,1127
29104.663802,2566514778,2566515913,16192,1135
29104.681829,2566528320,2566529447,16024,1127
29104.693858,2566537324,2566538457,16447,1133
29104.711892,2566550838,2566551964,16363,1126
29104.723914,2566559887,2566561010,16427,1123
29104.735932,2566568914,2566570034,16074,1120
29104.753969,2566582468,2566583605,16232,1137
29104.765998,2566591503,2566592632,16412,1129
29104.808069,2566623101,2566624231,16107,1130
29104.820103,2566632171,2566633294,16376,1123
29104.838132,2566645715,2566646847,16362,1132
29104.904256,2566695412,2566696544,16458,1132
29104.916277,2566704435,2566705562,16321,1127
29104.928304,2566713462,2566714599,16364,1137
29104.943326,2566724757,2566725886,16102,1129
29104.955355,2566733789,2566734922,16447,1133
29104.967379,2566742860,2566743992,16384,1132
29104.985410,2566756423,2566757556,16375,1133
29104.997429,2566765441,2566766568,16030,1127
29105.012462,2566776734,2566777867,16345,1133
29105.024480,2566785777,2566786907,15992,1130
29105.052543,2566808371,2566809498,16360,1127
29105.156736,2566885153,2566886286,16370,1133
29105.171769,2566896433,2566897542,16211,1109
29105.192804,2566912203,2566913334,16371,1131
29105.204824,2566921219,2566922349,15945,1130
29105.216857,2566930265,2566931398,16288,1133
29105.228874,2566939359,2566940482,16348,1123
29105.240892,2566948360,2566949481,16108,1121
29105.267943,2566968689,2566969814,16022,1125
29105.279973,2566977723,2566978856,16385,1133
29105.298007,2566991265,2566992399,16442,1134
29105.310027,2567000320,2567001454,16265,1134
29105.352110,2567031950,2567033085,16369,1135
29105.364133,2567041002,2567042131,16360,1129
29105.376150,2567050019,2567051153,16105,1134
29105.394184,2567063542,2567064677,16022,1135
29105.406215,2567072589,2567073701,16215,1112
29105.418235,2567081665,2567082797,16431,1132
29105.433265,2567093020,2567094149,16359,1129
29105.457311,2567111096,2567112226,16189,1130
29105.469333,2567120142,2567121275,16366,1133
29105.481353,2567129190,2567130323,16371,1133
29105.493372,2567138220,2567139351,16028,1131
29105.544474,2567176632,2567177766,16381,1134
29105.556500,2567185692,2567186830,16080,1138
29105.583544,2567206022,2567207157,16104,1135
29105.595573,2567215065,2567216198,16360,1133
29105.607593,2567224103,2567225236,16266,1133
29105.625629,2567237694,2567238820,16342,1126
29105.637646,2567246750,2567247882,16028,1132
29105.685744,2567282881,2567284014,16440,1133
29105.697765,2567291915,2567293047,16379,1132
29105.787936,2567359657,2567360784,16380,1127
29105.799955,2567368664,2567369789,16104,1125
29105.817989,2567382212,2567383343,15987,1131
29105.830019,2567391234,2567392372,16367,1138
29105.845044,2567402583,2567403710,16234,1127
29105.857073,2567411634,2567412762,16410,1128
29105.869090,2567420683,2567421815,16460,1132
29105.881110,2567429693,2567430828,16105,1135
29105.896142,2567441010,2567442137,16381,1127
29105.908163,2567450049,2567451185,16330,1136
29105.971281,2567497472,2567498610,15994,1138
29106.007352,2567524594,2567525722,16229,1128
29106.019381,2567533646,2567534758,16216,1112
29106.031399,2567542662,2567543795,16379,1133
29106.043418,2567551744,2567552887,16072,1143
29106.055451,2567560797,2567561935,16405,1138
29106.067468,2567569847,2567570980,16458,1133
29106.079487,2567578875,2567579999,16106,1124
29106.097521,2567592409,2567593544,16022,1135
29106.109555,2567601452,2567602590,16461,1138
29106.124573,2567612758,2567613891,16027,1133
29106.139605,2567624042,2567625176,16458,1134
29106.224773,2567689555,2567690698,16355,1143
29106.241795,2567700860,2567701988,16027,1128
29106.253828,2567709921,2567711053,16415,1132
29106.265845,2567718954,2567720086,16380,1132
29106.328966,2567766394,2567767526,16381,1132
29106.340984,2567775435,2567776575,16068,1140
29106.353016,2567784485,2567785623,16414,1138
29106.377053,2567802564,2567803699,16068,1135
29106.389084,2567811604,2567812721,16295,1117
29106.434167,2567845457,2567846589,16438,1132
29106.446190,2567854510,2567855642,16349,1132
29106.461219,2567865796,2567866929,16443,1133
29106.473240,2567874841,2567875964,16384,1123
29106.488270,2567886131,2567887264,16437,1133
29106.536361,2567922307,2567923436,16348,1129
29106.548386,2567931368,2567932494,16079,1126
29106.623528,2567987756,2567988878,16357,1122
29106.636558,2567999018,2568000150,16022,1132
29106.653585,2568010317,2568011450,16357,1133
29106.665601,2568019360,2568020490,16031,1130
29106.677631,2568028398,2568029531,16357,1133
29106.728722,2568066761,2568067885,16027,1124
29106.740751,2568075774,2568076910,16359,1136
29106.824908,2568139013,2568140143,16374,1130
29106.836927,2568148021,2568149146,16027,1125
29106.848959,2568157034,2568158172,16407,1138
29106.860976,2568166067,2568167200,16374,1133
29106.877010,2568179662,2568180800,16452,1138
29106.921094,2568211250,2568212382,16366,1132
29106.933114,2568220279,2568221411,16377,1132
29106.954151,2568236100,2568237225,16030,1125
29106.966189,2568242285,2568242916,13824,631
29106.980334,2568247746,2568248345,11976,599
29106.993234,2568253725,2568254851,16308,1126
29107.005257,2568262724,2568263843,16381,1119
29107.017273,2568271736,2568272863,16159,1127
29107.029304,2568280797,2568281923,16311,1126
29107.041325,2568289832,2568290973,16386,1141
29107.068378,2568310230,2568311352,16399,1122
29107.080393,2568319287,2568320420,16145,1133
29107.092423,2568328402,2568329541,16316,1139
29107.104446,2568337512,2568338646,16394,1134
29107.167565,2568385304,2568386431,16386,1127
29107.185599,2568398869,2568400002,16383,1133
29107.197615,2568407932,2568409058,16232,1126
29107.227679,2568430564,2568431704,16312,1140
29107.239704,2568439615,2568440742,16401,1127
29107.257737,2568453296,2568454439,16376,1143
29107.269753,2568462398,2568463541,16160,1143
29107.284790,2568473793,2568474931,16399,1138
29107.299818,2568485420,2568486558,16318,1138
29107.311840,2568494558,2568495700,16294,1142
29107.323856,2568503681,2568504821,16233,1140
29107.341896,2568517365,2568518505,16307,1140
29107.356925,2568528759,2568529894,16382,1135
29107.368941,2568537884,2568539022,16190,1138
29107.389987,2568553875,2568555011,16308,1136
29107.404515,2568566930,2568568063,16383,1133
29107.463622,2568610176,2568611303,16232,1127
29107.472332,2568616733,2568617612,15419,879
29107.486164,2568625416,2568626553,16189,1137
29107.505213,2568641282,2568642412,16308,1130
29107.517229,2568650349,2568651481,16380,1132
29107.540273,2568666228,2568667363,16315,1135
29107.552297,2568675304,2568676442,16329,1138
29107.564321,2568684357,2568685495,16407,1138
29107.576336,2568693435,2568694568,16238,1133
29107.588365,2568702504,2568703642,16399,1138
29107.600388,2568711577,2568712709,16388,1132
29107.612405,2568720637,2568721769,16251,1132
29107.624435,2568729703,2568730844,16315,1141
29107.639462,2568741039,2568742171,16310,1132
29107.651485,2568750136,2568751269,16318,1133
29107.663509,2568759206,2568760332,16359,1126
29107.681544,2568772789,2568773918,16400,1129
29107.693559,2568781868,2568782997,16328,1129
29107.711593,2568795498,2568796631,16263,1133
29107.723622,2568804598,2568805737,16315,1139
29107.735644,2568813690,2568814828,16372,1138
29107.747662,2568822763,2568823892,16247,1129
29107.759690,2568831840,2568832966,16227,1126
29107.771714,2568840889,2568842027,16386,1138
29107.783730,2568849962,2568851090,16248,1128
29107.801764,2568863550,2568864683,16241,1133
29107.813794,2568872610,2568873748,16311,1138
29107.825816,2568881683,2568882816,16456,1133
29107.837837,2568890734,2568891872,16397,1138
29107.849861,2568899820,2568900953,16312,1133
29107.861885,2568908904,2568910042,16385,1138
29107.873902,2568917947,2568919087,16245,1140
29107.885929,2568927013,2568928146,16313,1133
29107.897952,2568936097,2568937230,16370,1133
29107.909970,2568945212,2568946345,16248,1133
29107.922001,2568954265,2568955393,16312,1128
29107.934023,2568963308,2568964439,16383,1131
29107.946039,2568972370,2568973499,16231,1129
29107.970092,2568990466,2568991593,16400,1127
29107.982108,2568999505,2569000632,16236,1127
29107.994138,2569008546,2569009684,16308,1138
29108.006160,2569017596,2569018748,16385,1152
29108.018176,2569026685,2569027818,16246,1133
29108.039223,2569042500,2569043621,16321,1121
29108.049241,2569051575,2569052711,16326,1136
29108.069282,2569065172,2569066304,16402,1132
29108.081296,2569074238,2569075376,16233,1138
29108.105348,2569092392,2569093518,16378,1126
29108.117365,2569101463,2569102595,16264,1132
29108.141417,2569119598,2569120737,16475,1139
29108.153434,2569128678,2569129811,16327,1133
29108.165461,2569137751,2569138884,16313,1133
29108.177486,2569146808,2569147940,16391,1132
29108.189502,2569155847,2569156988,16216,1141
29108.225570,2569183045,2569184177,16263,1132
29108.237599,2569192104,2569193237,16272,1133
29108.249625,2569201167,2569202295,16388,1128
29108.261639,2569210236,2569211363,16242,1127
29108.312742,2569248743,2569249876,16369,1133
29108.324759,2569257807,2569258950,16205,1143
29108.339796,2569269136,2569270271,16397,1135
29108.351811,2569278213,2569279342,16233,1129
29108.363840,2569287256,2569288389,16314,1133
29108.375864,2569296339,2569297472,16400,1133
29108.387879,2569305400,2569306533,16248,1133
29108.399910,2569314465,2569315597,16312,1132
29108.411931,2569323518,2569324645,16383,1127
29108.423948,2569332579,2569333716,16251,1137
29108.435977,2569341643,2569342775,16317,1132
29108.448002,2569350713,2569351845,16401,1132
29108.460019,2569359801,2569360939,16233,1138
29108.472045,2569368876,2569370008,16315,1132
29108.484069,2569377949,2569379077,16323,1128
29108.496085,2569386995,2569388124,16242,1129
29108.520137,2569405123,2569406252,16383,1129
29108.532160,2569414192,2569415324,16312,1132
29108.544183,2569423262,2569424400,16319,1138
29108.556207,2569432320,2569433458,16309,1138
29108.568222,2569441400,2569442533,16233,1133
29108.580251,2569450451,2569451584,16313,1133
29108.592275,2569459528,2569460666,16384,1138
29108.604291,2569468600,2569469726,16292,1126
29108.616321,2569477649,2569478782,16396,1133
29108.631348,2569488964,2569490096,16318,1132
29108.643372,2569498025,2569499163,16359,1138
29108.655396,2569507120,2569508241,16407,1121
29108.667411,2569516184,2569517317,16318,1133
29108.679440,2569525253,2569526391,16324,1138
29108.691463,2569534314,2569535462,16385,1148
29108.703480,2569543376,2569544508,16257,1132
29108.715510,2569552431,2569553565,16314,1134
29108.727532,2569561506,2569562634,16379,1128
29108.739548,2569570602,2569571735,16245,1133
29108.751576,2569579647,2569580781,16320,1134
29108.763600,2569588707,2569589834,16385,1127
29108.775617,2569597775,2569598908,16244,1133
29108.787646,2569606848,2569607981,16308,1133
29108.799667,2569615918,2569617047,16376,1129
29108.811685,2569624986,2569626119,16263,1133
29108.823714,2569634059,2569635193,16314,1134
29108.835738,2569643125,2569644263,16393,1138
29108.847754,2569652183,2569653312,16248,1129
29108.859782,2569661247,2569662376,16317,1129
29108.871806,2569670295,2569671418,16390,1123
29108.904869,2569695187,2569696310,16315,1123
29108.916890,2569704237,2569705370,16369,1133
29108.928913,2569713287,2569714414,16309,1127
29108.943945,2569724632,2569725765,16399,1133
29108.955960,2569733702,2569734838,16187,1136
29108.967988,2569742755,2569743884,16222,1129
29108.980012,2569751816,2569752945,16324,1129
29108.992029,2569760881,2569762013,16330,1132
29109.004059,2569769942,2569771075,16223,1133
29109.016080,2569779016,2569780148,16290,1132
29109.028103,2569788076,2569789208,16309,1132
29109.040126,2569797150,2569798281,16320,1131
29109.052150,2569806226,2569807358,16401,1132
29109.064166,2569815293,2569816426,16232,1133
29109.076195,2569824363,2569825501,16316,1138
29109.088218,2569833433,2569834565,16383,1132
29109.100234,2569842483,2569843616,16166,1133
29109.112264,2569851541,2569852675,16312,1134
29109.124286,2569860594,2569861737,16382,1143
29109.136303,2569869686,2569870824,16186,1138
29109.148330,2569878772,2569879906,16225,1134
29109.193418,2569912739,2569913866,16313,1127
29109.205440,2569921801,2569922932,16371,1131
29109.265553,2569967118,2569968242,16315,1124
29109.277576,2569976154,2569977286,16321,1132
29109.289595,2569985194,2569986326,16263,1132
29109.319658,2570007889,2570009022,16313,1133
29109.331680,2570016951,2570018089,16390,1138
29109.343697,2570026045,2570027177,16156,1132
29109.361731,2570039638,2570040776,16225,1138
29109.373760,2570048695,2570049828,16222,1133
29109.397800,2570066790,2570067928,16246,1138
29109.409830,2570075850,2570076983,16312,1133
29109.433869,2570093966,2570095093,16234,1127
29109.445898,2570103024,2570104157,16267,1133
29109.481968,2570130228,2570131357,16309,1129
29109.493989,2570139284,2570140410,16379,1126
29109.548093,2570180047,2570181174,16396,1127
29109.560109,2570189147,2570190276,16138,1129
29109.572138,2570198202,2570199335,16316,1133
29109.584161,2570207281,2570208414,16386,1133
29109.605194,2570223116,2570224251,16243,1135
29109.617225,2570232200,2570233341,16267,1141
29109.641263,2570250342,2570251475,16233,1133
29109.653292,2570259398,2570260531,16316,1133
29109.665316,2570268486,2570269615,16357,1129
29109.677332,2570277532,2570278666,16335,1134
29109.689362,2570286584,2570287717,16368,1133
29109.701383,2570295645,2570296777,16381,1132
29109.713401,2570304724,2570305856,16257,1132
29109.725429,2570313769,2570314907,16402,1138
29109.752481,2570334172,2570335301,16273,1129
29109.767503,2570345509,2570346636,16228,1127
29109.779532,2570354604,2570355737,16312,1133
29109.791554,2570363655,2570364788,16279,1133
29109.802076,2570372083,2570373235,16298,1152
29109.814098,2570381167,2570382305,16385,1138
29109.829126,2570392504,2570393630,16305,1126
29109.841148,2570401565,2570402697,16369,1132
29109.853166,2570410616,2570411754,16261,1138
29109.868200,2570421934,2570423061,16373,1127
29109.880218,2570430964,2570432092,16255,1128
29109.892245,2570440018,2570441151,16309,1133
29109.904270,2570449087,2570450213,16346,1126
29109.916286,2570458124,2570459257,16248,1133
29109.928315,2570467199,2570468333,16311,1134
29109.949354,2570483083,2570484221,16380,1138
29109.961372,2570492157,2570493295,16260,1138
29109.973400,2570501222,2570502354,16318,1132
29109.985426,2570510310,2570511453,16342,1143
29109.997440,2570519370,2570520502,16250,1132
29110.009468,2570528410,2570529543,16267,1133
29110.024492,2570539734,2570540861,16264,1127
29110.038020,2570550194,2570551324,16253,1130
29110.053052,2570561522,2570562654,16389,1132
29110.065069,2570570593,2570571725,16161,1132
29110.080103,2570581945,2570583078,16367,1133
29110.125190,2570615902,2570617035,16389,1133
29110.137206,2570624965,2570626088,16249,1123
29110.149234,2570634029,2570635158,16315,1129
29110.179291,2570656696,2570657829,16366,1133
29110.191309,2570665773,2570666905,16158,1132
29110.203340,2570674823,2570675955,16319,1132
29110.221372,2570688401,2570689536,16320,1135
29110.233397,2570697472,2570698610,16399,1138
29110.311545,2570756407,2570757541,16316,1134
29110.323568,2570765443,2570766572,16403,1129
29110.336599,2570776780,2570777913,16308,1133
29110.353618,2570788121,2570789249,16192,1128
29110.365647,2570797181,2570798314,16320,1133
29110.377670,2570806243,2570807376,16387,1133
29110.389688,2570815333,2570816471,16263,1138
29110.404720,2570826670,2570827805,16373,1135
29110.443789,2570856146,2570857279,16246,1133
29110.455817,2570865203,2570866336,16318,1133
29110.467840,2570874277,2570875406,16327,1129
29110.479858,2570883350,2570884482,16266,1132
29110.491887,2570892416,2570893547,16313,1131
29110.503908,2570901490,2570902616,16447,1126
29110.545988,2570933176,2570934309,16320,1133
29110.558013,2570942243,2570943376,16432,1133
29110.585063,2570962628,2570963766,16370,1138
29110.597081,2570971708,2570972839,16337,1131
29110.630151,2570996650,2570997777,16485,1127
29110.642166,2571005696,2571006829,16320,1133
29110.702288,2571050969,2571052095,16390,1126
29110.729340,2571071371,2571072514,16402,1143
29110.741355,2571080437,2571081569,16232,1132
29110.753385,2571089500,2571090622,16317,1122
29110.768406,2571100855,2571101987,16243,1132
29110.780437,2571109921,2571111059,16315,1138
29110.792458,2571118998,2571120131,16377,1133
29110.804475,2571128099,2571129235,16252,1136
29110.852573,2571164326,2571165458,16312,1132
29110.864596,2571173406,2571174534,16320,1128
29110.876612,2571182481,2571183613,16250,1132
29110.897660,2571198359,2571199497,16313,1138
29110.909681,2571207418,2571208555,16387,1137
29110.921698,2571216481,2571217613,16234,1132
29110.933727,2571225549,2571226672,16272,1123
29110.948750,2571236848,2571237986,16239,1138
29110.960779,2571245909,2571247046,16403,1137
29110.984818,2571264056,2571265189,16251,1133
29110.996848,2571273111,2571274249,16316,1138
29111.008870,2571282197,2571283326,16381,1129
29111.065973,2571325242,2571326374,16243,1132
29111.078003,2571334296,2571335434,16317,1138
29111.169174,2571404541,2571405677,16381,1136
29111.186209,2571415870,2571416997,16315,1127
29111.198230,2571424937,2571426066,16387,1129
29111.213262,2571436458,2571437585,16412,1127
29111.273365,2571481576,2571482706,15998,1130
29111.285393,2571490593,2571491716,16364,1123
29111.375565,2571558311,2571559444,16361,1133
29111.387585,2571567326,2571568453,16378,1127
29111.405620,2571580850,2571581977,16373,1127
29111.417639,2571589884,2571591019,16111,1135
29111.477757,2571635090,2571636223,16377,1133
29111.489776,2571644121,2571645251,16072,1130
29111.579947,2571711829,2571712963,16104,1134
29111.591977,2571720869,2571722001,16363,1132
29111.603997,2571729900,2571731036,16461,1136
29111.616021,2571738967,2571740100,16313,1133
29111.628045,2571747996,2571749122,16447,1126
29111.640065,2571757003,2571758135,16372,1132
29111.652084,2571766017,2571767142,16031,1125
29111.670119,2571779602,2571780729,16069,1127
29111.682148,2571788629,2571789767,16449,1138
29111.700183,2571802181,2571803319,16444,1138
29111.712206,2571811242,2571812368,16372,1126
29111.724221,2571820280,2571821410,15996,1130
29111.736251,2571829299,2571830440,16360,1141
29111.757288,2571845101,2571846239,16254,1138
29111.769307,2571854130,2571855244,15993,1114
29111.805384,2571881181,2571882316,16111,1135
29111.817405,2571890207,2571891333,16355,1126
29111.847459,2571912798,2571913925,16457,1127
29111.859482,2571921827,2571922959,16316,1132
29111.871512,2571930873,2571932012,16456,1139
29111.907580,2571957929,2571959062,16411,1133
29111.919597,2571966960,2571968090,16378,1130
29111.931616,2571975974,2571977104,16034,1130
29111.943649,2571985048,2571986185,16381,1137
29111.955665,2571994075,2571995208,16257,1133
29111.967684,2572003100,2572004230,16071,1130
29111.979714,2572012131,2572013263,16357,1132
29111.991734,2572021154,2572022277,16370,1123
29112.003761,2572030158,2572031282,16122,1124
29112.024800,2572045927,2572047060,16437,1133
29112.036821,2572055022,2572056158,16258,1136
29112.123992,2572120463,2572121590,16456,1127
29112.136009,2572129478,2572130614,16459,1136
29112.148027,2572138491,2572139616,16109,1125
29112.166062,2572152068,2572153193,15990,1125
29112.178091,2572161082,2572162215,16370,1133
29112.226180,2572197144,2572198282,16457,1138
29112.238199,2572206219,2572207364,16116,1145
29112.328370,2572274217,2572275343,16027,1126
29112.340399,2572283256,2572284385,16362,1129
29112.361439,2572299109,2572300238,16350,1129
29112.373456,2572308146,2572309271,16077,1125
29112.391491,2572321655,2572322790,16109,1135
29112.403523,2572330692,2572331829,16414,1137
29112.415540,2572339715,2572340853,16374,1138
29112.427562,2572348743,2572349852,16269,1109
29112.439588,2572357757,2572358895,16380,1138
29112.451609,2572366834,2572367961,16268,1127
29112.463627,2572375862,2572376982,15993,1120
29112.475657,2572384870,2572386002,16267,1132
29112.496694,2572400684,2572401816,16370,1132
29112.508713,2572409689,2572410818,16031,1129
29112.520743,2572418739,2572419872,16359,1133
29112.532763,2572427771,2572428909,16375,1138
29112.553802,2572443599,2572444732,16230,1133
29112.565828,2572452618,2572453752,16361,1134
29112.616919,2572490962,2572492092,16024,1130
29112.628949,2572499992,2572501130,16361,1138
29112.640969,2572509031,2572510164,16379,1133
29112.656004,2572520384,2572521516,16283,1132
29112.668020,2572529415,2572530538,16286,1123
29112.680039,2572538408,2572539534,16109,1126
29112.701088,2572554197,2572555326,16483,1129
29112.713106,2572563245,2572564372,16459,1127
29112.752179,2572592580,2572593710,16313,1130
29112.764206,2572601606,2572602739,16448,1133
29112.776226,2572610636,2572611764,16371,1128
29112.788245,2572619659,2572620784,16028,1125
29112.809291,2572635509,2572636638,16349,1129
29112.821312,2572644537,2572645671,16374,1134
29112.848363,2572664848,2572665986,16259,1138
29112.860383,2572673895,2572675020,16000,1125
29112.872412,2572682938,2572684070,16355,1132
29112.884431,2572691974,2572693096,16373,1122
29112.896458,2572700961,2572702096,16111,1135
29112.944548,2572737049,2572738182,16439,1133
29112.956570,2572746093,2572747221,16428,1128
29112.968588,2572755102,2572756227,16028,1125
29112.983620,2572766387,2572767520,16377,1133
29113.001657,2572779955,2572781081,16445,1126
29113.013673,2572788962,2572790097,16105,1135
29113.025703,2572797985,2572799123,16446,1138
29113.037725,2572807035,2572808172,16348,1137
29113.055759,2572820588,2572821710,16427,1122
29113.067780,2572829638,2572830765,16140,1127
29113.079806,2572838677,2572839811,16357,1134
29113.091826,2572847713,2572848845,16374,1132
29113.103845,2572856707,2572857843,16025,1136
29113.115876,2572865739,2572866851,16210,1112
29113.127896,2572874729,2572875856,16347,1127
29113.176994,2572913064,2572914202,16436,1138
29113.224084,2572946965,2572948097,16366,1132
29113.236101,2572956002,2572957144,16383,1142
29113.248122,2572965060,2572966193,16246,1133
29113.260149,2572974089,2572975227,16356,1138
29113.272171,2572983169,2572984307,16348,1138
29113.284190,2572992202,2572993327,16066,1125
29113.383377,2573066686,2573067816,16026,1130
29113.395409,2573075758,2573076887,16375,1129
29113.407426,2573084778,2573085914,16382,1136
29113.419448,2573093782,2573094896,16261,1114
29113.431476,2573102763,2573103880,16111,1117
29113.443495,2573111732,2573112864,16348,1132
29113.455516,2573120771,2573121900,16313,1129
29113.467544,2573129811,2573130943,16386,1132
29113.479563,2573138841,2573139974,16373,1133
29113.491590,2573147847,2573148970,16113,1123
29113.503612,2573156866,2573158003,16438,1137
29113.545688,2573188477,2573189610,16315,1133
29113.557715,2573197492,2573198624,16439,1132
29113.569735,2573206522,2573207651,16381,1129
29113.600802,2573231349,2573232481,16356,1132
29113.617826,2573242643,2573243748,16335,1105
29113.629852,2573251637,2573252775,16362,1138
29113.668924,2573280984,2573282119,16382,1135
29113.680943,2573290052,2573291182,16029,1130
29113.704992,2573308124,2573309257,16374,1133
29113.717011,2573317130,2573318255,16028,1125
29113.738058,2573332932,2573334064,16439,1132
29113.750080,2573341993,2573343120,16349,1127
29113.765109,2573353287,2573354419,16437,1132
29113.805191,2573384896,2573386026,16018,1130
29113.876318,2573436832,2573437970,16457,1138
29113.888349,2573445909,2573447042,16304,1133
29113.909384,2573461702,2573462845,16361,1143
29113.921403,2573470776,2573471914,16372,1138
29113.975507,2573511393,2573512516,16377,1123
29114.005563,2573533970,2573535097,16228,1127
29114.017589,2573542998,2573544140,16356,1142
29114.056659,2573572402,2573573528,16351,1126
29114.068680,2573581428,2573582562,16027,1134
29114.089729,2573597261,2573598385,16369,1124
29114.101749,2573606296,2573607422,16370,1126
29114.116778,2573617560,2573618686,16437,1126
29114.128799,2573626606,2573627739,16461,1133
29114.216971,2573694385,2573695518,16342,1133
29114.300124,2573755388,2573756516,16376,1128
29114.312143,2573764411,2573765537,16022,1126
29114.324172,2573773451,2573774589,16268,1138
29114.336193,2573782473,2573783611,16258,1138
29114.348211,2573791520,2573792655,15988,1135
29114.360241,2573800566,2573801704,16359,1138
29114.372262,2573809611,2573810740,16371,1129
29114.408330,2573836704,2573837836,16372,1132
29114.420349,2573845712,2573846842,16023,1130
29114.432378,2573854745,2573855878,16354,1133
29114.444400,2573863816,2573864949,16341,1133
29114.504515,2573908903,2573910030,16350,1127
29114.516537,2573917966,2573919099,16347,1133
29114.532568,2573931508,2573932644,16344,1136
29114.567635,2573956374,2573957506,16441,1132
29114.579656,2573965422,2573966555,16458,1133
29114.591674,2573974439,2573975564,16107,1125
29114.603704,2573983453,2573984582,16438,1129
29114.615724,2573992469,2573993603,16378,1134
29114.627743,2574001482,2574002607,16025,1125
29114.639777,2574010547,2574011685,16378,1138
29114.651789,2574019625,2574020769,16373,1144
29114.663808,2574028654,2574029775,15955,1121
29114.675841,2574037653,2574038785,16364,1132
29114.687864,2574046682,2574047815,16365,1133
29114.699880,2574055699,2574056819,16108,1120
29114.711910,2574064719,2574065857,16440,1138
29114.729944,2574078318,2574079447,16365,1129
29114.741965,2574087378,2574088506,16347,1128
29114.759988,2574100911,2574102036,16078,1125
29114.772020,2574109947,2574111085,16311,1138
29114.784050,2574118993,2574120123,16406,1130
29114.802081,2574132529,2574133672,16429,1143
29114.814101,2574141570,2574142703,16458,1133
29114.865201,2574179996,2574181129,16439,1133
29114.877222,2574189056,2574190190,16455,1134
29114.889244,2574198068,2574199201,16232,1133
29114.901269,2574207117,2574208247,16353,1130
29114.916292,2574218399,2574219529,16026,1130
29114.931324,2574229713,2574230836,16250,1123
29114.943343,2574238742,2574239872,15983,1130
29114.955373,2574247781,2574248919,16353,1138
29114.967393,2574256841,2574257972,16377,1131
29114.979420,2574265870,2574266990,16112,1120
29114.991441,2574274886,2574276019,16363,1133
29115.003462,2574283908,2574285036,16458,1128
29115.076609,2574340397,2574341532,16114,1135
29115.120685,2574372037,2574373170,16373,1133
29115.132706,2574381123,2574382258,16227,1135
29115.180804,2574417242,2574418375,16402,1133
29115.192822,2574426296,2574427429,16371,1133
29115.240909,2574462376,2574463505,16066,1129
29115.252939,2574471415,2574472539,16381,1124
29115.273978,2574487234,2574488361,16434,1127
29115.289009,2574498516,2574499654,16439,1138
29115.313046,2574516585,2574517715,15987,1130
29115.325076,2574525607,2574526736,16356,1129
29115.340098,2574536936,2574538071,16022,1135
29115.352127,2574545979,2574547110,16442,1131
29115.364148,2574555006,2574556129,16461,1123
29115.382185,2574568538,2574569666,16360,1128
29115.392331,2574577560,2574578690,16099,1130
29115.406230,2574586596,2574587725,16442,1129
29115.430272,2574604660,2574605783,16234,1123
29115.493389,2574652064,2574653199,16021,1135
29115.505419,2574661112,2574662245,16441,1133
29115.520441,2574672377,2574673507,16023,1130
29115.535475,2574683712,2574684850,16346,1138
29115.547492,2574692936,2574694066,16026,1130
29115.559526,2574701939,2574703051,16235,1112
29115.571531,2574710906,2574712036,16085,1130
29115.583561,2574719958,2574721091,16011,1133
29115.595592,2574728966,2574730099,16376,1133
29115.607599,2574737957,2574739082,16089,1125
29115.619631,2574746957,2574748100,16215,1143
29115.712816,2574816809,2574817954,16388,1145
29115.724833,2574825850,2574826978,16264,1128
29115.739869,2574837132,2574838256,16412,1124
29115.751886,2574846286,2574847418,16345,1132
29115.763903,2574855296,2574856420,16029,1124
29115.775937,2574864322,2574865455,16386,1133
29115.787944,2574873350,2574874480,16083,1130
29115.799976,2574882354,2574883461,16232,1107
29115.812005,2574891351,2574892484,16405,1133
29115.824019,2574900336,2574901466,16045,1130
29115.836045,2574909350,2574910481,16032,1131
29115.848073,2574918375,2574919508,16394,1133
29115.860081,2574927394,2574928529,16081,1135
29115.878116,2574940930,2574942060,16161,1130
29115.890143,2574949950,2574951085,16121,1135
29115.914183,2574967953,2574969083,16083,1130
29115.926211,2574976949,2574978087,16233,1138
29115.944250,2574990452,2574991587,16126,1135
29115.956275,2574999541,2575000679,16341,1138
29115.968286,2575008544,2575009674,16082,1130
29116.037432,2575060254,2575061380,16366,1126
29116.049440,2575069269,2575070399,16084,1130
29116.103556,2575109850,2575110988,16366,1138
29116.115576,2575118843,2575119967,16123,1124
29116.127605,2575127881,2575129019,16481,1138
29116.139611,2575136906,2575138037,16153,1131
29116.152647,2575148247,2575149385,16381,1138
29116.205748,2575186556,2575187686,16034,1130
29116.219281,2575193400,2575194036,13671,636
29116.232332,2575199295,2575199900,12088,605
29116.264360,2575219341,2575220471,16104,1130
29116.276388,2575228427,2575229559,16403,1132
29116.288410,2575237481,2575238610,16391,1129
29116.300424,2575246500,2575247626,15999,1126
29116.312458,2575255552,2575256690,16433,1138
29116.351530,2575284934,2575286067,16467,1133
29116.363545,2575294031,2575295156,16083,1125
29116.381579,2575307594,2575308714,16081,1120
29116.393612,2575316619,2575317762,16436,1143
29116.408633,2575327936,2575329074,16257,1138
29116.420664,2575336975,2575338104,16320,1129
29116.435682,2575348273,2575349414,16084,1141
29116.468755,2575373177,2575374315,16402,1138
29116.480767,2575382228,2575383365,16078,1137
29116.492801,2575391288,2575392421,16266,1133
29116.507819,2575402578,2575403708,15996,1130
29116.519852,2575411620,2575412758,16309,1138
29116.531873,2575420685,2575421817,16385,1132
29116.543888,2575429713,2575430844,16004,1131
29116.555920,2575438772,2575439905,16318,1133
29116.568951,2575450142,2575451275,16229,1133
29116.597990,2575470499,2575471624,15998,1125
29116.610024,2575479543,2575480672,16356,1129
29116.640079,2575502140,2575503273,16393,1133
29116.652090,2575511207,2575512343,15964,1136
29116.664128,2575520305,2575521443,16448,1138
29116.676149,2575529394,2575530539,16460,1145
29116.688159,2575538461,2575539591,15971,1130
29116.700195,2575547536,2575548674,16350,1138
29116.712216,2575556618,2575557756,16385,1138
29116.724327,2575565449,2575566324,15330,875
29116.737756,2575574196,2575575323,16006,1127
29116.761810,2575592257,2575593384,16463,1127
29116.773830,2575601513,2575602651,16257,1138
29116.788862,2575612846,2575613984,16382,1138
29116.800876,2575621932,2575623068,15920,1136
29116.812909,2575631014,2575632148,16320,1134
29116.827928,2575642358,2575643492,16083,1134
29116.839962,2575651430,2575652569,16353,1139
29116.851982,2575660473,2575661611,16389,1138
29116.876027,2575678537,2575679655,16229,1118
29116.889061,2575689813,2575690948,16001,1135
29116.901081,2575698863,2575699996,16351,1133
29116.924120,2575714709,2575715847,16396,1138
29116.936133,2575723743,2575724870,16001,1127
29116.948167,2575732801,2575733933,16343,1132
29116.960188,2575741848,2575742986,16382,1138
29116.972206,2575750924,2575752062,16245,1138
29116.985233,2575762254,2575763391,16382,1137
29117.020302,2575787193,2575788326,16311,1133
29117.032325,2575796238,2575797380,16429,1142
29117.044339,2575805282,2575806408,16001,1126
29117.077411,2575830200,2575831338,16378,1138
29117.089425,2575839249,2575840384,16005,1135
29117.101461,2575848308,2575849446,16430,1138
29117.116479,2575859641,2575860779,16231,1138
29117.128510,2575868684,2575869816,16254,1132
29117.152545,2575886708,2575887833,16030,1125
29117.164578,2575895747,2575896875,16312,1128
29117.185617,2575911622,2575912755,16468,1133
29117.197631,2575920656,2575921776,16003,1120
29117.221687,2575938754,2575939877,16397,1123
29117.233699,2575947771,2575948905,16005,1134
29117.257754,2575965841,2575966986,16365,1145
29117.269768,2575974926,2575976066,16005,1140
29117.287799,2575988586,2575989718,15968,1132
29117.299836,2575997693,2575998848,16432,1155
29117.311858,2576006826,2576007968,16317,1142
29117.323871,2576015953,2576017107,16005,1154
29117.335904,2576025075,2576026212,16347,1137
29117.347925,2576034145,2576035281,16384,1136
29117.359947,2576043165,2576044294,16084,1129
29117.371973,2576052247,2576053380,16320,1133
29117.383993,2576061418,2576062556,16377,1138
29117.396008,2576070436,2576071572,16002,1136
29117.408041,2576079474,2576080612,16347,1138
29117.420063,2576088580,2576089723,16306,1143
29117.432076,2576097621,2576098755,16076,1134
29117.444110,2576106669,2576107807,16390,1138
29117.456131,2576115740,2576116873,16384,1133
29117.468145,2576124755,2576125884,16082,1129
29117.480178,2576133811,2576134951,16354,1140
29117.492199,2576142875,2576144013,16387,1138
29117.504214,2576151908,2576153032,16008,1124
29117.516246,2576160983,2576162131,16327,1148
29117.528268,2576170082,2576171227,16466,1145
29117.540282,2576179130,2576180260,16080,1130
29117.555319,2576190463,2576191603,16381,1140
29117.579367,2576208570,2576209694,16344,1124
29117.591388,2576217684,2576218826,16380,1142
29117.603402,2576226724,2576227851,16000,1127
29117.615434,2576235780,2576236917,16318,1137
29117.627459,2576244863,2576245991,16401,1128
29117.639471,2576253863,2576254994,16001,1131
29117.651504,2576262909,2576264039,16350,1130
29117.663525,2576271950,2576273074,16469,1124
29117.675540,2576280980,2576282110,16079,1130
29117.693574,2576294536,2576295677,15998,1141
29117.705607,2576303633,2576304767,16321,1134
29117.717629,2576312727,2576313860,16395,1133
29117.729645,2576321779,2576322903,16000,1124
29117.783745,2576362459,2576363594,16000,1135
29117.795778,2576371668,2576372806,16434,1138
29117.807800,2576380758,2576381886,16402,1128
29117.819814,2576389831,2576390961,16014,1130
29117.831846,2576398883,2576400019,16350,1136
29117.843867,2576407956,2576409083,16361,1127
29117.855889,2576416998,2576418125,16083,1127
29117.867914,2576426041,2576427173,16339,1132
29117.880945,2576437327,2576438460,16017,1133
29117.897970,2576448673,2576449805,16367,1132
29117.909987,2576457788,2576458926,16244,1138
29117.922017,2576466840,2576467973,16351,1133
29117.934038,2576475931,2576477069,16367,1138
29117.946054,2576484955,2576486089,16022,1134
29117.976120,2576507589,2576508727,16435,1138
29117.988141,2576516654,2576517799,16343,1145
29118.000157,2576525811,2576526946,16017,1135
29118.012187,2576534877,2576536005,16313,1128
29118.024210,2576543909,2576545046,16369,1137
29118.036225,2576552974,2576554109,16093,1135
29118.048258,2576562036,2576563168,16349,1132
29118.060279,2576571080,2576572218,16379,1138
29118.096347,2576598234,2576599357,16370,1123
29118.108366,2576607287,2576608420,16253,1133
29118.141435,2576632301,2576633430,16389,1129
29118.153455,2576641341,2576642479,16311,1138
29118.165482,2576650427,2576651565,16393,1138
29118.177503,2576659503,2576660639,16414,1136
29118.189521,2576668596,2576669734,16096,1138
29118.201550,2576677694,2576678821,16394,1127
29118.213573,2576686753,2576687886,16400,1133
29118.244636,2576711630,2576712768,16336,1138
29118.327791,2576772796,2576773929,16430,1133
29118.339811,2576781819,2576782957,16377,1138
29118.357848,2576795453,2576796577,16392,1124
29118.369860,2576804484,2576805611,15997,1127
29118.396911,2576824899,2576826034,16078,1135
29118.408942,2576834029,2576835164,16315,1135
29118.441997,2576858909,2576860045,16015,1136
29118.505120,2576906488,2576907628,16249,1140
29118.517149,2576915556,2576916694,16332,1138
29118.553218,2576942764,2576943893,16391,1129
29118.565239,2576951816,2576952954,16456,1138
29118.580269,2576963128,2576964262,16348,1134
29118.604308,2576981247,2576982385,16248,1138
29118.616339,2576990331,2576991464,16326,1133
29118.628360,2576999393,2577000526,16388,1133
29118.661425,2577024293,2577025431,16396,1138
29118.673446,2577033406,2577034536,16386,1130
29118.760615,2577099135,2577100278,16446,1143
29118.772635,2577108200,2577109338,16387,1138
29118.808704,2577135498,2577136649,16393,1151
29118.820718,2577144681,2577145812,16082,1131
29118.856786,2577171839,2577172975,16002,1136
29118.868822,2577180913,2577182047,16353,1134
29118.880840,2577190005,2577191142,16380,1137
29118.892855,2577199038,2577200170,16078,1132
29118.904886,2577208122,2577209265,16311,1143
29118.916909,2577217182,2577218314,16381,1132
29118.969005,2577257913,2577259058,16353,1145
29119.010077,2577287564,2577288691,15999,1127
29119.022113,2577296634,2577297767,16295,1133
29119.034132,2577305691,2577306829,16382,1138
29119.046154,2577314782,2577315920,16087,1138
29119.058180,2577323851,2577324994,16345,1143
29119.079218,2577339735,2577340871,16386,1136
29119.094248,2577351111,2577352257,16348,1146
29119.124303,2577373810,2577374948,16382,1138
29119.136318,2577382870,2577384008,15996,1138
29119.148351,2577391938,2577393084,16314,1146
29119.175402,2577412361,2577413506,16308,1145
29119.187424,2577421468,2577422613,16356,1145
29119.199440,2577430539,2577431677,16229,1138
29119.211471,2577439617,2577440759,16350,1142
29119.223493,2577448757,2577449891,16386,1134
29119.235510,2577457796,2577458939,16021,1143
29119.253541,2577471393,2577472524,16001,1131
29119.265574,2577480443,2577481581,16347,1138
29119.292625,2577500858,2577502014,16305,1156
29119.304648,2577509968,2577511105,16397,1137
29119.367766,2577557698,2577558827,16385,1129
29119.379781,2577566713,2577567846,16003,1133
29119.391814,2577575774,2577576923,16346,1149
29119.409848,2577589372,2577590510,16343,1138
29119.421869,2577598466,2577599605,16379,1139
29119.433883,2577607575,2577608711,16078,1136
29119.445917,2577616636,2577617764,16314,1128
29119.481986,2577643913,2577645058,16431,1145
29119.497006,2577655261,2577656398,16227,1137
29119.509037,2577664355,2577665487,16327,1132
29119.602214,2577734612,2577735758,16400,1146
29119.614226,2577743716,2577744850,16001,1134
29119.626260,2577752766,2577753912,16351,1146
29119.638281,2577761899,2577763032,16378,1133
29119.689380,2577800473,2577801614,16348,1141
29119.701401,2577809576,2577810721,16354,1145
29119.728452,2577829995,2577831123,16383,1128
29119.743483,2577841335,2577842476,16317,1141
29119.812601,2577893546,2577894677,16040,1131
29119.824637,2577902614,2577903747,16309,1133
29119.836659,2577911721,2577912853,16368,1132
29119.848675,2577920794,2577921932,16268,1138
29119.860704,2577929868,2577931007,16346,1139
29119.872726,2577938956,2577940086,16362,1130
29119.884743,2577948049,2577949182,16265,1133
29119.911792,2577968452,2577969583,16014,1131
29119.923824,2577977522,2577978660,16347,1138
29119.935845,2577986626,2577987766,16425,1140
29119.947861,2577995687,2577996820,15932,1133
29119.959891,2578004741,2578005853,16148,1112
29119.971914,2578013776,2578014912,16372,1136
29119.983932,2578022853,2578023993,16268,1140
29120.001964,2578036449,2578037576,16011,1127
29120.013996,2578045503,2578046641,16350,1138
29120.032030,2578059082,2578060218,16341,1136
29120.044053,2578068354,2578069487,16282,1133
29120.056067,2578077395,2578078531,16017,1136
29120.068099,2578086460,2578087598,16328,1138
29120.080119,2578095534,2578096678,16369,1144
29120.092137,2578104621,2578105764,16248,1143
29120.104165,2578113741,2578114865,16229,1124
29120.116188,2578122792,2578123942,16452,1150
29120.128204,2578131857,2578132982,16016,1125
29120.140236,2578140954,2578142091,16321,1137
29120.152257,2578150033,2578151179,16367,1146
29120.164275,2578159153,2578160296,16347,1143
29120.176305,2578168250,2578169383,16356,1133
29120.188327,2578177342,2578178476,16316,1134
29120.200338,2578186413,2578187544,15965,1131
29120.212372,2578195478,2578196594,16230,1116
29120.224396,2578204539,2578205681,16472,1142
29120.239426,2578215869,2578216998,16320,1129
29120.251447,2578225016,2578226156,16265,1140
29120.263466,2578234112,2578235263,16280,1151
29120.275494,2578243247,2578244392,16312,1145
29120.287517,2578252359,2578253505,16319,1146
29120.299526,2578261466,2578262597,15957,1131
29120.311563,2578270565,2578271706,16349,1141
29120.323584,2578279656,2578280807,16355,1151
29120.335609,2578288992,2578290132,16402,1140
29120.360660,2578309344,2578310481,16037,1137
29120.443804,2578370445,2578371576,16094,1131
29120.455831,2578379512,2578380639,16352,1127
29120.467842,2578388545,2578389678,16161,1133
29120.479876,2578397619,2578398761,16055,1142
29120.491905,2578406732,2578407878,16394,1146
29120.503911,2578415747,2578416885,16083,1138
29120.515941,2578424780,2578425921,16048,1141
29120.527973,2578433823,2578434954,16429,1131
29120.539979,2578442836,2578443962,16080,1126
29120.552014,2578451828,2578452961,16057,1133
29120.564041,2578460895,2578462013,16180,1118
29120.576049,2578469868,2578470999,16088,1131
29120.588078,2578478924,2578480069,16224,1145
29120.606112,2578492493,2578493625,16124,1132
29120.618143,2578501557,2578502695,16453,1138
29120.648189,2578524085,2578525213,16242,1128
29120.660212,2578533135,2578534256,15961,1121
29120.672247,2578542158,2578543293,16392,1135
29120.690285,2578555817,2578556960,16392,1143
29120.711305,2578571652,2578572769,16157,1117
29120.723339,2578580682,2578581825,16132,1143
29120.735369,2578589764,2578590897,16473,1133
29120.747374,2578598809,2578599952,16091,1143
29120.765408,2578612369,2578613512,16082,1143
29120.777443,2578621369,2578622494,16047,1125
29120.840563,2578668907,2578670048,16117,1141
29120.852590,2578677929,2578679067,16473,1138
29120.864599,2578687056,2578688178,16082,1122
29120.876631,2578696070,2578697213,16038,1143
29120.903679,2578716529,2578717658,16037,1129
29120.915710,2578725595,2578726740,16395,1145
29120.927722,2578734667,2578735793,16194,1126
29120.939751,2578743663,2578744806,16119,1143
29120.951780,2578752743,2578753862,16308,1119
29120.984836,2578777560,2578778698,16314,1138
29120.996866,2578786658,2578787799,16495,1141
29121.008873,2578795711,2578796841,16100,1130
29121.053970,2578829620,2578830767,16356,1147
29121.065989,2578838718,2578839861,16041,1143
29121.090027,2578856812,2578857943,16079,1131
29121.102059,2578865849,2578866987,16072,1138
29121.114089,2578874962,2578876102,16455,1140
29121.126094,2578884004,2578885147,16082,1143
29121.192231,2578933816,2578934959,16088,1143
29121.204259,2578942866,2578944008,16399,1142
29121.216279,2578951954,2578953105,16363,1151
29121.228307,2578961004,2578962138,16194,1134
29121.255351,2578981373,2578982516,16042,1143
29121.267376,2578990502,2578991639,16372,1137
29121.279393,2578999552,2579000694,16036,1142
29121.300438,2579015363,2579016494,16039,1131
29121.312465,2579024422,2579025571,16391,1149
29121.384603,2579078697,2579079830,16402,1133
29121.396609,2579087710,2579088850,16081,1140
29121.468746,2579142009,2579143152,16087,1143
29121.480782,2579151135,2579152266,16257,1131
29121.504814,2579169233,2579170371,16075,1138
29121.516849,2579178285,2579179423,16038,1138
29121.576959,2579223478,2579224616,16052,1138
29121.588986,2579232545,2579233680,16059,1135
29121.605025,2579246112,2579247246,16133,1134
29121.625059,2579259708,2579260846,16118,1138
29121.640071,2579271036,2579272179,16156,1143
29121.676148,2579298215,2579299347,16003,1132
29121.688173,2579307358,2579308504,16235,1146
29121.700202,2579316425,2579317571,16387,1146
29121.712209,2579325494,2579326632,16080,1138
29121.724247,2579334536,2579335671,16034,1135
29121.736270,2579343579,2579344719,16385,1140
29121.748287,2579352650,2579353791,16284,1141
29121.760311,2579361682,2579362816,16017,1134
29121.772341,2579370741,2579371860,16231,1119
29121.784347,2579379801,2579380939,16083,1138
29121.823435,2579409234,2579410363,16306,1129
29121.835460,2579418281,2579419399,16216,1118
29121.853491,2579431869,2579432985,16180,1116
29121.865509,2579440922,2579442063,16361,1141
29121.880547,2579452252,2579453390,16400,1138
29121.892553,2579461471,2579462614,16084,1143
29121.907597,2579472761,2579473890,16387,1129
29121.919603,2579481811,2579482944,16079,1133
29121.931636,2579490883,2579492024,16237,1141
29121.943667,2579499996,2579501128,16400,1132
29121.955672,2579509060,2579510198,16080,1138
29121.967702,2579518113,2579519247,16034,1134
29122.039843,2579572448,2579573585,16034,1137
29122.051870,2579581509,2579582645,16410,1136
29122.063878,2579590542,2579591677,16159,1135
29122.075906,2579599626,2579600772,16235,1146
29122.087939,2579608726,2579609872,16393,1146
29122.099952,2579617971,2579619114,16050,1143
29122.111980,2579627045,2579628184,15958,1139
29122.124008,2579636127,2579637272,16276,1145
29122.136015,2579645191,2579646329,15996,1138
29122.148049,2579654262,2579655405,16029,1143
29122.250248,2579731235,2579732375,16474,1140
29122.292323,2579762892,2579764026,16113,1134
29122.304353,2579772078,2579773230,16315,1152
29122.343425,2579801809,2579802954,16380,1145
29122.355439,2579810913,2579812060,15996,1147
29122.367471,2579820095,2579821236,16313,1141
29122.379479,2579829198,2579830337,16078,1139
29122.391512,2579838248,2579839382,16042,1134
29122.403542,2579847310,2579848422,16233,1112
29122.415546,2579856310,2579857449,16084,1139
29122.427578,2579865383,2579866506,16133,1123
29122.445615,2579878987,2579880104,16240,1117
29122.457645,2579888032,2579889152,16239,1120
29122.472661,2579899354,2579900505,16295,1151
29122.484692,2579908425,2579909562,16494,1137
29122.499718,2579919731,2579920879,16054,1148
29122.511745,2579928856,2579930001,16362,1145
29122.523766,2579937934,2579939074,16364,1140
29122.535786,2579946974,2579948104,16055,1130
29122.547814,2579956031,2579957164,16392,1133
29122.568849,2579971896,2579973042,16276,1146
29122.580869,2579981012,2579982148,16226,1136
29122.601918,2579996938,2579998089,16398,1151
29122.613924,2580006011,2580007149,16080,1138
29122.625954,2580015092,2580016225,15995,1133
29122.637986,2580024167,2580025313,16384,1146
29122.649996,2580033220,2580034357,16162,1137
29122.686061,2580060425,2580061558,16085,1133
29122.698093,2580069528,2580070669,16219,1141
29122.713123,2580080953,2580082090,16289,1137
29122.725143,2580090047,2580091178,15994,1131
29122.761215,2580117233,2580118380,16116,1147
29122.773244,2580126339,2580127485,16484,1146
29122.785250,2580135440,2580136580,16162,1140
29122.857387,2580189823,2580190957,16076,1134
29122.872433,2580201187,2580202324,16404,1137
29122.884438,2580210257,2580211400,16079,1143
29122.908500,2580228431,2580229566,16389,1135
29122.920507,2580237629,2580238762,16160,1133
29122.953583,2580262623,2580263765,16443,1142
29122.965600,2580271622,2580272765,16130,1143
29122.977626,2580280701,2580281843,16100,1142
29122.992644,2580292045,2580293178,16157,1133
29123.004674,2580301156,2580302291,16049,1135
29123.100850,2580373590,2580374724,16081,1134
29123.112889,2580382634,2580383777,16108,1143
29123.128920,2580396268,2580397406,16055,1138
29123.201064,2580450746,2580451884,16036,1138
29123.272181,2580502898,2580504041,16244,1143
29123.284209,2580511989,2580513112,16321,1123
29123.296237,2580521065,2580522205,16467,1140
29123.320278,2580539203,2580540346,16041,1143
29123.332306,2580548325,2580549471,16409,1146
29123.344313,2580557393,2580558535,16084,1142
29123.356346,2580566445,2580567583,16037,1138
29123.371366,2580577812,2580578960,16077,1148
29123.408457,2580607281,2580608423,16114,1142
29123.431495,2580623144,2580624289,16388,1145
29123.443507,2580632195,2580633328,16118,1133
29123.455535,2580641231,2580642348,16235,1117
29123.467565,2580650309,2580651450,16410,1141
29123.479572,2580659380,2580660520,16084,1140
29123.491604,2580668432,2580669565,15955,1133
29123.503632,2580677516,2580678662,16302,1146
29123.515642,2580686570,2580687701,16103,1131
29123.527670,2580695715,2580696858,16230,1143
29123.539699,2580704784,2580705921,16452,1137
29123.551709,2580713817,2580714951,16076,1134
29123.623844,2580768236,2580769379,16080,1143
29123.692993,2580820275,2580821415,16471,1140
29123.704998,2580829338,2580830481,16161,1143
29123.717029,2580838407,2580839542,16073,1135
29123.729061,2580847485,2580848631,16478,1146
29123.745578,2580860253,2580861386,16088,1133
29123.757617,2580869338,2580870474,16186,1136
29123.784661,2580889666,2580890797,16041,1131
29123.796689,2580898736,2580899877,16394,1141
29123.835748,2580928237,2580929365,16084,1128
29123.847780,2580937315,2580938461,16322,1146
29123.859809,2580946381,2580947529,16366,1148
29123.877844,2580959984,2580961131,16385,1147
29123.889852,2580969105,2580970249,16082,1144
29123.913914,2580987241,2580988382,16406,1141
29123.925919,2580996274,2580997407,16078,1133
29123.937953,2581005334,2581006462,16044,1128
29123.952970,2581016649,2581017783,16081,1134
29123.965005,2581025874,2581027009,16039,1135
29123.977034,2581034956,2581036101,16416,1145
29123.998058,2581050841,2581051974,16084,1133
29124.010085,2581059915,2581061059,16127,1144
29124.022120,2581068995,2581070135,16403,1140
29124.052161,2581091649,2581092792,16082,1143
29124.064193,2581100741,2581101879,16053,1138
29124.076221,2581109778,2581110893,16302,1115
29124.088229,2581118818,2581119953,16166,1135
29124.106270,2581132450,2581133588,16007,1138
29124.136328,2581155145,2581156278,16241,1133
29124.148358,2581164205,2581165346,16388,1141
29124.160379,2581173278,2581174418,16428,1140
29124.172399,2581182365,2581183503,16023,1138
29124.236515,2581232163,2581233304,16389,1141
29124.259553,2581248065,2581249207,16080,1142
29124.271584,2581257162,2581258302,16041,1140
29124.289620,2581270785,2581271931,16239,1146
29124.301650,2581279873,2581281014,16399,1141
29124.361760,2581325189,2581326332,16119,1143
29124.373790,2581334427,2581335573,16438,1146
29124.463960,2581402544,2581403680,16410,1136
29124.475965,2581411626,2581412767,16085,1141
29124.487999,2581420689,2581421827,16039,1138
29124.566136,2581479581,2581480724,16082,1143
29124.578170,2581488638,2581489780,16051,1142
29124.590195,2581497773,2581498919,16352,1146
29124.668342,2581556787,2581557922,16052,1135
29124.680372,2581565897,2581567043,16386,1146
29124.692378,2581574956,2581576102,16085,1146
29124.732460,2581606779,2581607924,16476,1145
29124.768527,2581634043,2581635185,16400,1142
29124.785561,2581645410,2581646552,16039,1142
29124.797590,2581654528,2581655674,16361,1146
29124.809600,2581663629,2581664767,16160,1138
29124.821633,2581672686,2581673829,16121,1143
29124.836652,2581684033,2581685168,16081,1135
29124.875732,2581713527,2581714677,16001,1150
29124.905800,2581736290,2581737436,16414,1146
29124.917811,2581745367,2581746497,16119,1130
29124.929840,2581754407,2581755545,16042,1138
29124.968917,2581783870,2581785012,16376,1142
29124.980925,2581792940,2581794074,16090,1134
29124.992959,2581801990,2581803133,16119,1143
29125.004989,2581811142,2581812293,16370,1151
29125.086141,2581872357,2581873502,16372,1145
29125.098155,2581881465,2581882600,16054,1135
29125.110178,2581890590,2581891734,16129,1144
29125.122210,2581899682,2581900823,16465,1141
29125.188320,2581949535,2581950673,16083,1138
29125.200349,2581958579,2581959716,16236,1137
29125.212380,2581967736,2581968887,16367,1151
29125.245443,2581992748,2581993882,16191,1134
29125.257467,2582001817,2582002954,16398,1137
29125.293536,2582029003,2582030144,16468,1141
29125.305543,2582038092,2582039229,16083,1137
29125.320588,2582049448,2582050593,16476,1145
29125.335611,2582060810,2582061944,16044,1134
29125.346141,2582066386,2582067177,14445,791
29125.356332,2582071428,2582072035,11957,607
29125.407744,2582103825,2582104965,16078,1140
29125.419776,2582112903,2582114041,16351,1138
29125.431797,2582121956,2582123094,16451,1138
29125.443819,2582131034,2582132177,16087,1143
29125.455845,2582140151,2582141293,16354,1142
29125.468876,2582151495,2582152626,16007,1131
29125.485902,2582162871,2582164022,16381,1151
29125.497919,2582172012,2582173152,16248,1140
29125.509946,2582181129,2582182276,16348,1147
29125.527982,2582194798,2582195934,16344,1136
29125.540005,2582203899,2582205039,16367,1140
29125.552018,2582212987,2582214116,16094,1129
29125.570053,2582226621,2582227764,16011,1143
29125.582083,2582235733,2582236884,16351,1151
29125.594107,2582244877,2582246023,16336,1146
29125.606121,2582254003,2582255132,16095,1129
29125.618154,2582263165,2582264311,16310,1146
29125.633173,2582274552,2582275691,16015,1139
29125.645207,2582283698,2582284844,16310,1146
29125.669241,2582301905,2582303049,15998,1144
29125.681275,2582311015,2582312156,16308,1141
29125.732362,2582349750,2582350894,15997,1144
29125.744394,2582358870,2582360013,16301,1143
29125.759413,2582370238,2582371382,16001,1144
29125.771447,2582379370,2582380526,16352,1156
29125.783467,2582388507,2582389648,16291,1141
29125.795485,2582397626,2582398768,16246,1142
29125.816532,2582413592,2582414738,16350,1146
29125.828555,2582422779,2582423911,16491,1132
29125.849584,2582438739,2582439882,16077,1143
29125.860120,2582445380,2582446275,15471,895
29125.872128,2582454161,2582455292,16001,1131
29125.884158,2582463237,2582464359,16146,1122
29125.896182,2582472319,2582473452,16382,1133
29125.908198,2582481419,2582482563,16335,1144
29125.920230,2582490540,2582491685,16355,1145
29125.932252,2582499648,2582500794,16403,1146
29125.950286,2582513337,2582514474,16397,1137
29125.965313,2582524704,2582525830,16146,1126
29125.977336,2582533839,2582534981,16381,1142
29125.992366,2582545213,2582546359,16312,1146
29126.025422,2582570295,2582571436,16254,1141
29126.037451,2582579436,2582580577,16349,1141
29126.061488,2582597703,2582598837,16017,1134
29126.073519,2582606825,2582607965,16354,1140
29126.097556,2582625002,2582626141,16017,1139
29126.109588,2582634118,2582635254,16343,1136
29126.127623,2582647782,2582648928,16349,1146
29126.139645,2582656909,2582658050,16325,1141
29126.157679,2582670604,2582671746,16381,1142
29126.169693,2582679703,2582680838,16015,1135
29126.196748,2582700201,2582701340,16109,1139
29126.208778,2582709289,2582710409,16056,1120
29126.229816,2582725218,2582726360,16378,1142
29126.241836,2582734537,2582735679,16271,1142
29126.253864,2582743667,2582744814,16436,1147
29126.265885,2582752815,2582753961,16464,1146
29126.301954,2582780218,2582781369,16380,1151
29126.313967,2582789331,2582790469,16001,1138
29126.332002,2582802985,2582804130,16001,1145
29126.344035,2582812135,2582813277,16311,1142
29126.356056,2582821252,2582822383,16384,1131
29126.368071,2582830340,2582831474,16010,1134
29126.380104,2582839440,2582840586,16349,1146
29126.392125,2582848603,2582849756,16393,1153
29126.404142,2582857759,2582858900,16242,1141
29126.422174,2582871440,2582872578,16079,1138
29126.434207,2582880564,2582881705,16354,1141
29126.444327,2582889754,2582890896,16385,1142
29126.458242,2582898851,2582899999,16097,1148
29126.470274,2582907985,2582909131,16400,1146
29126.482296,2582917123,2582918264,16471,1141
29126.503328,2582933077,2582934220,16011,1143
29126.515360,2582942200,2582943346,16350,1146
29126.527381,2582951315,2582952461,16454,1146
29126.539399,2582960451,2582961597,16243,1146
29126.551426,2582969581,2582970706,16168,1125
29126.563451,2582978700,2582979837,16388,1137
29126.588502,2582999189,2583000338,16381,1149
29126.629567,2583028880,2583030024,16011,1144
29126.641600,2583038013,2583039155,16321,1142
29126.659633,2583051748,2583052894,16415,1146
29126.671657,2583060892,2583062038,16398,1146
29126.683677,2583069974,2583071118,16086,1144
29126.695703,2583079105,2583080251,16357,1146
29126.707723,2583088284,2583089428,16374,1144
29126.719739,2583097394,2583098529,16019,1135
29126.737776,2583111055,2583112201,16246,1146
29126.749806,2583120176,2583121317,16344,1141
29126.800893,2583158934,2583160069,16010,1135
29126.812923,2583168022,2583169142,16153,1120
29126.824947,2583177101,2583178252,16372,1151
29126.836964,2583186253,2583187394,16155,1141
29126.848994,2583195376,2583196513,16349,1137
29126.861016,2583204529,2583205674,16384,1145
29126.876045,2583215944,2583217080,16317,1136
29126.906103,2583238742,2583239879,16390,1137
29126.918116,2583247871,2583249014,16014,1143
29126.942172,2583266142,2583267288,16391,1146
29126.954185,2583275259,2583276396,16014,1137
29126.978240,2583293531,2583294677,16386,1146
29126.990254,2583302616,2583303762,16014,1146
29127.008288,2583316312,2583317456,16016,1144
29127.020319,2583325430,2583326576,16348,1146
29127.036354,2583339125,2583340261,16313,1136
29127.048370,2583348256,2583349402,16383,1146
29127.072425,2583366501,2583367651,16426,1150
29127.107477,2583391629,2583392771,16003,1142
29127.119509,2583400766,2583401912,16336,1146
29127.131531,2583409887,2583411029,16320,1142
29127.143546,2583419015,2583420144,16003,1129
29127.155579,2583428116,2583429252,16432,1136
29127.167600,2583437223,2583438374,16474,1151
29127.185634,2583450899,2583452045,16466,1146
29127.197649,2583460000,2583461139,16003,1139
29127.215683,2583473703,2583474837,16000,1134
29127.227716,2583482822,2583483959,16350,1137
29127.239738,2583491962,2583493106,16399,1144
29127.251751,2583501076,2583502220,16003,1144
29127.263785,2583510292,2583511439,16435,1147
29127.275808,2583519435,2583520575,16405,1140
29127.287820,2583528557,2583529700,16079,1143
29127.299851,2583537682,2583538807,16233,1125
29127.311875,2583546779,2583547925,16491,1146
29127.323888,2583555887,2583557028,16003,1141
29127.335920,2583565096,2583566252,16402,1156
29127.347942,2583574296,2583575452,16293,1156
29127.359967,2583583494,2583584640,16319,1146
29127.371990,2583592674,2583593820,16317,1146
29127.384011,2583601888,2583603039,16316,1151
29127.396036,2583611106,2583612257,16321,1151
29127.408059,2583620310,2583621462,16320,1152
29127.420079,2583629447,2583630598,16378,1151
29127.432096,2583638595,2583639737,16244,1142
29127.444128,2583647760,2583648897,16318,1137
29127.456148,2583656868,2583658009,16380,1141
29127.468168,2583666024,2583667166,16250,1142
29127.480196,2583675146,2583676283,16400,1137
29127.492218,2583684263,2583685409,16479,1146
29127.504231,2583693379,2583694521,15996,1142
29127.516264,2583702500,2583703646,16355,1146
29127.531286,2583713907,2583715053,16331,1146
29127.543316,2583723044,2583724187,16346,1143
29127.555338,2583732187,2583733323,16398,1136
29127.567351,2583741318,2583742453,16006,1135
29127.579385,2583750432,2583751582,16315,1150
29127.591406,2583759558,2583760705,16383,1147
29127.603420,2583768671,2583769815,16004,1144
29127.615452,2583777784,2583778927,16353,1143
29127.627476,2583786890,2583788036,16317,1146
29127.639489,2583796033,2583797175,16001,1142
29127.657524,2583809732,2583810876,16080,1144
29127.669555,2583818869,2583820006,16333,1137
29127.720643,2583857725,2583858865,15997,1140
29127.732676,2583866922,2583868074,16336,1152
29127.747695,2583878366,2583879506,16005,1140
29127.759726,2583887527,2583888672,16335,1145
29127.771750,2583896698,2583897844,16480,1146
29127.783763,2583905832,2583906974,16081,1142
29127.795796,2583914969,2583916115,16434,1146
29127.807817,2583924136,2583925283,16391,1147
29127.819834,2583933292,2583934438,16255,1146
29127.849899,2583956152,2583957298,16407,1146
29127.861921,2583965299,2583966435,16393,1136
29127.873943,2583974454,2583975600,16400,1146
29127.885964,2583983628,2583984774,16397,1146
29127.913016,2584004207,2584005349,16316,1142
29127.925039,2584013353,2584014504,16329,1151
29127.952091,2584033955,2584035096,16384,1141
29127.964108,2584043099,2584044237,16348,1138
29127.976136,2584052249,2584053390,16230,1141
29127.988161,2584061394,2584062526,16400,1132
29128.000177,2584070520,2584071666,16251,1146
29128.012206,2584079659,2584080802,16324,1143
29128.024229,2584088789,2584089935,16409,1146
29128.036245,2584097921,2584099057,16331,1136
29128.048273,2584107068,2584108211,16396,1143
29128.060297,2584116200,2584117342,16471,1142
29128.075325,2584127647,2584128793,16396,1146
29128.093362,2584141406,2584142547,16321,1141
29128.105384,2584150556,2584151702,16481,1146
29128.117400,2584159733,2584160875,16319,1142
29128.165498,2584196390,2584197536,16303,1146
29128.177523,2584205555,2584206701,16495,1146
29128.189537,2584214720,2584215871,16247,1151
29128.201567,2584223885,2584225030,16302,1145
29128.231623,2584246740,2584247882,16383,1142
29128.243640,2584255865,2584257006,16235,1141
29128.255671,2584264998,2584266147,16316,1149
29128.267694,2584274161,2584275307,16409,1146
29128.279708,2584283310,2584284447,16233,1137
29128.291738,2584292478,2584293616,16313,1138
29128.303761,2584301635,2584302776,16387,1141
29128.315777,2584310778,2584311924,16232,1146
29128.327808,2584319939,2584321085,16316,1146
29128.339829,2584329103,2584330248,16384,1145
29128.351846,2584338254,2584339400,16249,1146
29128.363876,2584347410,2584348551,16317,1141
29128.376905,2584358836,2584359977,16251,1141
29128.393933,2584370269,2584371410,16408,1141
29128.405949,2584379416,2584380560,16251,1144
29128.433000,2584399994,2584401140,16252,1146
29128.445029,2584409143,2584410289,16319,1146
29128.460051,2584420593,2584421739,16227,1146
29128.481098,2584436620,2584437766,16317,1146
29128.493123,2584445789,2584446935,16387,1146
29128.505137,2584454944,2584456089,16244,1145
29128.520171,2584466392,2584467538,16320,1146
29128.532189,2584475547,2584476688,16272,1141
29128.544218,2584484699,2584485845,16325,1146
29128.565258,2584500725,2584501866,16382,1141
29128.577275,2584509874,2584511012,16257,1138
29128.625372,2584546512,2584547649,16313,1137
29128.637394,2584555676,2584556807,16373,1131
29128.661441,2584573976,2584575117,16316,1141
29128.673464,2584583122,2584584260,16396,1138
29128.685480,2584592266,2584593411,16240,1145
29128.697509,2584601473,2584602619,16397,1146
29128.709532,2584610630,2584611776,16386,1146
29128.775651,2584661009,2584662145,16244,1136
29128.787680,2584670149,2584671280,16418,1131
29128.799704,2584679297,2584680439,16394,1142
29128.811720,2584688435,2584689581,16249,1146
29128.823748,2584697574,2584698716,16309,1142
29128.835771,2584706709,2584707860,16377,1151
29128.847788,2584715878,2584717024,16258,1146
29128.868836,2584731913,2584733064,16320,1151
29128.880858,2584741057,2584742203,16394,1146
29128.895887,2584752503,2584753645,16322,1142
29128.907910,2584761894,2584763040,16476,1146
29128.919926,2584771074,2584772215,16261,1141
29128.931954,2584780239,2584781381,16317,1142
29128.943977,2584789392,2584790543,16372,1151
29128.962011,2584803143,2584804280,16371,1137
29128.974029,2584812303,2584813449,16261,1146
29128.986057,2584821450,2584822591,16318,1141
29128.998081,2584830600,2584831746,16386,1146
29129.034149,2584858040,2584859186,16386,1146
29129.046166,2584867204,2584868350,16250,1146
29129.070217,2584885518,2584886659,16371,1141
29129.082235,2584894680,2584895823,16268,1143
29129.097268,2584906121,2584907272,16366,1151
29129.109287,2584915331,2584916472,16255,1141
29129.121315,2584924502,2584925647,16313,1145
29129.133339,2584933652,2584934797,16400,1145
29129.148367,2584945093,2584946244,16315,1151
29129.160390,2584954249,2584955389,16388,1140
29129.172406,2584963428,2584964573,16233,1145
29129.184435,2584972590,2584973731,16321,1141
29129.199458,2584984006,2584985152,16231,1146
29129.217492,2584997753,2584998904,16230,1151
29129.229521,2585006921,2585008052,16312,1131
29129.256573,2585027489,2585028636,16300,1147
29129.268597,2585036651,2585037797,16410,1146
29129.280612,2585045771,2585046922,16254,1151
29129.292643,2585054945,2585056093,16324,1148
29129.304664,2585064101,2585065244,16473,1143
29129.319693,2585075533,2585076679,16309,1146
29129.333218,2585086258,2585087409,16303,1151
29129.375292,2585118339,2585119479,16229,1140
29129.387321,2585127483,2585128643,16399,1160
29129.399346,2585136653,2585137793,16491,1140
29129.411366,2585145809,2585146955,16383,1146
29129.424391,2585157256,2585158402,16471,1146
29129.489517,2585205300,2585206442,16402,1142
29129.501532,2585214462,2585215604,16231,1142
29129.513561,2585223626,2585224773,16321,1147
29129.525570,2585232944,2585234079,16166,1135
29129.540614,2585244579,2585245726,16388,1147
29129.552622,2585253707,2585254835,16089,1128
29129.624757,2585308389,2585309532,16086,1143
29129.636789,2585317530,2585318671,16251,1141
29129.648820,2585326649,2585327790,16391,1141
29129.732965,2585390523,2585391657,16092,1134
29129.744995,2585399873,2585401016,16223,1143
29129.757024,2585409006,2585410152,16361,1146
29129.838179,2585470509,2585471650,16371,1141
29129.850187,2585479630,2585480770,16167,1140
29129.862218,2585488768,2585489909,16220,1141
29129.898286,2585516112,2585517249,16238,1137
29129.928351,2585538925,2585540071,16382,1146
29129.940359,2585548030,2585549174,16086,1144
29129.956402,2585561769,2585562910,16249,1141
29129.976428,2585575442,2585576577,16091,1135
29129.988458,2585584580,2585585729,16309,1149
29130.003479,2585595983,2585597132,16090,1149
29130.024525,2585611989,2585613135,16282,1146
29130.036557,2585621106,2585622243,16394,1137
29130.048565,2585630197,2585631335,16089,1138
29130.147751,2585705415,2585706550,16084,1135
29130.159780,2585714531,2585715682,16234,1151
29130.171813,2585723689,2585724839,16359,1150
29130.192839,2585739636,2585740779,16085,1143
29130.204876,2585748759,2585749900,16291,1141
29130.264975,2585794362,2585795502,16091,1140
29130.277007,2585803481,2585804621,16222,1140
29130.352156,2585860464,2585861595,16359,1131
29130.364173,2585869587,2585870732,16362,1145
29130.376195,2585878723,2585879864,16229,1141
29130.388226,2585887840,2585888990,16303,1150
29130.409262,2585903851,2585904994,16361,1143
29130.421279,2585912992,2585914133,16289,1141
29130.439316,2585926623,2585927766,16230,1143
29130.451345,2585935739,2585936885,16463,1146
29130.463353,2585944829,2585945964,16086,1135
29130.475384,2585953986,2585955122,16317,1136
29130.496432,2585969894,2585971036,16368,1142
29130.508451,2585979014,2585980151,16362,1137
29130.535489,2585999518,2586000653,16085,1135
29130.547521,2586008655,2586009801,16248,1146
29130.559552,2586017811,2586018951,16440,1140
29130.571559,2586026908,2586028048,16165,1140
29130.583590,2586036018,2586037164,16302,1146
29130.625662,2586067970,2586069113,16084,1143
29130.637693,2586077111,2586078246,16221,1135
29130.691796,2586118125,2586119262,16236,1137
29130.703823,2586127245,2586128388,16360,1143
29130.715833,2586136368,2586137512,16091,1144
29130.727865,2586145511,2586146654,16237,1143
29130.739895,2586154628,2586155769,16385,1141
29130.751908,2586163720,2586164859,16006,1139
29130.772951,2586179708,2586180854,16240,1146
29130.784981,2586188867,2586190012,16370,1145
29130.806017,2586204815,2586205957,16365,1142
29130.818035,2586213974,2586215120,16229,1146
29130.833056,2586225390,2586226529,16088,1139
29130.845087,2586234504,2586235645,16223,1141
29130.881155,2586261847,2586262984,16231,1137
29130.893186,2586270964,2586272100,16387,1136
29130.911219,2586284653,2586285789,16356,1136
29130.926241,2586296042,2586297188,16234,1146
29130.953289,2586316522,2586317667,16211,1145
29130.965323,2586325687,2586326829,16369,1142
29130.977333,2586334912,2586336056,16086,1144
29130.989361,2586344024,2586345162,16209,1138
29131.016411,2586364522,2586365659,16200,1137
29131.028443,2586373679,2586374825,16368,1146
29131.049474,2586389626,2586390761,16004,1135
29131.061499,2586398742,2586399884,16227,1142
29131.076520,2586410131,2586411275,16170,1144
29131.121605,2586444331,2586445472,16089,1141
29131.133636,2586453458,2586454599,16325,1141
29131.172716,2586483105,2586484246,16379,1141
29131.184725,2586492340,2586493473,16083,1133
29131.223808,2586521978,2586523116,16222,1138
29131.235838,2586531120,2586532267,16385,1147
29131.247851,2586540224,2586541363,16004,1139
29131.265880,2586553886,2586555024,16164,1138
29131.277910,2586562975,2586564122,16322,1147
29131.326010,2586599470,2586600621,16394,1151
29131.338017,2586608590,2586609731,16086,1141
29131.380113,2586640499,2586641636,16395,1137
29131.392130,2586649620,2586650763,16343,1143
29131.404150,2586658769,2586659915,16230,1146
29131.428199,2586677006,2586678153,16349,1147
29131.440219,2586686150,2586687301,16230,1151
29131.452250,2586695288,2586696434,16315,1146
29131.464257,2586704381,2586705520,16163,1139
29131.476287,2586713504,2586714645,16246,1141
29131.488318,2586722615,2586723761,16476,1146
29131.527377,2586752254,2586753398,16167,1144
29131.539408,2586761373,2586762529,16302,1156
29131.551439,2586770524,2586771665,16492,1141
29131.563446,2586779653,2586780796,16170,1143
29131.575476,2586788761,2586789898,16306,1137
29131.596521,2586804724,2586805870,16440,1146
29131.608542,2586813902,2586815045,16428,1143
29131.623575,2586825310,2586826457,16393,1147
29131.641610,2586838982,2586840120,16473,1138
29131.653618,2586848123,2586849262,16164,1139
29131.665647,2586857221,2586858367,16223,1146
29131.680668,2586868640,2586869784,16082,1144
29131.743794,2586916465,2586917609,16007,1144
29131.755819,2586925602,2586926748,16312,1146
29131.767849,2586934742,2586935879,16390,1137
29131.779868,2586943846,2586944988,16346,1142
29131.791895,2586952989,2586954140,16314,1151
29131.803919,2586962146,2586963293,16367,1147
29131.815925,2586971462,2586972600,16004,1138
29131.833960,2586985146,2586986284,16080,1138
29131.845987,2586994267,2586995412,16212,1145
29131.858022,2587003414,2587004557,16373,1143
29131.870029,2587012547,2587013690,16086,1143
29131.912124,2587044494,2587045635,16371,1141
29131.924131,2587053591,2587054729,16088,1138
29131.936162,2587062709,2587063852,16237,1143
29131.960199,2587080909,2587082044,16086,1135
29131.972231,2587090054,2587091200,16229,1146
29132.008298,2587117460,2587118606,16288,1146
29132.020330,2587126626,2587127771,16370,1145
29132.032348,2587135731,2587136877,16347,1146
29132.060411,2587158541,2587159684,16225,1143
29132.077423,2587169968,2587171117,16085,1149
29132.164605,2587236034,2587237180,16391,1146
29132.179625,2587247451,2587248597,16219,1146
29132.212680,2587272552,2587273687,16082,1135
29132.224710,2587281676,2587282817,16238,1141
29132.236741,2587290800,2587291946,16369,1146
29132.264793,2587313594,2587314738,16081,1144
29132.368985,2587391196,2587392340,16224,1144
29132.381016,2587400341,2587401487,16367,1146
29132.393031,2587409525,2587410681,16261,1156
29132.420082,2587430222,2587431378,16262,1156
29132.432113,2587439439,2587440591,16399,1152
29132.444135,2587448626,2587449782,16469,1156
29132.462169,2587462440,2587463586,16385,1146
29132.474188,2587471598,2587472744,16352,1146
29132.489220,2587483045,2587484176,16377,1131
29132.501229,2587492172,2587493326,16163,1154
29132.552342,2587530932,2587532075,16470,1143
29132.564349,2587540024,2587541168,16170,1144
29132.579393,2587551423,2587552554,16398,1131
29132.624479,2587585604,2587586745,16387,1141
29132.636497,2587594699,2587595850,16251,1151
29132.648516,2587603831,2587604977,16228,1146
29132.687598,2587633509,2587634655,16471,1146
29132.699606,2587642632,2587643776,16166,1144
29132.711637,2587651796,2587652936,16232,1140
29132.723667,2587660896,2587662042,16388,1146
29132.744692,2587676837,2587677976,16078,1139
29132.756723,2587685938,2587687084,16220,1146
29132.795803,2587715624,2587716781,16353,1157
29132.807823,2587724787,2587725919,16346,1132
29132.819843,2587733933,2587735079,16229,1146
29132.837873,2587747604,2587748750,16215,1146
29132.849907,2587756746,2587757887,16369,1141
29132.873945,2587774966,2587776112,16223,1146
29132.885975,2587784122,2587785267,16372,1145
29132.900997,2587795531,2587796677,16217,1146
29132.970121,2587847943,2587849084,16090,1141
29132.982157,2587857054,2587858197,16295,1143
29133.000184,2587870738,2587871874,16209,1136
29133.012216,2587879862,2587881003,16398,1141
29133.024223,2587888966,2587890110,16085,1144
29133.036254,2587898114,2587899260,16251,1146
29133.048285,2587907277,2587908428,16418,1151
29133.060292,2587916392,2587917541,16084,1149
29133.075335,2587927811,2587928952,16374,1141
29133.096361,2587943779,2587944916,16086,1137
29133.108391,2587952931,2587954077,16231,1146
29133.120422,2587962111,2587963257,16369,1146
29133.135439,2587973494,2587974639,16213,1145
29133.225615,2588041849,2588042990,16225,1141
29133.237645,2588050998,2588052134,16354,1136
29133.249652,2588060093,2588061226,16089,1133
29133.261685,2588069229,2588070375,16225,1146
29133.327816,2588119446,2588120593,16386,1147
29133.339834,2588128626,2588129772,16346,1146
29133.351854,2588137796,2588138940,16231,1144
29133.363885,2588146923,2588148060,16392,1137
29133.375892,2588156011,2588157155,16089,1144
29133.387923,2588165161,2588166293,16252,1132
29133.399954,2588174282,2588175423,16467,1141
29133.437019,2588203902,2588205044,16429,1142
29133.457046,2588217567,2588218707,16086,1140
29133.472093,2588229081,2588230218,16389,1137
29133.484110,2588238203,2588239348,16366,1145
29133.496129,2588247346,2588248487,16251,1141
29133.508159,2588256461,2588257607,16384,1146
29133.520166,2588265564,2588266708,16087,1144
29133.532197,2588274733,2588275879,16245,1146
29133.544228,2588283884,2588285030,16395,1146
29133.556246,2588293005,2588294142,16346,1137
29133.568266,2588302110,2588303255,16351,1145
29133.580295,2588311250,2588312387,16457,1137
29133.601321,2588327181,2588328329,16169,1148
29133.613351,2588336322,2588337463,16323,1141
29133.652432,2588365996,2588367143,16438,1147
29133.664441,2588375110,2588376243,16088,1133
29133.757626,2588445754,2588446892,16307,1138
29133.769657,2588454892,2588456032,16377,1140
29133.859829,2588523265,2588524417,16391,1152
29133.871846,2588532425,2588533570,16345,1145
29133.884878,2588543935,2588545082,16355,1147
29133.962007,2588601035,2588602171,16088,1136
29133.974045,2588610167,2588611313,16396,1146
29134.025133,2588648924,2588650068,16037,1144
29134.037157,2588658040,2588659172,16222,1132
29134.064212,2588678578,2588679724,16250,1146
29134.076239,2588687713,2588688859,16372,1146
29134.088258,2588696875,2588698022,16347,1147
29134.100277,2588705996,2588707141,16222,1145
29134.112308,2588715194,2588716335,16371,1141
29134.124325,2588724325,2588725456,16253,1131
29134.172421,2588760771,2588761915,16284,1144
29134.184444,2588769894,2588771045,16351,1151
29134.196463,2588779022,2588780168,16348,1146
29134.272614,2588838293,2588839440,16374,1147
29134.284637,2588847463,2588848600,16432,1137
29134.376808,2588915889,2588917030,16445,1141
29134.388826,2588925020,2588926163,16251,1143
29134.400855,2588934167,2588935312,16357,1145
29134.412875,2588943284,2588944429,16430,1145
29134.424891,2588952401,2588953542,16299,1141
29134.445944,2588968373,2588969518,16533,1145
29134.457950,2588977467,2588978611,16161,1144
29134.485002,2588998037,2588999187,16167,1150
29134.497034,2589007224,2589008360,16234,1136
29134.524080,2589027794,2589028936,16210,1142
29134.544332,2589037217,2589037828,12019,611
29134.567674,2589048802,2589049930,16323,1128
29134.579697,2589057890,2589059028,16403,1138
29134.591715,2589066992,2589068138,16286,1146
29134.603743,2589076139,2589077285,16315,1146
29134.615764,2589085300,2589086431,16386,1131
29134.627781,2589094447,2589095582,16240,1135
29134.672867,2589128733,2589129879,16244,1146
29134.684897,2589137880,2589139026,16316,1146
29134.696920,2589147063,2589148206,16370,1143
29134.724977,2589169961,2589171104,16278,1143
29134.742005,2589181388,2589182534,16391,1146
29134.754022,2589190548,2589191688,16253,1140
29134.796106,2589222617,2589223763,16372,1146
29134.808124,2589231780,2589232926,16266,1146
29134.820152,2589240919,2589242064,16321,1145
29134.841193,2589256943,2589258089,16390,1146
29134.853210,2589266104,2589267256,16249,1152
29134.865237,2589275278,2589276418,16321,1140
29134.877261,2589284435,2589285581,16371,1146
29134.889278,2589293581,2589294732,16263,1151
29134.904312,2589305025,2589306171,16376,1146
29134.916334,2589314168,2589315313,16308,1145
29134.932371,2589327917,2589329059,16250,1142
29134.979450,2589362228,2589363371,16263,1143
29134.991479,2589371385,2589372531,16318,1146
29135.003501,2589380533,2589381684,16378,1151
29135.015523,2589389683,2589390824,16314,1141
29135.033552,2589403406,2589404549,16241,1143
29135.044084,2589410030,2589410909,15342,879
29135.056095,2589418847,2589419988,16245,1141
29135.068125,2589427996,2589429144,16318,1148
29135.080146,2589437182,2589438323,16367,1141
29135.092165,2589446339,2589447490,16268,1151
29135.104193,2589455512,2589456658,16316,1146
29135.116216,2589464703,2589465847,16319,1144
29135.134251,2589478426,2589479572,16382,1146
29135.146267,2589487598,2589488751,16248,1153
29135.173318,2589508204,2589509352,16260,1148
29135.185348,2589517365,2589518511,16320,1146
29135.209387,2589535684,2589536836,16349,1152
29135.221414,2589544835,2589545976,16318,1141
29135.245456,2589563139,2589564277,16250,1138
29135.257483,2589572286,2589573427,16396,1141
29135.281524,2589590600,2589591741,16263,1141
29135.293553,2589599766,2589600909,16310,1143
29135.305575,2589608929,2589610081,16373,1152
29135.317595,2589618136,2589619282,16235,1146
29135.344647,2589638782,2589639929,16349,1147
29135.356673,2589647950,2589649090,16323,1140
29135.371696,2589659397,2589660543,16250,1146
29135.383726,2589668561,2589669706,16313,1145
29135.395748,2589677715,2589678852,16470,1137
29135.407765,2589686882,2589688030,16257,1148
29135.419794,2589696027,2589697173,16321,1146
29135.431818,2589705170,2589706316,16402,1146
29135.449852,2589718913,2589720062,16405,1149
29135.461874,2589728087,2589729233,16399,1146
29135.488919,2589748688,2589749826,16252,1138
29135.500949,2589757840,2589758997,16313,1157
29135.512972,2589767029,2589768179,16328,1150
29135.524988,2589776216,2589777353,16235,1137
29135.561063,2589803697,2589804843,16396,1146
29135.573089,2589812892,2589814034,16397,1142
29135.588108,2589824304,2589825444,16254,1140
29135.600138,2589833459,2589834600,16341,1141
29135.612161,2589842606,2589843752,16413,1146
29135.624176,2589851769,2589852915,16245,1146
29135.648229,2589870072,2589871213,16406,1141
29135.660252,2589879220,2589880371,16316,1151
29135.672275,2589888361,2589889507,16398,1146
29135.684297,2589897516,2589898668,16477,1152
29135.699326,2589908985,2589910130,16315,1145
29135.720367,2589925030,2589926176,16382,1146
29135.732382,2589934217,2589935362,16231,1145
29135.744411,2589943355,2589944502,16313,1147
29135.756435,2589952502,2589953648,16409,1146
29135.768451,2589961666,2589962812,16258,1146
29135.795502,2589982285,2589983431,16252,1146
29135.807532,2589991437,2589992583,16316,1146
29135.819556,2590000627,2590001774,16316,1147
29135.831571,2590009784,2590010929,16151,1145
29135.843599,2590018939,2590020086,16316,1147
29135.873657,2590041815,2590042962,16391,1147
29135.885673,2590050974,2590052121,16256,1147
29135.912725,2590071622,2590072760,16281,1138
29135.924754,2590080753,2590081904,16322,1151
29135.936778,2590089944,2590091090,16408,1146
29135.948793,2590099092,2590100233,16238,1141
29135.963829,2590110525,2590111668,16391,1143
29135.975845,2590119695,2590120841,16254,1146
29135.987876,2590128861,2590130002,16320,1141
29135.999897,2590138008,2590139153,16395,1145
29136.020930,2590154010,2590155155,16231,1145
29136.032960,2590163164,2590164309,16403,1145
29136.072034,2590192933,2590194079,16401,1146
29136.084051,2590202103,2590203246,16340,1143
29136.096082,2590211274,2590212416,16330,1142
29136.108104,2590220435,2590221586,16320,1151
29136.120119,2590229595,2590230747,16239,1152
29136.132149,2590238771,2590239916,16312,1145
29136.144173,2590247951,2590249089,16399,1138
29136.156195,2590257101,2590258248,16315,1147
29136.168219,2590266279,2590267415,16323,1136
29136.186253,2590280023,2590281175,16319,1152
29136.204287,2590293799,2590294941,16327,1142
29136.216310,2590302955,2590304095,16317,1140
29136.232338,2590316707,2590317850,16402,1143
29136.244367,2590325866,2590327018,16233,1152
29136.261395,2590337327,2590338464,16392,1137
29136.273411,2590346480,2590347627,16258,1147
29136.292459,2590362500,2590363653,16320,1153
29136.309480,2590373970,2590375113,16237,1143
29136.321509,2590383123,2590384274,16325,1151
29136.333533,2590392298,2590393446,16408,1148
29136.345548,2590401520,2590402665,16239,1145
29136.381616,2590429004,2590430145,16256,1141
29136.393647,2590438170,2590439316,16324,1146
29136.417685,2590456504,2590457649,16240,1145
29136.429714,2590465664,2590466811,16408,1147
29136.489823,2590511456,2590512603,16339,1147
29136.501853,2590520621,2590521762,16410,1141
29136.525891,2590538954,2590540100,16242,1146
29136.537920,2590548086,2590549238,16319,1152
29136.552950,2590559607,2590560753,16317,1146
29136.564973,2590568760,2590569905,16322,1145
29136.576995,2590577898,2590579035,16390,1137
29136.601042,2590596197,2590597351,16321,1154
29136.613063,2590605374,2590606520,16392,1146
29136.634097,2590621425,2590622577,16251,1152
29136.646128,2590630569,2590631714,16410,1145
29136.703234,2590674074,2590675222,16335,1148
29136.718264,2590685514,2590686666,16406,1152
29136.745316,2590706121,2590707264,16324,1143
29136.760337,2590717631,2590718777,16233,1146
29136.805423,2590751968,2590753110,16253,1142
29136.817453,2590761123,2590762266,16321,1143
29136.877560,2590806922,2590808068,16243,1146
29136.889589,2590816083,2590817229,16324,1146
29136.904611,2590827535,2590828682,16252,1147
29136.916642,2590836691,2590837837,16324,1146
29136.928663,2590845847,2590846988,16382,1141
29136.952709,2590864156,2590865299,16326,1143
29136.964733,2590873326,2590874469,16409,1143
29136.985765,2590889360,2590890508,16237,1148
29136.997794,2590898504,2590899646,16321,1142
29137.009818,2590907672,2590908813,16363,1141
29137.021834,2590916828,2590917971,16250,1143
29137.033865,2590926005,2590927151,16324,1146
29137.048891,2590937472,2590938617,16317,1145
29137.060914,2590946630,2590947773,16320,1143
29137.075937,2590958095,2590959240,16230,1145
29137.087966,2590967247,2590968399,16319,1152
29137.099989,2590976404,2590977547,16330,1143
29137.112006,2590985555,2590986692,16256,1137
29137.124036,2590994707,2590995853,16325,1146
29137.136058,2591003866,2591005008,16477,1142
29137.148080,2591013011,2591014166,16308,1155
29137.160103,2591022184,2591023327,16321,1143
29137.181145,2591038250,2591039395,16403,1145
29137.226229,2591072608,2591073749,16393,1141
29137.238246,2591081763,2591082910,16339,1147
29137.319400,2591143550,2591144693,16259,1143
29137.331430,2591152681,2591153825,16324,1144
29137.343452,2591161846,2591162998,16392,1152
29137.355468,2591171028,2591172174,16237,1146
29137.367498,2591180197,2591181344,16322,1147
29137.379522,2591189365,2591190506,16406,1141
29137.391537,2591198535,2591199680,16240,1145
29137.403568,2591207720,2591208882,16322,1162
29137.415591,2591216972,2591218130,16336,1158
29137.427612,2591226181,2591227338,16322,1157
29137.439635,2591235407,2591236560,16319,1153
29137.451658,2591244618,2591245775,16322,1157
29137.463681,2591253832,2591254994,16284,1162
29137.475704,2591263043,2591264181,16322,1138
29137.487728,2591272229,2591273382,16413,1153
29137.499743,2591281415,2591282556,16253,1141
29137.511773,2591290579,2591291725,16321,1146
29137.523795,2591299738,2591300881,16395,1143
29137.535812,2591308899,2591310045,16250,1146
29137.556858,2591324913,2591326056,16322,1143
29137.568883,2591334095,2591335241,16417,1146
29137.580897,2591343261,2591344412,16241,1151
29137.625983,2591377629,2591378776,16254,1147
29137.638014,2591386809,2591387955,16316,1146
29137.650037,2591395957,2591397104,16412,1147
29137.677089,2591416614,2591417762,16410,1148
29137.692115,2591428086,2591429229,16319,1143
29137.704138,2591437264,2591438410,16482,1146
29137.716155,2591446427,2591447575,16341,1148
29137.728185,2591455583,2591456730,16328,1147
29137.740207,2591464750,2591465891,16396,1141
29137.752223,2591473905,2591475048,16251,1143
29137.764252,2591483057,2591484211,16408,1154
29137.776277,2591492232,2591493379,16407,1147
29137.788292,2591501399,2591502542,16239,1143
29137.800322,2591510578,2591511724,16320,1146
29137.869447,2591563307,2591564446,16325,1139
29137.881476,2591572473,2591573618,16410,1145
29137.896498,2591583927,2591585084,16254,1157
29137.908528,2591593104,2591594251,16323,1147
29137.920549,2591602265,2591603411,16397,1146
29137.971647,2591641221,2591642373,16330,1152
29137.983670,2591650409,2591651556,16396,1147
29137.995686,2591659572,2591660710,16179,1138
29138.007715,2591668732,2591669879,16318,1147
29138.019737,2591677896,2591679048,16377,1152
29138.031755,2591687068,2591688219,16269,1151
29138.043783,2591696231,2591697374,16324,1143
29138.055807,2591705380,2591706526,16397,1146
29138.067824,2591714541,2591715688,16258,1147
29138.079851,2591723715,2591724866,16321,1151
29138.091874,2591732897,2591734044,16326,1147
29138.103892,2591742073,2591743219,16270,1146
29138.115921,2591751245,2591752388,16321,1143
29138.127942,2591760410,2591761556,16376,1146
29138.139965,2591769584,2591770727,16317,1143
29138.151988,2591778745,2591779887,16321,1142
29138.164013,2591787897,2591789041,16397,1144
29138.176029,2591797057,2591798208,16254,1151
29138.188058,2591806239,2591807381,16324,1142
29138.200081,2591815405,2591816552,16391,1147
29138.212098,2591824579,2591825720,16261,1141
29138.224128,2591833801,2591834953,16301,1152
29138.243665,2591849033,2591850185,16317,1152
29138.255689,2591858242,2591859395,16337,1153
29138.267711,2591867455,2591868608,16316,1153
29138.279735,2591876674,2591877827,16323,1153
29138.291757,2591885888,2591887035,16317,1147
29138.303781,2591895100,2591896252,16331,1152
29138.315803,2591904334,2591905477,16324,1143
29138.327824,2591913566,2591914723,16320,1157
29138.339849,2591922791,2591923943,16331,1152
29138.351871,2591932012,2591933160,16319,1148
29138.363895,2591941219,2591942363,16335,1144
29138.381928,2591955020,2591956173,16316,1153
29138.396956,2591966765,2591967911,16303,1146
29138.408982,2591975978,2591977126,16335,1148
29138.421000,2591985204,2591986356,16324,1152
29138.433024,2591994414,2591995571,16339,1157
29138.445047,2592003617,2592004769,16324,1152
29138.460076,2592015172,2592016320,16326,1148
29138.472098,2592024375,2592025518,16325,1143
29138.484122,2592033598,2592034755,16330,1157
29138.496144,2592042808,2592043960,16337,1152
29138.508167,2592052031,2592053193,16333,1162
29138.529207,2592068203,2592069354,16323,1151
29138.541224,2592077373,2592078516,16259,1143
29138.592326,2592116330,2592117476,16379,1146
29138.604346,2592125535,2592126682,16285,1147
29138.625391,2592141579,2592142727,16320,1148
29138.637414,2592150752,2592151894,16329,1142
29138.649430,2592159919,2592161062,16241,1143
29138.661458,2592169090,2592170227,16321,1137
29138.679493,2592182820,2592183961,16320,1141
29138.691516,2592191974,2592193121,16396,1147
29138.703532,2592201126,2592202273,16262,1147
29138.715563,2592210288,2592211435,16329,1147
29138.733597,2592224046,2592225182,16322,1136
29138.745620,2592233201,2592234337,16404,1136
29138.799716,2592274656,2592275802,16422,1146
29138.811734,2592283850,2592284976,16021,1126
29138.823769,2592292980,2592294125,16500,1145
29138.835785,2592302116,2592303263,16271,1147
29138.847802,2592311286,2592312405,16037,1119
29138.859838,2592320380,2592321525,16499,1145
29138.871854,2592329487,2592330634,16338,1147
29138.919940,2592365976,2592367102,16021,1126
29138.931976,2592375105,2592376240,16506,1135
29138.943992,2592384264,2592385406,16353,1142
29138.956008,2592393378,2592394503,16100,1125
29138.968044,2592402481,2592403631,16589,1150
29138.980059,2592411609,2592412752,16345,1143
29139.004112,2592429851,2592430987,16509,1136
29139.016128,2592438994,2592440140,16334,1146
29139.028145,2592448130,2592449250,16021,1120
29139.040178,2592457268,2592458415,16344,1147
29139.052196,2592466402,2592467544,16352,1142
29139.064214,2592475530,2592476650,16021,1120
29139.076249,2592484648,2592485793,16501,1145
29139.088268,2592493778,2592494924,16375,1146
29139.100283,2592502916,2592504037,16024,1121
29139.112317,2592512031,2592513177,16366,1146
29139.124335,2592521145,2592522283,16354,1138
29139.136356,2592530275,2592531419,16269,1144
29139.148387,2592539416,2592540563,16511,1147
29139.175439,2592559916,2592561052,16509,1136
29139.187453,2592569032,2592570179,16369,1147
29139.199471,2592578166,2592579286,16021,1120
29139.211508,2592587281,2592588426,16420,1145
29139.223522,2592596422,2592597565,16345,1143
29139.235544,2592605567,2592606714,16277,1147
29139.247576,2592614722,2592615873,16518,1151
29139.259591,2592623866,2592625014,16343,1148
29139.271609,2592632997,2592634117,16025,1120
29139.292660,2592648932,2592650081,16502,1149
29139.304676,2592658029,2592659180,16342,1151
29139.343746,2592687726,2592688848,16020,1122
29139.355781,2592696861,2592698002,16586,1141
29139.367796,2592705985,2592707131,16419,1146
29139.379826,2592715131,2592716254,16205,1123
29139.391849,2592724254,2592725399,16505,1145
29139.412882,2592740218,2592741359,16344,1141
29139.424900,2592749408,2592750534,16022,1126
29139.445953,2592765376,2592766531,16503,1155
29139.457968,2592774533,2592775676,16339,1143
29139.497037,2592804166,2592805287,16098,1121
29139.509072,2592813270,2592814415,16585,1145
29139.548140,2592842925,2592844074,16359,1149
29139.560157,2592852063,2592853184,16022,1121
29139.572192,2592861173,2592862314,16509,1141
29139.584207,2592870299,2592871445,16372,1146
29139.605243,2592886265,2592887386,16017,1121
29139.617278,2592895373,2592896518,16509,1145
29139.632299,2592906829,2592907967,16272,1138
29139.644330,2592915975,2592917120,16507,1145
29139.656345,2592925095,2592926237,16337,1142
29139.668363,2592934248,2592935370,16021,1122
29139.689416,2592950228,2592951364,16591,1136
29139.701431,2592959335,2592960473,16420,1138
29139.716467,2592970717,2592971862,16505,1145
29139.756548,2593002753,2593003876,16018,1123
29139.779584,2593018710,2593019853,16413,1143
29139.791603,2593027834,2593028980,16341,1146
29139.803620,2593036985,2593038111,16024,1126
29139.815656,2593046082,2593047218,16510,1136
29139.827671,2593055258,2593056399,16274,1141
29139.839689,2593064403,2593065524,16035,1121
29139.851723,2593073505,2593074653,16374,1148
29139.863740,2593082627,2593083772,16340,1145
29139.875770,2593091768,2593092894,16158,1126
29139.911826,2593119194,2593120316,16019,1122
29139.923862,2593128312,2593129451,16502,1139
29139.935878,2593137462,2593138610,16356,1148
29139.947899,2593146610,2593147757,16256,1147
29139.959928,2593155776,2593156919,16366,1143
29139.971947,2593164931,2593166071,16352,1140
29139.983968,2593174088,2593175236,16209,1148
29139.995997,2593183244,2593184392,16365,1148
29140.008016,2593192420,2593193568,16359,1148
29140.020036,2593201584,2593202730,16252,1146
29140.032069,2593210759,2593211906,16432,1147
29140.044084,2593219918,2593221060,16353,1142
29140.056104,2593229057,2593230195,16232,1138
29140.068135,2593238204,2593239355,16374,1151
29140.080155,2593247346,2593248499,16369,1153
29140.092173,2593256518,2593257670,16238,1152
29140.104204,2593265672,2593266815,16374,1143
29140.125237,2593281698,2593282841,16249,1143
29140.137259,2593290846,2593291993,16236,1147
29140.167325,2593313694,2593314835,16397,1141
29140.179343,2593322874,2593324021,16453,1147
29140.191362,2593332053,2593333194,16244,1141
29140.203392,2593341192,2593342340,16376,1148
29140.215410,2593350343,2593351489,16353,1146
29140.227433,2593359470,2593360609,16357,1139
29140.239461,2593368638,2593369785,16372,1147
29140.251478,2593377794,2593378937,16345,1143
29140.263496,2593386894,2593388038,16031,1144
29140.275528,2593396033,2593397171,16410,1138
29140.287546,2593405156,2593406308,16385,1152
29140.299564,2593414321,2593415461,16071,1140
29140.311594,2593423441,2593424592,16360,1151
29140.323614,2593432583,2593433729,16269,1146
29140.335633,2593441730,2593442874,15996,1144
29140.347663,2593450856,2593452003,16358,1147
29140.359683,2593459987,2593461130,16379,1143
29140.380719,2593475954,2593477097,16028,1143
29140.392751,2593485069,2593486195,16218,1126
29140.431821,2593514712,2593515849,16335,1137
29140.443839,2593523866,2593524998,16031,1132
29140.455868,2593532994,2593534140,16360,1146
29140.467885,2593542127,2593543273,16307,1146
29140.479908,2593551238,2593552382,16104,1144
29140.500954,2593567176,2593568328,16360,1152
29140.512975,2593576323,2593577473,16382,1150
29140.601144,2593644791,2593645942,16372,1151
29140.618181,2593656228,2593657380,16375,1152
29140.630198,2593665388,2593666531,16344,1143
29140.642219,2593674518,2593675670,16226,1152
29140.705336,2593722480,2593723619,16027,1139
29140.717370,2593731623,2593732769,16375,1146
29140.777473,2593777292,2593778434,16025,1142
29140.789503,2593786405,2593787553,16364,1148
29140.807537,2593800111,2593801263,16360,1152
29140.819557,2593809285,2593810431,16253,1146
29140.831576,2593818422,2593819566,16071,1144
29140.843605,2593827555,2593828699,16360,1144
29140.855626,2593836922,2593838065,16376,1143
29140.867652,2593846026,2593847170,16111,1144
29140.903714,2593873379,2593874518,16031,1139
29140.915742,2593882496,2593883643,16354,1147
29140.927764,2593891659,2593892805,16343,1146
29140.939782,2593900773,2593901917,16033,1144
29140.951814,2593909911,2593911031,16217,1120
29140.963832,2593919008,2593920151,16377,1143
29140.975851,2593928125,2593929263,16029,1138
29140.987880,2593937248,2593938385,16363,1137
29140.999900,2593946382,2593947527,16373,1145
29141.011920,2593955504,2593956648,16035,1144
29141.024952,2593966953,2593968097,16347,1144
29141.054003,2593987498,2593988641,16456,1143
29141.066032,2593996663,2593997810,16391,1147
29141.078055,2594005804,2594006949,16422,1145
29141.096086,2594019535,2594020681,16367,1146
29141.108106,2594028669,2594029811,16380,1142
29141.120128,2594037801,2594038947,16236,1146
29141.132156,2594046937,2594048079,16382,1142
29141.153192,2594062941,2594064084,16452,1143
29141.165219,2594072043,2594073192,16193,1149
29141.192262,2594092577,2594093711,16111,1134
29141.204294,2594101680,2594102806,16294,1126
29141.216312,2594110799,2594111947,16345,1148
29141.228331,2594119946,2594121086,15994,1140
29141.261398,2594145094,2594146241,16455,1147
29141.273417,2594154244,2594155393,16028,1149
29141.288449,2594165680,2594166832,16369,1152
29141.339549,2594204505,2594205652,16356,1147
29141.351569,2594213642,2594214787,16377,1145
29141.363596,2594222765,2594223909,16082,1144
29141.381622,2594236459,2594237603,16021,1144
29141.393651,2594245603,2594246758,16361,1155
29141.441741,2594282174,2594283321,16372,1147
29141.453759,2594291280,2594292415,16029,1135
29141.468795,2594302681,2594303828,16368,1147
29141.480815,2594311856,2594313003,16232,1147
29141.543931,2594359800,2594360943,16029,1143
29141.555960,2594368928,2594370074,16361,1146
29141.567983,2594378056,2594379197,16361,1141
29141.586016,2594391756,2594392908,16425,1152
29141.598034,2594400892,2594402031,16108,1139
29141.637115,2594430590,2594431737,16446,1147
29141.652137,2594441986,2594443130,16029,1144
29141.664169,2594451116,2594452263,16496,1147
29141.676186,2594460252,2594461391,16380,1139
29141.688206,2594469376,2594470520,16107,1144
29141.700235,2594478504,2594479651,16447,1147
29141.712255,2594487633,2594488785,16271,1152
29141.724274,2594496766,2594497911,15999,1145
29141.736303,2594505892,2594507039,16364,1147
29141.748324,2594515024,2594516171,16380,1147
29141.763357,2594526441,2594527582,16488,1141
29141.775375,2594535555,2594536692,16457,1137
29141.787394,2594544655,2594545799,16112,1144
29141.805428,2594558327,2594559471,16030,1144
29141.817462,2594567496,2594568638,16379,1142
29141.865550,2594603980,2594605123,16441,1143
29141.877566,2594613101,2594614242,16109,1141
29141.895600,2594626805,2594627949,16106,1144
29141.907629,2594635952,2594637095,16446,1143
29141.919651,2594645110,2594646248,16431,1138
29141.967737,2594681590,2594682734,16025,1144
29141.979766,2594690724,2594691876,16444,1152
29142.015840,2594718163,2594719284,16221,1121
29142.027855,2594727270,2594728417,16373,1147
29142.039875,2594736387,2594737536,16038,1149
29142.051903,2594745532,2594746678,16354,1146
29142.063926,2594754645,2594755792,16360,1147
29142.075943,2594763762,2594764895,16025,1133
29142.087972,2594772904,2594774049,16379,1145
29142.099993,2594782037,2594783184,16459,1147
29142.112014,2594791168,2594792320,16238,1152
29142.124043,2594800317,2594801464,16389,1147
29142.136062,2594809464,2594810607,16349,1143
29142.148080,2594818557,2594819695,16029,1138
29142.160112,2594827686,2594828836,16488,1150
29142.172130,2594836817,2594837960,16458,1143
29142.184149,2594845933,2594847076,16109,1143
29142.196178,2594855072,2594856215,16359,1143
29142.208198,2594864204,2594865340,16263,1136
29142.220217,2594873355,2594874504,16069,1149
29142.232249,2594882531,2594883652,16266,1121
29142.244267,2594891643,2594892789,16380,1146
29142.265303,2594907629,2594908763,16104,1134
29142.277332,2594916738,2594917886,16363,1148
29142.289353,2594925857,2594927000,16385,1143
29142.301373,2594935325,2594936466,15993,1141
29142.392554,2595006079,2595007231,16434,1152
29142.496747,2595083648,2595084786,16457,1138
29142.510276,2595094306,2595095458,16360,1152
29142.567378,2595137884,2595139038,16003,1154
29142.579407,2595147042,2595148188,16266,1146
29142.591427,2595156164,2595157304,16373,1140
29142.603454,2595165267,2595166412,16114,1145
29142.624492,2595181218,2595182355,16354,1137
29142.636513,2595190349,2595191496,16379,1147
29142.705650,2595242836,2595243983,16403,1147
29142.717670,2595252296,2595253439,16341,1143
29142.759753,2595284216,2595285364,16459,1148
29142.771770,2595293350,2595294487,16457,1137
29142.783789,2595302444,2595303588,16106,1144
29142.801831,2595316141,2595317285,16111,1144
29142.813852,2595325246,2595326392,16361,1146
29142.825875,2595334345,2595335487,16378,1142
29142.837892,2595343455,2595344599,16027,1144
29142.873961,2595370857,2595372001,16030,1144
29142.888993,2595382303,2595383450,16368,1147
29142.901019,2595391414,2595392558,16112,1144
29142.913041,2595400541,2595401687,16356,1146
29142.925061,2595409712,2595410846,16371,1134
29143.024250,2595484949,2595486085,16459,1136
29143.036269,2595494081,2595495221,15995,1140
29143.048298,2595503211,2595504353,16357,1142
29143.060320,2595512368,2595513515,16346,1147
29143.111418,2595551126,2595552272,16358,1146
29143.123439,2595560292,2595561435,16376,1143
29143.135458,2595569404,2595570548,16105,1144
29143.147487,2595578543,2595579689,16356,1146
29143.159509,2595587710,2595588862,16347,1152
29143.171527,2595596865,2595598019,16000,1154
29143.183556,2595606014,2595607157,16361,1143
29143.201593,2595619693,2595620835,16402,1142
29143.213612,2595628855,2595629993,16345,1138
29143.240662,2595649403,2595650540,16376,1137
29143.252686,2595658559,2595659696,16277,1137
29143.273727,2595674557,2595675700,16361,1143
29143.285747,2595683697,2595684835,16371,1138
29143.297774,2595692812,2595693953,16108,1141
29143.309798,2595701937,2595703064,16205,1127
29143.324818,2595713316,2595714449,16028,1133
29143.336849,2595722470,2595723613,16381,1143
29143.352881,2595736220,2595737374,16355,1154
29143.445053,2595804656,2595805802,16357,1146
29143.457075,2595813801,2595814942,16346,1141
29143.469092,2595822941,2595824082,15991,1141
29143.481121,2595832076,2595833222,16361,1146
29143.538226,2595875414,2595876559,16424,1145
29143.562276,2595893754,2595894900,16440,1146
29143.574296,2595902893,2595904032,16456,1139
29143.589327,2595914290,2595915441,16353,1151
29143.625396,2595941677,2595942828,16360,1151
29143.637416,2595950820,2595951967,16374,1147
29143.667469,2595973672,2595974816,16022,1144
29143.679501,2595982825,2595983976,16379,1151
29143.691519,2595991950,2595993100,16328,1150
29143.709553,2596005653,2596006800,16369,1147
29143.721572,2596014776,2596015917,16028,1141
29143.745622,2596033015,2596034152,16263,1137
29143.768328,2596044630,2596045236,12009,606
29143.786206,2596051695,2596052829,16408,1134
29143.798221,2596060792,2596061931,16244,1139
29143.810251,2596069911,2596071062,16314,1151
29143.837303,2596090516,2596091668,16314,1152
29143.849326,2596099692,2596100838,16410,1146
29143.876377,2596120302,2596121454,16402,1152
29143.888392,2596129480,2596130623,16233,1143
29143.900423,2596138646,2596139789,16308,1143
29143.912445,2596147815,2596148961,16387,1146
29143.924461,2596156980,2596158123,16252,1143
29143.951513,2596177610,2596178762,16235,1152
29143.963540,2596186827,2596187974,16219,1147
29143.975565,2596195980,2596197127,16390,1147
29143.987581,2596205153,2596206294,16250,1141
29143.999610,2596214320,2596215467,16314,1147
29144.011632,2596223476,2596224622,16367,1146
29144.023650,2596232631,2596233770,16263,1139
29144.035679,2596241793,2596242934,16314,1141
29144.047702,2596250964,2596252115,16301,1151
29144.059718,2596260128,2596261280,16250,1152
29144.077752,2596273886,2596275033,16245,1147
29144.089780,2596283070,2596284212,16319,1142
29144.101803,2596292240,2596293387,16367,1147
29144.113821,2596301416,2596302559,16263,1143
29144.125850,2596310583,2596311726,16314,1143
29144.140877,2596322029,2596323162,16312,1133
29144.152900,2596331171,2596332318,16315,1147
29144.167924,2596342649,2596343786,16244,1137
29144.200992,2596367869,2596369015,16371,1146
29144.213010,2596377037,2596378183,16265,1146
29144.225039,2596386203,2596387350,16228,1147
29144.240066,2596397674,2596398815,16312,1141
29144.264113,2596416019,2596417164,16384,1145
29144.277639,2596424700,2596425830,16311,1130
29144.289661,2596433820,2596434971,16225,1151
29144.301685,2596443003,2596444150,16227,1147
29144.313706,2596452181,2596453323,16369,1142
29144.331740,2596465941,2596467087,16376,1146
29144.343759,2596475124,2596476260,16248,1136
29144.355785,2596484269,2596485421,16310,1152
29144.367812,2596493449,2596494601,16397,1152
29144.379827,2596502624,2596503770,16236,1146
29144.391857,2596511772,2596512919,16322,1147
29144.403879,2596520926,2596522071,16383,1145
29144.415895,2596530088,2596531234,16250,1146
29144.427926,2596539233,2596540380,16316,1147
29144.439949,2596548412,2596549563,16318,1151
29144.451964,2596557600,2596558746,16143,1146
29144.463993,2596566758,2596567910,16317,1152
29144.476017,2596575931,2596577082,16315,1151
29144.488040,2596585096,2596586239,16220,1143
29144.500063,2596594267,2596595419,16317,1152
29144.512084,2596603450,2596604593,16382,1143
29144.524101,2596612633,2596613785,16254,1152
29144.536132,2596621805,2596622952,16315,1147
29144.548155,2596630991,2596632137,16398,1146
29144.560172,2596640156,2596641303,16265,1147
29144.578204,2596653951,2596655099,16230,1148
29144.590235,2596663124,2596664258,16317,1134
29144.617286,2596683760,2596684907,16313,1147
29144.629307,2596692939,2596694084,16356,1145
29144.641326,2596702132,2596703282,16232,1150
29144.653353,2596711292,2596712444,16313,1152
29144.689423,2596738781,2596739916,16322,1135
29144.701445,2596747928,2596749075,16472,1147
29144.713462,2596757082,2596758222,16256,1140
29144.725492,2596766265,2596767422,16318,1157
29144.737515,2596775452,2596776599,16321,1147
29144.749532,2596784623,2596785765,16230,1142
29144.761559,2596793791,2596794936,16313,1145
29144.773586,2596802986,2596804130,16401,1144
29144.788612,2596814456,2596815597,16316,1141
29144.809650,2596830511,2596831659,16390,1148
29144.821670,2596839678,2596840820,16287,1142
29144.839701,2596853403,2596854539,16313,1136
29144.851730,2596862586,2596863729,16314,1143
29144.863755,2596871770,2596872916,16400,1146
29144.875770,2596880937,2596882080,16240,1143
29144.887801,2596890100,2596891243,16323,1143
29144.899822,2596899281,2596900428,16385,1147
29144.911838,2596908447,2596909585,16243,1138
29144.923869,2596917604,2596918754,16318,1150
29144.935892,2596926771,2596927923,16317,1152
29144.947907,2596935959,2596937102,16231,1143
29144.959936,2596945138,2596946281,16292,1143
29144.971961,2596954304,2596955447,16395,1143
29144.983983,2596963509,2596964655,16313,1146
29144.996006,2596972661,2596973813,16319,1152
29145.008028,2596981823,2596982966,16386,1143
29145.020044,2596990981,2596992123,16254,1142
29145.032075,2597000137,2597001288,16318,1151
29145.044098,2597009319,2597010467,16396,1148
29145.056113,2597018499,2597019645,16233,1146
29145.068142,2597027683,2597028826,16311,1143
29145.080167,2597036845,2597037986,16398,1141
29145.092182,2597046011,2597047163,16250,1152
29145.104212,2597055176,2597056324,16321,1148
29145.116234,2597064342,2597065488,16383,1146
29145.128250,2597073511,2597074659,16247,1148
29145.140279,2597082682,2597083834,16311,1152
29145.152304,2597091852,2597092999,16395,1147
29145.176348,2597110223,2597111370,16314,1147
29145.188372,2597119410,2597120553,16360,1143
29145.212418,2597137731,2597138869,16318,1138
29145.224439,2597146883,2597148035,16383,1152
29145.252498,2597169813,2597170960,16227,1147
29145.287559,2597195059,2597196205,16383,1146
29145.299576,2597204240,2597205392,16250,1152
29145.320624,2597220323,2597221466,16317,1143
29145.332646,2597229477,2597230624,16234,1147
29145.344662,2597238676,2597239816,16235,1140
29145.359699,2597250134,2597251277,16403,1143
29145.383744,2597268474,2597269622,16317,1148
29145.395765,2597277690,2597278836,16385,1146
29145.407782,2597286854,2597288006,16250,1152
29145.419813,2597296031,2597297178,16318,1147
29145.431835,2597305197,2597306335,16321,1138
29145.443851,2597314348,2597315491,16238,1143
29145.455879,2597323510,2597324656,16315,1146
29145.467904,2597332685,2597333831,16484,1146
29145.479926,2597341875,2597343022,16321,1147
29145.491950,2597351041,2597352189,16322,1148
29145.503971,2597360211,2597361358,16381,1147
29145.515988,2597369384,2597370527,16167,1143
29145.528018,2597378544,2597379686,16316,1142
29145.540041,2597387713,2597388859,16408,1146
29145.552056,2597396870,2597398016,16235,1146
29145.564085,2597406058,2597407196,16312,1138
29145.576110,2597415250,2597416398,16400,1148
29145.588125,2597424429,2597425570,16252,1141
29145.600154,2597433623,2597434770,16320,1147
29145.612175,2597442787,2597443934,16373,1147
29145.624194,2597451960,2597453108,16265,1148
29145.675297,2597490921,2597492078,16356,1157
29145.687314,2597500131,2597501274,16250,1143
29145.699342,2597509295,2597510438,16314,1143
29145.711364,2597518455,2597519598,16372,1143
29145.723382,2597527620,2597528766,16266,1146
29145.735409,2597536792,2597537939,16312,1147
29145.747434,2597545976,2597547123,16389,1147
29145.759450,2597555160,2597556312,16245,1152
29145.771478,2597564328,2597565475,16315,1147
29145.783501,2597573498,2597574645,16379,1147
29145.795519,2597582682,2597583829,16264,1147
29145.807548,2597591853,2597593007,16314,1154
29145.819570,2597601043,2597602190,16373,1147
29145.831588,2597610214,2597611361,16247,1147
29145.843616,2597619379,2597620525,16311,1146
29145.855640,2597628559,2597629699,16383,1140
29145.867656,2597637725,2597638858,16249,1133
29145.879685,2597646888,2597648035,16315,1147
29145.891707,2597656046,2597657194,16382,1148
29145.903727,2597665223,2597666370,16295,1147
29145.915754,2597674401,2597675548,16316,1147
29145.927777,2597683576,2597684718,16322,1142
29145.939793,2597692763,2597693918,16162,1155
29145.951821,2597701945,2597703092,16228,1147
29145.963845,2597711132,2597712279,16383,1147
29145.975868,2597720299,2597721442,16223,1143
29145.987891,2597729464,2597730611,16276,1147
29145.999916,2597738946,2597740089,16408,1143
29146.011931,2597748117,2597749264,16253,1147
29146.023961,2597757303,2597758454,16253,1151
29146.035984,2597766466,2597767604,16397,1138
29146.048000,2597775644,2597776792,16150,1148
29146.060028,2597784826,2597785973,16225,1147
29146.072053,2597793992,2597795142,16315,1150
29146.084068,2597803162,2597804314,16249,1152
29146.096098,2597812340,2597813487,16320,1147
29146.108120,2597821498,2597822641,16295,1143
29146.120136,2597830664,2597831811,16250,1147
29146.132165,2597839843,2597840996,16314,1153
29146.144190,2597849027,2597850181,16372,1154
29146.192274,2597885723,2597886875,16248,1152
29146.204305,2597895183,2597896335,16314,1152
29146.216326,2597904384,2597905522,16386,1138
29146.228343,2597913543,2597914690,16230,1147
29146.240371,2597922734,2597923883,16313,1149
29146.303493,2597970899,2597972046,16316,1147
29146.315514,2597980068,2597981210,16386,1142
29146.327531,2597989240,2597990386,16231,1146
29146.339559,2597998417,2597999566,16270,1149
29146.360602,2598014465,2598015612,16394,1147
29146.372624,2598023638,2598024779,16223,1141
29146.405686,2598048869,2598050028,16384,1159
29146.417704,2598058315,2598059458,16247,1143
29146.432739,2598069786,2598070929,16400,1143
29146.444754,2598078949,2598080096,16233,1147
29146.508888,2598129405,2598130552,16314,1147
29146.531927,2598145461,2598146598,16401,1137
29146.543942,2598154642,2598155789,16145,1147
29146.561977,2598168397,2598169544,16228,1147
29146.574007,2598177563,2598178710,16323,1147
29146.613080,2598207370,2598208521,16382,1151
29146.625097,2598216771,2598217917,16316,1146
29146.646143,2598232837,2598233985,16314,1148
29146.658167,2598242020,2598243168,16400,1148
29146.670190,2598251200,2598252341,16310,1141
29146.682213,2598260350,2598261493,16315,1143
29146.718282,2598287863,2598289009,16313,1146
29146.760354,2598319945,2598321083,16236,1138
29146.772384,2598329097,2598330247,16317,1150
29146.820476,2598365774,2598366916,16317,1142
29146.832491,2598375186,2598376333,16235,1147
29146.856545,2598393523,2598394669,16399,1146
29146.868567,2598402709,2598403856,16319,1147
29146.880590,2598411892,2598413038,16314,1146
29146.919664,2598441669,2598442816,16317,1147
29146.931680,2598450849,2598451996,16232,1147
29146.943709,2598460021,2598461168,16317,1147
29146.961743,2598473765,2598474913,16316,1148
29146.973766,2598482943,2598484091,16388,1148
29146.985786,2598492131,2598493278,16285,1147
29146.997813,2598501311,2598502449,16321,1138
29147.009834,2598510469,2598511616,16378,1147
29147.027871,2598524257,2598525404,16400,1147
29147.039886,2598533485,2598534629,16232,1144
29147.051915,2598542669,2598543817,16293,1148
29147.063939,2598551831,2598552983,16400,1152
29147.075954,2598561003,2598562150,16253,1147
29147.097002,2598577033,2598578181,16313,1148
29147.109024,2598586203,2598587349,16297,1146
29147.137082,2598609161,2598610312,16230,1151
29147.154111,2598620655,2598621801,16402,1146
29147.166133,2598629837,2598630983,16312,1146
29147.178156,2598639013,2598640156,16322,1143
29147.190178,2598648176,2598649329,16387,1153
29147.214225,2598666525,2598667666,16320,1141
29147.226248,2598675705,2598676848,16397,1143
29147.241273,2598687191,2598688338,16310,1147
29147.253300,2598696382,2598697528,16385,1146
29147.328434,2598753683,2598754826,16244,1143
29147.340462,2598762849,2598764002,16316,1153
29147.352487,2598772041,2598773188,16386,1147
29147.364509,2598781211,2598782363,16314,1152
29147.376532,2598790401,2598791552,16227,1151
29147.404585,2598813321,2598814474,16369,1153
29147.436640,2598836277,2598837429,16250,1152
29147.448669,2598845486,2598846633,16309,1147
29147.508777,2598891350,2598892502,16247,1152
29147.520806,2598900540,2598901680,16226,1140
29147.536845,2598914393,2598915548,16319,1155
29147.556875,2598928236,2598929390,16319,1154
29147.568898,2598937464,2598938621,16228,1157
29147.584934,2598951269,2598952420,16315,1151
29147.613985,2598971986,2598973133,16348,1147
29147.626000,2598981163,2598982315,16250,1152
29147.638031,2598990344,2598991495,16314,1151
29147.657065,2599006429,2599007577,16379,1148
29147.689120,2599029348,2599030500,16235,1152
29147.701150,2599038532,2599039679,16229,1147
29147.758258,2599082102,2599083249,16375,1147
29147.815360,2599125698,2599126841,16248,1143
29147.827391,2599134864,2599136011,16321,1147
29147.839408,2599144308,2599145456,16297,1148
29147.851427,2599153432,2599154576,16106,1144
29147.863459,2599162582,2599163729,16494,1147
29147.881489,2599176269,2599177420,16443,1151
29147.893510,2599185401,2599186544,16374,1143
29147.911545,2599199094,2599200237,16262,1143
29147.923563,2599208226,2599209381,15997,1155
29147.935593,2599217368,2599218506,16380,1138
29147.953627,2599231066,2599232203,16373,1137
29147.965650,2599240219,2599241366,16361,1147
29147.977666,2599249313,2599250451,16025,1138
29147.989696,2599258458,2599259605,16381,1147
29148.052815,2599306436,2599307588,16442,1152
29148.064839,2599315616,2599316761,16269,1145
29148.079869,2599327036,2599328157,16207,1121
29148.185061,2599406939,2599408088,16107,1149
29148.197090,2599416085,2599417227,16365,1142
29148.209111,2599425230,2599426373,16263,1143
29148.237172,2599448079,2599449225,16096,1146
29148.260213,2599464064,2599465211,16486,1147
29148.272231,2599473208,2599474356,16381,1148
29148.284249,2599482369,2599483517,15992,1148
29148.296279,2599491503,2599492650,16365,1147
29148.317318,2599507530,2599508671,16338,1141
29148.329335,2599516635,2599517779,16027,1144
29148.359402,2599539473,2599540621,16402,1148
29148.371419,2599548610,2599549761,16373,1151
29148.383438,2599557719,2599558853,16028,1134
29148.395469,2599566843,2599567969,16213,1126
29148.407488,2599575970,2599577116,16259,1146
29148.419510,2599585112,2599586261,16108,1149
29148.437541,2599598826,2599599974,16025,1148
29148.449572,2599607967,2599609114,16390,1147
29148.476621,2599628526,2599629672,16442,1146
29148.488642,2599637692,2599638835,16373,1143
29148.509681,2599653710,2599654857,16236,1147
29148.521707,2599662856,2599664003,16355,1147
29148.533728,2599672008,2599673154,16280,1146
29148.545746,2599681134,2599682274,16024,1140
29148.611883,2599731388,2599732526,16370,1138
29148.623899,2599740513,2599741656,16372,1143
29148.635918,2599749613,2599750757,16037,1144
29148.647950,2599758755,2599759880,16216,1125
29148.665984,2599772444,2599773566,16292,1122
29148.678002,2599781581,2599782723,16455,1142
29148.690023,2599790715,2599791853,16108,1138
29148.702051,2599799863,2599801010,16363,1147
29148.714072,2599809049,2599810201,16344,1152
29148.726090,2599818173,2599819319,16032,1146
29148.801239,2599875286,2599876429,16363,1143
29148.813261,2599884439,2599885587,16341,1148
29148.831294,2599898149,2599899287,16379,1138
29148.843313,2599907282,2599908423,16076,1141
29148.855345,2599916413,2599917565,16416,1152
29148.867362,2599925567,2599926715,16379,1148
29148.885397,2599939277,2599940424,16460,1147
29148.897414,2599948625,2599949771,15987,1146
29148.936496,2599978371,2599979507,16380,1136
29148.948517,2599987520,2599988667,16373,1147
29148.984585,2600014882,2600016032,16456,1150
29148.996608,2600023987,2600025136,16149,1149
29149.036686,2600055964,2600057121,16455,1157
29149.092791,2600097073,2600098210,16370,1137
29149.104813,2600106258,2600107406,16315,1148
29149.140878,2600133625,2600134774,16106,1149
29149.152911,2600142769,2600143909,16488,1140
29149.164928,2600151900,2600153047,16370,1147
29149.241079,2600211243,2600212390,16355,1147
29149.300185,2600254655,2600255807,16259,1152
29149.312204,2600263851,2600264996,15994,1145
29149.330239,2600277564,2600278708,16102,1144
29149.342268,2600286700,2600287847,16443,1147
29149.384341,2600318662,2600319805,16028,1143
29149.396371,2600327806,2600328952,16353,1146
29149.408392,2600336974,2600338112,16344,1138
29149.448473,2600368900,2600370052,16401,1152
29149.504580,2600410055,2600411203,16372,1148
29149.516597,2600419239,2600420381,16376,1142
29149.552668,2600446635,2600447769,16358,1134
29149.564687,2600455782,2600456925,16228,1143
29149.652867,2600524361,2600525506,16101,1145
29149.711971,2600567844,2600568991,16360,1147
29149.730005,2600581592,2600582741,16360,1149
29149.742026,2600590756,2600591909,16379,1153
29149.760060,2600604488,2600605635,16380,1147
29149.772079,2600613637,2600614786,15994,1149
29149.784108,2600622768,2600623915,16363,1147
29149.796128,2600631916,2600633068,16264,1152
29149.808148,2600641061,2600642205,15912,1144
29149.820181,2600650206,2600651357,16375,1151
29149.832199,2600659371,2600660517,16345,1146
29149.844224,2600668497,2600669638,15976,1141
29149.865263,2600684522,2600685674,16357,1152
29149.877283,2600693688,2600694835,16373,1147
29149.895317,2600707362,2600708500,16261,1138
29149.907337,2600716495,2600717639,15951,1144
29149.919370,2600725693,2600726837,16427,1144
29149.931386,2600734855,2600735992,16373,1137
29149.943412,2600743983,2600745137,16105,1154
29149.985488,2600775949,2600777088,16369,1139
29149.997510,2600785091,2600786233,16230,1142
29150.012540,2600796511,2600797653,16454,1142
29150.088690,2600855831,2600856969,16439,1138
29150.120746,2600878700,2600879857,16371,1157
29150.132765,2600887889,2600889023,16105,1134
29150.192883,2600933531,2600934678,16268,1147
29150.207914,2600944961,2600946107,16438,1146
29150.293082,2601011235,2601012392,16226,1157
29150.313107,2601024930,2601026074,16023,1144
29150.325137,2601034071,2601035218,16360,1147
29150.337158,2601043233,2601044386,16381,1153
29150.400279,2601091296,2601092443,16348,1147
29150.412299,2601100469,2601101615,16232,1146
29150.439355,2601121035,2601122173,16077,1138
29150.451377,2601130155,2601131297,16446,1142
29150.463393,2601139301,2601140442,16374,1141
29150.475420,2601148404,2601149553,16126,1149
29150.487451,2601157550,2601158673,16249,1123
29150.499467,2601166695,2601167833,16343,1138
29150.511485,2601175794,2601176938,16030,1144
29150.523514,2601184931,2601186074,16445,1143
29150.535535,2601194080,2601195220,16372,1140
29150.547559,2601203213,2601204362,16261,1149
29150.619691,2601258086,2601259232,16026,1146
29150.631720,2601267229,2601268381,16358,1152
29150.643743,2601276400,2601277547,16311,1147
29150.655765,2601285532,2601286679,16258,1147
29150.667791,2601294657,2601295777,16211,1120
29150.679809,2601303781,2601304928,16286,1147
29150.691830,2601312918,2601314070,16237,1152
29150.703857,2601322061,2601323207,16361,1146
29150.715878,2601331204,2601332342,16376,1138
29150.727899,2601340338,2601341485,16231,1147
29150.739929,2601349527,2601350674,16405,1147
29150.751946,2601358674,2601359823,16375,1149
29150.763965,2601367804,2601368948,16110,1144
29150.775994,2601376971,2601378118,16443,1147
29150.788015,2601386087,2601387230,16345,1143
29150.800034,2601395232,2601396372,15996,1140
29150.812063,2601404371,2601405523,16364,1152
29150.824084,2601413528,2601414675,16380,1147
29150.836110,2601422653,2601423807,16190,1154
29150.848134,2601431819,2601432941,16293,1122
29150.860152,2601440955,2601442102,16375,1147
29150.872171,2601450072,2601451212,16027,1140
29150.920269,2601486628,2601487779,16360,1151
29150.932289,2601495774,2601496917,16378,1143
29150.944313,2601504924,2601506071,16230,1147
29150.956337,2601514059,2601515211,16358,1152
29150.968358,2601523209,2601524352,16376,1143
29151.016445,2601559764,2601560913,16067,1149
29151.028475,2601568901,2601570048,16415,1147
29151.043500,2601580307,2601581456,16047,1149
29151.055532,2601589472,2601590619,16396,1147
29151.073561,2601603193,2601604345,16456,1152
29151.085580,2601612352,2601613503,16347,1151
29151.097600,2601621486,2601622625,15911,1139
29151.112632,2601632914,2601634061,16369,1147
29151.124652,2601642024,2601643164,16028,1140
29151.145697,2601657995,2601659147,16383,1152
29151.157716,2601667178,2601668324,16289,1146
29151.172749,2601678590,2601679733,16359,1143
29151.184770,2601687746,2601688897,16265,1151
29151.196790,2601696897,2601698036,16069,1139
29151.208818,2601706030,2601707173,16445,1143
29151.220838,2601715180,2601716327,16382,1147
29151.232865,2601724280,2601725431,16111,1151
29151.247889,2601735725,2601736862,16448,1137
29151.271937,2601753976,2601755123,16439,1147
29151.283958,2601763092,2601764228,16349,1136
29151.295977,2601772247,2601773385,15990,1138
29151.308006,2601781377,2601782524,16315,1147
29151.320026,2601790524,2601791668,16375,1144
29151.332053,2601799649,2601800793,16069,1144
29151.344075,2601808792,2601809938,16358,1146
29151.356097,2601817980,2601819123,16376,1143
29151.368114,2601827086,2601828229,16024,1143
29151.380146,2601836205,2601837330,16211,1125
29151.392165,2601845371,2601846509,16341,1138
29151.404182,2601854464,2601855603,16031,1139
29151.425229,2601870459,2601871610,16363,1151
29151.437252,2601879600,2601880747,16445,1147
29151.464302,2601900162,2601901300,16349,1138
29151.476320,2601909282,2601910426,16028,1144
29151.488353,2601918458,2601919605,16374,1147
29151.500372,2601927612,2601928755,16367,1143
29151.557474,2601971025,2601972163,16026,1138
29151.569503,2601980163,2601981310,16445,1147
29151.588541,2601996179,2601997324,16342,1145
29151.623606,2602021295,2602022447,16362,1152
29151.692734,2602073865,2602075017,16313,1152
29151.704761,2602083022,2602084160,16361,1138
29151.764868,2602128697,2602129837,16025,1140
29151.776898,2602137834,2602138977,16364,1143
29151.792933,2602151599,2602152746,16463,1147
29151.864057,2602204148,2602205288,16024,1140
29151.876086,2602213280,2602214426,16360,1146
29151.897124,2602229322,2602230468,16370,1146
29151.909143,2602238512,2602239656,15991,1144
29151.921172,2602247659,2602248805,16360,1146
29151.933195,2602256847,2602257988,16361,1141
29151.945211,2602265986,2602267130,16030,1144
29151.957241,2602275128,2602276280,16365,1152
29151.969262,2602284287,2602285433,16427,1146
29151.981283,2602293461,2602294609,16314,1148
29151.993309,2602302609,2602303761,16441,1152
29152.012345,2602318628,2602319780,16452,1152
29152.116537,2602396244,2602397382,16024,1138
29152.128570,2602405380,2602406526,16407,1146
29152.176656,2602441893,2602443036,16257,1143
29152.188675,2602451058,2602452202,15992,1144
29152.216737,2602473937,2602475091,16359,1154
29152.239776,2602489939,2602491082,16371,1143
29152.251794,2602499054,2602500209,16073,1155
29152.263824,2602508203,2602509350,16358,1147
29152.275844,2602517333,2602518480,16265,1147
29152.287863,2602526491,2602527641,15993,1150
29152.299894,2602535642,2602536764,16209,1122
29152.317926,2602549317,2602550464,16357,1147
29152.329950,2602558484,2602559636,16362,1152
29152.360000,2602581353,2602582488,16026,1135
29152.372030,2602590473,2602591620,16356,1147
29152.384052,2602599642,2602600783,16349,1141
29152.396069,2602608800,2602609944,15992,1144
29152.408103,2602617968,2602619106,16381,1138
29152.420119,2602627095,2602628242,16379,1147
29152.432138,2602636215,2602637350,16105,1135
29152.444169,2602645368,2602646488,16295,1120
29152.456187,2602654479,2602655631,16379,1152
29152.468206,2602663595,2602664741,16105,1146
29152.480241,2602672758,2602673879,16298,1121
29152.492256,2602681880,2602683027,16459,1147
29152.504279,2602691001,2602692144,16125,1143
29152.516308,2602700157,2602701303,16373,1146
29152.528327,2602709301,2602710442,16367,1141
29152.540343,2602718432,2602719576,16022,1144
29152.555382,2602729976,2602731123,16393,1147
29152.567397,2602739175,2602740330,16255,1155
29152.579427,2602748407,2602749559,16310,1152
29152.591450,2602757636,2602758788,16396,1152
29152.603466,2602766885,2602768041,16231,1156
29152.615496,2602776129,2602777283,16416,1154
29152.627516,2602785342,2602786484,16446,1142
29152.645547,2602799068,2602800215,16370,1147
29152.657569,2602808207,2602809354,16213,1147
29152.711669,2602849388,2602850533,16028,1145
29152.723702,2602858551,2602859694,16412,1143
29152.735719,2602867706,2602868858,16463,1152
29152.753754,2602881430,2602882572,16454,1142
29152.765772,2602890560,2602891699,15993,1139
29152.804853,2602920295,2602921442,16351,1147
29152.816875,2602929484,2602930643,16344,1159
29152.831904,2602940896,2602942044,16355,1148
29152.842431,2602946622,2602947444,14656,822
29152.852331,2602951884,2602952491,12082,607
29152.873989,2602961751,2602962887,16316,1136
29152.886010,2602970858,2602972000,16354,1142
29152.904044,2602984603,2602985746,16385,1143
29152.916061,2602993771,2602994908,16246,1137
29152.928091,2603002928,2603004076,16320,1148
29152.946126,2603016694,2603017841,16317,1147
29152.958147,2603025857,2603027009,16384,1152
29152.982194,2603044208,2603045350,16315,1142
29152.994215,2603053385,2603054539,16379,1154
29153.012250,2603067172,2603068319,16387,1147
29153.024266,2603076384,2603077531,16251,1147
29153.036297,2603085590,2603086737,16291,1147
29153.099417,2603133790,2603134925,16313,1135
29153.111440,2603142956,2603144099,16405,1143
29153.123455,2603152128,2603153277,16250,1149
29153.135486,2603161316,2603162462,16298,1146
29153.147507,2603170514,2603171654,16383,1140
29153.159524,2603179678,2603180821,16246,1143
29153.192592,2603204932,2603206089,16381,1157
29153.204609,2603214124,2603215295,16247,1171
29153.216640,2603223333,2603224484,16312,1151
29153.228661,2603232554,2603233711,16350,1157
29153.240678,2603241778,2603242925,16250,1147
29153.285763,2603276339,2603277491,16247,1152
29153.297795,2603285526,2603286672,16323,1146
29153.309816,2603294712,2603295859,16379,1147
29153.348887,2603324568,2603325714,16279,1146
29153.360425,2603333340,2603334482,16281,1142
29153.380444,2603347099,2603348246,16251,1147
29153.392475,2603356290,2603357452,16323,1162
29153.404496,2603365483,2603366630,16384,1147
29153.416514,2603374654,2603375804,16264,1150
29153.428545,2603383893,2603385045,16318,1152
29153.452581,2603402267,2603403414,16250,1147
29153.464612,2603411458,2603412605,16315,1147
29153.479635,2603422941,2603424093,16282,1152
29153.491663,2603432115,2603433258,16232,1143
29153.503685,2603441292,2603442438,16311,1146
29153.515702,2603450473,2603451618,16265,1145
29153.527732,2603459670,2603460817,16315,1147
29153.539753,2603468849,2603469991,16385,1142
29153.551772,2603478025,2603479177,16283,1152
29153.563800,2603487204,2603488350,16398,1146
29153.575822,2603496387,2603497530,16468,1143
29153.617903,2603528511,2603529658,16311,1147
29153.629926,2603537688,2603538840,16388,1152
29153.653972,2603556102,2603557259,16318,1157
29153.665993,2603565294,2603566444,16399,1150
29153.690040,2603583662,2603584808,16315,1146
29153.702062,2603592875,2603594016,16470,1141
29153.726109,2603611246,2603612404,16398,1158
29153.738130,2603620453,2603621599,16389,1146
29153.762177,2603638818,2603639965,16313,1147
29153.774199,2603648030,2603649174,16391,1144
29153.786216,2603657225,2603658377,16258,1152
29153.798246,2603666447,2603667589,16397,1142
29153.828302,2603689431,2603690583,16385,1152
29153.840320,2603698629,2603699767,16251,1138
29153.852349,2603707840,2603708992,16316,1152
29153.864370,2603717047,2603718190,16394,1143
29153.897435,2603742302,2603743449,16318,1147
29153.909456,2603751494,2603752641,16392,1147
29153.928500,2603767565,2603768747,16330,1182
29153.945525,2603779085,2603780237,16439,1152
29153.957541,2603788287,2603789434,16249,1147
29153.984593,2603808968,2603810120,16338,1152
29153.996623,2603818145,2603819292,16399,1147
29154.008645,2603827332,2603828484,16394,1152
29154.020664,2603836500,2603837647,16282,1147
29154.032692,2603845697,2603846848,16315,1151
29154.053729,2603861812,2603862963,16367,1151
29154.065747,2603871022,2603872173,16266,1151
29154.089798,2603889401,2603890548,16373,1147
29154.101815,2603898568,2603899720,16260,1152
29154.132880,2603923828,2603924984,16371,1156
29154.161935,2603944539,2603945686,16382,1147
29154.173953,2603953713,2603954855,16249,1142
29154.185984,2603962915,2603964068,16334,1153
29154.216038,2603985866,2603987015,16367,1149
29154.228058,2603995069,2603996216,16378,1147
29154.240085,2604004257,2604005404,16321,1147
29154.252106,2604013513,2604014670,16341,1157
29154.330257,2604073245,2604074392,16315,1147
29154.345281,2604084720,2604085869,16294,1149
29154.357308,2604093893,2604095043,16224,1150
29154.375342,2604107689,2604108841,16314,1152
29154.387363,2604116880,2604118022,16281,1142
29154.399382,2604126054,2604127205,16271,1151
29154.411410,2604135251,2604136398,16313,1147
29154.423432,2604144447,2604145599,16365,1152
29154.441466,2604158232,2604159381,16367,1149
29154.453487,2604167431,2604168613,16254,1182
29154.465517,2604176653,2604177794,16315,1141
29154.477536,2604185871,2604187018,16385,1147
29154.504588,2604206542,2604207688,16386,1146
29154.516604,2604215730,2604216879,16257,1149
29154.537653,2604231814,2604232957,16381,1143
29154.549673,2604240972,2604242124,16467,1152
29154.561691,2604250167,2604251324,16251,1157
29154.573723,2604259379,2604260526,16316,1147
29154.609789,2604286947,2604288099,16294,1152
29154.621811,2604296147,2604297298,16384,1151
29154.645858,2604314539,2604315691,16321,1152
29154.657881,2604323745,2604324891,16395,1146
29154.669898,2604332946,2604334098,16251,1152
29154.681927,2604342151,2604343300,16321,1149
29154.717995,2604369756,2604370908,16319,1152
29154.730016,2604378971,2604380118,16359,1147
29154.754064,2604397396,2604398553,16322,1157
29154.766085,2604406580,2604407726,16469,1146
29154.820189,2604447945,2604449087,16384,1142
29154.838222,2604461722,2604462874,16377,1152
29154.853252,2604473219,2604474391,16316,1172
29154.865274,2604482463,2604483608,16389,1145
29154.880304,2604493976,2604495123,16318,1147
29154.919377,2604523874,2604525021,16354,1147
29154.931396,2604533063,2604534208,16277,1145
29154.943424,2604542244,2604543401,16319,1157
29154.955446,2604551440,2604552588,16401,1148
29154.967464,2604560615,2604561762,16277,1147
29154.985497,2604574410,2604575556,16255,1146
29154.997526,2604583601,2604584772,16314,1171
29155.048616,2604622675,2604623825,16250,1150
29155.060647,2604631850,2604633001,16312,1151
29155.072668,2604641059,2604642206,16386,1147
29155.084685,2604650265,2604651407,16253,1142
29155.096715,2604659439,2604660596,16315,1157
29155.144805,2604696217,2604697369,16381,1152
29155.156823,2604705429,2604706576,16255,1147
29155.171857,2604716912,2604718069,16381,1157
29155.195904,2604735294,2604736445,16317,1151
29155.207925,2604744480,2604745627,16386,1147
29155.219942,2604753672,2604754814,16227,1142
29155.231972,2604762844,2604764002,16284,1158
29155.243994,2604772045,2604773192,16385,1147
29155.256014,2604781203,2604782355,16286,1152
29155.268041,2604790397,2604791549,16315,1152
29155.280063,2604799603,2604800750,16381,1147
29155.292079,2604808789,2604809941,16225,1152
29155.313127,2604824879,2604826026,16317,1147
29155.325148,2604834078,2604835225,16392,1147
29155.397286,2604889234,2604890376,16391,1142
29155.409305,2604898431,2604899577,16363,1146
29155.427337,2604912192,2604913335,16253,1143
29155.439367,2604921383,2604922535,16405,1152
29155.451389,2604930571,2604931709,16486,1138
29155.463405,2604939750,2604940892,16263,1142
29155.475435,2604948960,2604950107,16295,1147
29155.487457,2604958139,2604959292,16381,1153
29155.499473,2604967344,2604968502,16242,1158
29155.511504,2604976542,2604977689,16317,1147
29155.523525,2604985751,2604986898,16383,1147
29155.535543,2604994960,2604996112,16253,1152
29155.547573,2605004175,2605005336,16311,1161
29155.568614,2605020273,2605021420,16402,1147
29155.580628,2605029451,2605030591,16251,1140
29155.592659,2605038629,2605039781,16318,1152
29155.604680,2605047826,2605048978,16387,1152
29155.619710,2605059304,2605060451,16310,1147
29155.631731,2605068510,2605069661,16383,1151
29155.643748,2605077716,2605078863,16235,1147
29155.655779,2605086910,2605088053,16329,1143
29155.667800,2605096109,2605097262,16469,1153
29155.679819,2605105353,2605106495,16283,1142
29155.691848,2605114552,2605115709,16320,1157
29155.703868,2605123753,2605124899,16351,1146
29155.715886,2605132929,2605134073,16253,1144
29155.727915,2605142113,2605143260,16314,1147
29155.739937,2605151303,2605152450,16382,1147
29155.751954,2605160509,2605161656,16258,1147
29155.763984,2605169687,2605170832,16316,1145
29155.836122,2605224830,2605225982,16318,1152
29155.848143,2605234021,2605235172,16400,1151
29155.860163,2605243218,2605244370,16284,1152
29155.872190,2605252407,2605253555,16316,1148
29155.884212,2605261593,2605262736,16370,1143
29155.896227,2605270798,2605271939,16169,1141
29155.908257,2605279994,2605281141,16319,1147
29155.920279,2605289179,2605290331,16282,1152
29155.932297,2605298374,2605299532,16266,1158
29155.947330,2605309890,2605311040,16379,1150
29155.959348,2605319102,2605320249,16267,1147
29155.977382,2605332926,2605334078,16260,1152
29155.989412,2605342123,2605343269,16313,1146
29156.001433,2605351293,2605352445,16368,1152
29156.013451,2605360494,2605361642,16265,1148
29156.025480,2605369689,2605370836,16316,1147
29156.049520,2605388063,2605389210,16266,1147
29156.061549,2605397262,2605398409,16315,1147
29156.085588,2605415648,2605416795,16243,1147
29156.097620,2605424873,2605426024,16314,1151
29156.136692,2605454737,2605455884,16467,1147
29156.148708,2605463924,2605465077,16260,1153
29156.217846,2605516807,2605517964,16385,1157
29156.229862,2605526011,2605527152,16261,1141
29156.253915,2605544404,2605545551,16470,1147
29156.268945,2605555895,2605557057,16319,1162
29156.280966,2605565100,2605566247,16390,1147
29156.292982,2605574292,2605575438,16242,1146
29156.305011,2605583514,2605584662,16311,1148
29156.338071,2605608784,2605609936,16292,1152
29156.350098,2605617973,2605619125,16314,1152
29156.362119,2605627169,2605628316,16372,1147
29156.374137,2605636387,2605637534,16266,1147
29156.392173,2605650172,2605651324,16281,1152
29156.404200,2605659374,2605660521,16313,1147
29156.416222,2605668561,2605669719,16370,1158
29156.437257,2605684638,2605685784,16262,1146
29156.449286,2605693824,2605694982,16323,1158
29156.467320,2605707629,2605708776,16317,1147
29156.479342,2605716826,2605717973,16372,1147
29156.491358,2605726014,2605727156,16252,1142
29156.503391,2605735240,2605736378,16316,1138
29156.515414,2605744427,2605745574,16405,1147
29156.551481,2605772017,2605773164,16386,1147
29156.563498,2605781202,2605782356,16235,1154
29156.575528,2605790408,2605791560,16318,1152
29156.587549,2605799608,2605800755,16357,1147
29156.599566,2605808782,2605809929,16249,1147
29156.611598,2605817983,2605819130,16336,1147
29156.623617,2605827165,2605828312,16383,1147
29156.635634,2605836359,2605837506,16335,1147
29156.647665,2605845558,2605846705,16325,1147
29156.659686,2605854748,2605855895,16393,1147
29156.671703,2605863946,2605865092,16238,1146
29156.683733,2605873152,2605874304,16319,1152
29156.704772,2605889255,2605890407,16355,1152
29156.716790,2605898467,2605899614,16247,1147
29156.728819,2605907673,2605908821,16318,1148
29156.740840,2605916868,2605918020,16400,1152
29156.752857,2605926073,2605927244,16166,1171
29156.764888,2605935318,2605936471,16315,1153
29156.776909,2605944500,2605945652,16389,1152
29156.788925,2605953700,2605954851,16237,1151
29156.803960,2605965200,2605966347,16383,1147
29156.815977,2605974368,2605975520,16248,1152
29156.828008,2605983559,2605984710,16320,1151
29156.840029,2605992744,2605993892,16313,1148
29156.852046,2606001969,2606003116,16257,1147
29156.873094,2606018061,2606019204,16294,1143
29156.885115,2606027244,2606028396,16386,1152
29156.906149,2606043342,2606044489,16251,1147
29156.918179,2606052510,2606053662,16315,1152
29156.933201,2606064042,2606065194,16336,1152
29156.945231,2606073222,2606074370,16325,1148
29156.978286,2606098538,2606099685,16261,1147
29156.996321,2606112348,2606113503,16261,1155
29157.008350,2606121552,2606122704,16399,1152
29157.020372,2606130754,2606131906,16294,1152
29157.035402,2606142250,2606143397,16318,1147
29157.047424,2606151448,2606152595,16383,1147
29157.059443,2606160872,2606162015,16428,1143
29157.071460,2606170006,2606171156,15949,1150
29157.083490,2606179171,2606180320,16273,1149
29157.095511,2606188351,2606189489,16344,1138
29157.107529,2606197481,2606198626,16031,1145
29157.119563,2606206664,2606207836,16287,1172
29157.131582,2606215874,2606217031,16333,1157
29157.143597,2606225019,2606226163,16044,1144
29157.155626,2606234200,2606235347,16356,1147
29157.167647,2606243388,2606244536,16375,1148
29157.179666,2606252534,2606253687,16123,1153
29157.191700,2606261745,2606262868,16282,1123
29157.209728,2606275443,2606276595,16350,1152
29157.221750,2606284619,2606285767,16458,1148
29157.311922,2606353296,2606354443,16459,1147
29157.323941,2606362434,2606363584,16047,1150
29157.335971,2606371660,2606372807,16359,1147
29157.347990,2606380811,2606381968,16375,1157
29157.360009,2606389977,2606391121,16042,1144
29157.372039,2606399139,2606400264,16117,1125
29157.384059,2606408250,2606409397,16266,1147
29157.396078,2606417450,2606418593,15994,1143
29157.408107,2606426601,2606427748,16291,1147
29157.420127,2606435752,2606436899,16378,1147
29157.438164,2606449528,2606450680,16353,1152
29157.450178,2606458663,2606459798,15991,1135
29157.528330,2606518219,2606519370,16291,1151
29157.540353,2606527375,2606528516,16033,1141
29157.576421,2606554804,2606555948,16105,1144
29157.588454,2606563987,2606565134,16379,1147
29157.604485,2606577817,2606578976,16489,1159
29157.628536,2606596304,2606597462,16318,1158
29157.705673,2606653858,2606655009,16362,1151
29157.717693,2606663020,2606664167,16377,1147
29157.729720,2606672145,2606673300,16194,1155
29157.741747,2606681383,2606682535,16373,1152
29157.753762,2606690543,2606691695,16375,1152
29157.832922,2606752444,2606753586,16367,1142
29157.861968,2606773046,2606774222,16376,1176
29157.873986,2606782218,2606783362,16037,1144
29157.886020,2606791438,2606792590,16382,1152
29157.898036,2606800614,2606801770,16385,1156
29157.928097,2606823471,2606824620,16169,1149
29157.940118,2606832636,2606833782,16446,1146
29157.952141,2606841847,2606842994,16348,1147
29157.964159,2606851011,2606852166,15997,1155
29157.976187,2606860215,2606861361,16356,1146
29158.024276,2606896897,2606898044,16372,1147
29158.036295,2606906029,2606907172,16025,1143
29158.048324,2606915185,2606916338,16357,1153
29158.144501,2606988432,2606989576,16028,1144
29158.156534,2606997864,2606999010,16372,1146
29158.168552,2607007058,2607008210,16345,1152
29158.252707,2607071170,2607072311,16031,1141
29158.267740,2607082607,2607083764,16366,1157
29158.351895,2607146699,2607147854,16027,1155
29158.363925,2607156146,2607157297,16275,1151
29158.375945,2607165347,2607166493,16254,1146
29158.387964,2607174490,2607175635,15995,1145
29158.399997,2607183672,2607184824,16372,1152
29158.412014,2607192836,2607193985,16376,1149
29158.424040,2607201979,2607203124,16114,1145
29158.436062,2607211148,2607212299,16364,1151
29158.448078,2607220341,2607221493,16291,1152
29158.460105,2607229472,2607230615,16048,1143
29158.472130,2607238641,2607239793,16358,1152
29158.484152,2607247827,2607248968,16346,1141
29158.496170,2607256963,2607258112,16029,1149
29158.508203,2607266156,2607267303,16376,1147
29158.520220,2607275307,2607276453,16303,1146
29158.541256,2607291412,2607292555,15998,1143
29158.553285,2607300600,2607301777,16364,1177
29158.565307,2607309834,2607310980,16344,1146
29158.577327,2607318986,2607320128,16315,1142
29158.589354,2607328151,2607329302,16444,1151
29158.601373,2607337336,2607338513,16377,1177
29158.631427,2607360230,2607361375,16028,1145
29158.664494,2607385434,2607386581,16374,1147
29158.676516,2607394612,2607395759,16235,1147
29158.691545,2607406062,2607407209,16328,1147
29158.703564,2607415201,2607416340,16026,1139
29158.715594,2607424342,2607425484,16357,1142
29158.727617,2607433509,2607434650,16367,1141
29158.739633,2607442652,2607443791,16035,1139
29158.751664,2607451802,2607452925,16214,1123
29158.763683,2607460948,2607462105,16375,1157
29158.781718,2607474712,2607475864,16423,1152
29158.793736,2607483847,2607484991,16028,1144
29158.805765,2607493018,2607494165,16360,1147
29158.817785,2607502171,2607503318,16459,1147
29158.829805,2607511346,2607512493,16025,1147
29158.877907,2607548022,2607549162,16444,1140
29158.889923,2607557165,2607558312,16458,1147
29158.907957,2607570902,2607572054,16457,1152
29158.919983,2607580030,2607581175,16115,1145
29158.938013,2607593767,2607594917,16124,1150
29158.950039,2607602919,2607604076,16463,1157
29158.965062,2607614385,2607615530,16035,1145
29158.977097,2607623629,2607624776,16396,1147
29159.010148,2607648802,2607649946,16107,1144
29159.022179,2607657969,2607659121,16412,1152
29159.034197,2607667139,2607668296,16375,1157
29159.046216,2607676342,2607677498,16022,1156
29159.080327,2607703891,2607705042,15995,1151
29159.112348,2607726762,2607727919,16363,1157
29159.124371,2607735946,2607737093,16360,1147
29159.172459,2607772595,2607773748,16232,1153
29159.184486,2607781753,2607782900,16359,1147
29159.196507,2607790958,2607792115,16345,1157
29159.212538,2607804703,2607805850,16375,1147
29159.241591,2607825320,2607826466,16381,1146
29159.253610,2607834457,2607835601,16030,1144
29159.316741,2607882565,2607883712,16317,1147
29159.328760,2607891724,2607892876,16367,1152
29159.391880,2607939879,2607941026,16361,1147
29159.403901,2607949123,2607950265,16351,1142
29159.421937,2607962905,2607964052,16435,1147
29159.433956,2607972082,2607973239,16235,1157
29159.494070,2608017916,2608019064,16341,1148
29159.506091,2608027060,2608028199,16031,1139
29159.518123,2608036203,2608037357,16403,1154
29159.596262,2608095773,2608096924,16030,1151
29159.608291,2608104946,2608106098,16442,1152
29159.620314,2608114111,2608115257,16444,1146
29159.635345,2608125550,2608126671,16294,1121
29159.689445,2608166737,2608167889,16359,1152
29159.701466,2608175893,2608177045,16372,1152
29159.713492,2608185033,2608186179,16110,1146
29159.725514,2608194196,2608195342,16359,1146
29159.737534,2608203355,2608204507,16372,1152
29159.800655,2608251464,2608252611,16375,1147
29159.812683,2608260833,2608261991,16315,1158
29159.824703,2608270011,2608271173,16363,1162
29159.875793,2608309006,2608310154,15988,1148
29159.911872,2608336592,2608337750,16310,1158
29159.923891,2608345761,2608346913,16365,1152
29159.935912,2608354980,2608356126,16373,1146
29159.947930,2608364121,2608365276,16028,1155
29159.959960,2608373318,2608374459,16354,1141
29159.971981,2608382509,2608383661,16343,1152
29160.008049,2608409981,2608411134,16377,1153
29160.020068,2608419338,2608420483,16109,1145
29160.032098,2608428514,2608429666,16447,1152
29160.044118,2608437682,2608438838,16383,1156
29160.056136,2608446861,2608448004,16072,1143
29160.068170,2608456023,2608457170,16378,1147
29160.080186,2608465191,2608466338,16373,1147
29160.092205,2608474355,2608475525,16030,1170
29160.104236,2608483563,2608484690,16214,1127
29160.116258,2608492716,2608493863,16278,1147
29160.128274,2608501852,2608503002,16031,1150
29160.140305,2608511009,2608512135,16129,1126
29160.152323,2608520146,2608521293,16368,1147
29160.164345,2608529307,2608530459,16229,1152
29160.200411,2608556804,2608557949,16028,1145
29160.212443,2608565947,2608567099,16408,1152
29160.228475,2608579753,2608580900,16361,1147
29160.263534,2608604919,2608606071,16323,1152
29160.275560,2608614107,2608615254,16446,1147
29160.287580,2608623290,2608624448,16378,1158
29160.299599,2608632479,2608633629,16032,1150
29160.320646,2608648518,2608649665,16359,1147
29160.332666,2608657668,2608658815,16377,1147
29160.368736,2608685137,2608686284,16339,1147
29160.380754,2608694273,2608695417,16028,1144
29160.419834,2608724058,2608725205,16358,1147
29160.431855,2608733224,2608734371,16454,1147
29160.443873,2608742456,2608743604,16030,1148
29160.455903,2608751608,2608752755,16365,1147
29160.467925,2608760829,2608761975,16320,1146
29160.479943,2608769972,2608771122,16107,1150
29160.491972,2608779134,2608780280,16366,1146
29160.510010,2608792857,2608794007,16496,1150
29160.522026,2608802030,2608803177,16457,1147
29160.576129,2608843247,2608844388,16376,1141
29160.588148,2608852412,2608853555,16108,1143
29160.600180,2608861588,2608862715,16213,1127
29160.618214,2608875305,2608876431,16208,1126
29160.630234,2608884497,2608885654,16332,1157
29160.648267,2608898234,2608899381,16379,1147
29160.660288,2608907437,2608908583,16252,1146
29160.672315,2608916592,2608917738,16268,1146
29160.684335,2608925760,2608926918,16377,1158
29160.711389,2608946383,2608947526,16358,1143
29160.723406,2608955516,2608956671,16035,1155
29160.735437,2608964721,2608965842,16182,1121
29160.747455,2608973841,2608974988,16376,1147
29160.768491,2608989884,2608991034,15998,1150
29160.780520,2608999037,2609000184,16356,1147
29160.792541,2609008191,2609009333,16372,1142
29160.804568,2609017338,2609018513,16116,1175
29160.816589,2609026550,2609027708,16357,1158
29160.828610,2609035723,2609036875,16376,1152
29160.840633,2609044911,2609046058,16208,1147
29160.873695,2609070149,2609071296,16375,1147
29160.885714,2609079276,2609080421,16028,1145
29160.897743,2609088433,2609089580,16358,1147
29160.975886,2609148043,2609149186,16032,1143
29161.000949,2609168678,2609169828,16080,1150
29161.042022,2609198504,2609199656,16460,1152
29161.054041,2609207720,2609208872,16352,1152
29161.066057,2609216882,2609218031,16074,1149
29161.105141,2609246648,2609247801,16494,1153
29161.117158,2609255823,2609256975,16459,1152
29161.192297,2609313140,2609314279,15991,1139
29161.204329,2609322298,2609323455,16403,1157
29161.219348,2609333763,2609334918,16025,1155
29161.252416,2609358953,2609360097,16265,1144
29161.264435,2609368269,2609369424,15992,1155
29161.276464,2609377445,2609378596,16448,1151
29161.291486,2609388902,2609390047,16026,1145
29161.303518,2609398073,2609399220,16412,1147
29161.412722,2609482905,2609484052,16373,1147
29161.459811,2609517313,2609518459,16344,1146
29161.471829,2609526673,2609527819,16031,1146
29161.483858,2609535843,2609537000,16365,1157
29161.495880,2609545081,2609546225,16350,1144
29161.507897,2609554221,2609555366,16109,1145
29161.519929,2609563372,2609564494,16295,1122
29161.531947,2609572497,2609573644,16334,1147
29161.543966,2609581644,2609582824,16034,1180
29161.565012,2609597768,2609598920,16359,1152
29161.577033,2609606928,2609608080,16378,1152
29161.625120,2609643604,2609644743,16024,1139
29161.637149,2609652776,2609653923,16362,1147
29161.664201,2609673438,2609674585,16370,1147
29161.676223,2609682654,2609683835,16428,1181
29161.688240,2609691818,2609692962,16108,1144
29161.706275,2609705546,2609706687,16023,1141
29161.733326,2609726153,2609727297,16109,1144
29161.745355,2609735314,2609736468,16365,1154
29161.835527,2609804007,2609805160,16356,1153
29161.847547,2609813195,2609814342,16262,1147
29161.865582,2609826987,2609828134,16375,1147
29161.877606,2609836179,2609837328,16153,1149
29161.895642,2609849915,2609851065,16114,1150
29161.907664,2609859087,2609860239,16443,1152
29161.919685,2609868239,2609869422,16385,1183
29161.931703,2609877424,2609878569,16113,1145
29161.943732,2609886583,2609887731,16364,1148
29161.955754,2609895774,2609896918,16345,1144
29161.967772,2609904916,2609906062,16031,1146
29161.979801,2609914081,2609915228,16357,1147
29162.051943,2609969095,2609970242,16372,1147
29162.062467,2609974806,2609975635,14687,829
29162.074488,2609980076,2609980688,12120,612
29162.089513,2609986612,2609987748,16313,1136
29162.101535,2609995771,2609996916,16384,1145
29162.113552,2610004963,2610006111,16248,1148
29162.140606,2610025640,2610026792,16277,1152
29162.152631,2610034838,2610035992,16319,1154
29162.164656,2610044032,2610045179,16391,1147
29162.185692,2610060128,2610061275,16277,1147
29162.197716,2610069329,2610070482,16314,1153
29162.248809,2610108382,2610109525,16249,1143
29162.260837,2610117571,2610118719,16319,1148
29162.281878,2610133654,2610134801,16388,1147
29162.293895,2610143248,2610144397,16224,1149
29162.323958,2610166258,2610167406,16312,1148
29162.335983,2610175480,2610176626,16400,1146
29162.347998,2610184675,2610185822,16236,1147
29162.360027,2610193873,2610195026,16299,1153
29162.381068,2610210004,2610211153,16396,1149
29162.393083,2610219227,2610220384,16226,1157
29162.444188,2610258333,2610259485,16407,1152
29162.456204,2610267562,2610268714,16238,1152
29162.468232,2610276781,2610277938,16320,1157
29162.480257,2610285996,2610287147,16402,1151
29162.492272,2610295534,2610296685,16219,1151
29162.504301,2610304750,2610305903,16312,1153
29162.516325,2610313942,2610315095,16396,1153
29162.564409,2610350780,2610351933,16234,1153
29162.577935,2610359554,2610360703,16232,1149
29162.589964,2610368738,2610369886,16316,1148
29162.601991,2610377954,2610379107,16375,1153
29162.614003,2610387142,2610388294,16232,1152
29162.626033,2610396344,2610397521,16317,1177
29162.638057,2610405572,2610406725,16403,1153
29162.656090,2610419469,2610420627,16382,1158
29162.668107,2610428712,2610429875,16252,1163
29162.680137,2610437987,2610439175,16226,1188
29162.692159,2610447309,2610448469,16396,1160
29162.704175,2610456614,2610457758,16250,1144
29162.729236,2610477371,2610478523,16244,1152
29162.758278,2610498126,2610499281,16253,1155
29162.773313,2610509677,2610510823,16380,1146
29162.785330,2610518887,2610520034,16257,1147
29162.809381,2610537371,2610538524,16383,1153
29162.821400,2610546590,2610547742,16249,1152
29162.833429,2610555795,2610556973,16319,1178
29162.845450,2610565011,2610566162,16384,1151
29162.881518,2610592606,2610593759,16381,1153
29162.893536,2610601812,2610602964,16252,1152
29162.911570,2610615659,2610616806,16248,1147
29162.923600,2610624894,2610626046,16317,1152
29162.935621,2610634094,2610635246,16292,1152
29162.947638,2610643295,2610644453,16248,1158
29162.959668,2610652506,2610653665,16318,1159
29162.971690,2610661715,2610662868,16298,1153
29162.983707,2610670912,2610672059,16252,1147
29163.008767,2610691672,2610692819,16248,1147
29163.043827,2610717000,2610718152,16378,1152
29163.055844,2610726224,2610727371,16252,1147
29163.067873,2610735450,2610736608,16321,1158
29163.100930,2610760910,2610762067,16237,1157
29163.112958,2610770223,2610771375,16319,1152
29163.124983,2610779430,2610780606,16385,1176
29163.140009,2610790957,2610792104,16314,1147
29163.152033,2610800160,2610801307,16391,1147
29163.164050,2610809385,2610810537,16161,1152
29163.176077,2610818616,2610819770,16319,1154
29163.188102,2610827844,2610829001,16403,1157
29163.200118,2610837075,2610838222,16251,1147
29163.212146,2610846287,2610847440,16315,1153
29163.224170,2610855495,2610856652,16389,1157
29163.236187,2610864745,2610865888,16235,1143
29163.248215,2610873962,2610875110,16316,1148
29163.260239,2610883174,2610884321,16392,1147
29163.272255,2610892378,2610893531,16247,1153
29163.284283,2610901593,2610902751,16320,1158
29163.296307,2610910809,2610911956,16385,1147
29163.308324,2610919990,2610921146,16249,1156
29163.320353,2610929225,2610930377,16316,1152
29163.332377,2610938425,2610939572,16399,1147
29163.356422,2610956844,2610957993,16309,1149
29163.368446,2610966110,2610967261,16398,1151
29163.380461,2610975335,2610976482,16234,1147
29163.416530,2611002962,2611004109,16231,1147
29163.428559,2611012180,2611013332,16318,1152
29163.443581,2611023687,2611024834,16229,1147
29163.455610,2611032884,2611034057,16229,1173
29163.467635,2611042110,2611043258,16404,1148
29163.485669,2611055927,2611057078,16414,1151
29163.497684,2611065126,2611066284,16235,1158
29163.515718,2611078947,2611080098,16234,1151
29163.527746,2611088241,2611089395,16313,1154
29163.539770,2611097446,2611098593,16357,1147
29163.551787,2611106656,2611107803,16245,1147
29163.563815,2611115848,2611117001,16317,1153
29163.575839,2611125059,2611126213,16386,1154
29163.593873,2611138866,2611140014,16380,1148
29163.605890,2611148065,2611149211,16248,1146
29163.623924,2611161891,2611163041,16250,1150
29163.644969,2611178021,2611179179,16312,1158
29163.656993,2611187220,2611188371,16386,1151
29163.681037,2611205688,2611206841,16312,1153
29163.693062,2611214891,2611216049,16387,1158
29163.717107,2611233337,2611234485,16321,1148
29163.729130,2611242608,2611243756,16380,1148
29163.753175,2611261036,2611262184,16312,1148
29163.765199,2611270256,2611271412,16381,1156
29163.780226,2611281783,2611282936,16316,1153
29163.792251,2611290989,2611292141,16385,1152
29163.804267,2611300196,2611301343,16251,1147
29163.816295,2611309400,2611310548,16319,1148
29163.837336,2611325510,2611326663,16381,1153
29163.849353,2611334738,2611335896,16247,1158
29163.876405,2611355467,2611356620,16246,1153
29163.888432,2611364710,2611365863,16317,1153
29163.912473,2611383165,2611384316,16249,1151
29163.924501,2611392401,2611393557,16316,1156
29163.936525,2611401682,2611402836,16383,1154
29163.948541,2611410886,2611412063,16245,1177
29163.960570,2611420131,2611421279,16318,1148
29163.972594,2611429335,2611430513,16297,1178
29163.984610,2611438578,2611439725,16250,1147
29163.996638,2611447799,2611448951,16311,1152
29164.060761,2611498480,2611499633,16385,1153
29164.077792,2611509972,2611511124,16312,1152
29164.089817,2611519182,2611520328,16387,1146
29164.104844,2611530681,2611531859,16228,1178
29164.119867,2611542242,2611543400,16245,1158
29164.131895,2611551468,2611552614,16319,1146
29164.143919,2611560705,2611561858,16382,1153
29164.155936,2611569910,2611571052,16247,1142
29164.167964,2611579122,2611580274,16314,1152
29164.179988,2611588342,2611589499,16395,1157
29164.198022,2611602160,2611603307,16387,1147
29164.210039,2611611380,2611612557,16248,1177
29164.240101,2611634437,2611635592,16319,1155
29164.252125,2611643658,2611644809,16296,1151
29164.264142,2611652878,2611654025,16249,1147
29164.276169,2611662066,2611663218,16314,1152
29164.288194,2611671291,2611672438,16386,1147
29164.300210,2611680527,2611681679,16253,1152
29164.312238,2611689756,2611690909,16316,1153
29164.324262,2611698961,2611700118,16298,1157
29164.336279,2611708233,2611709381,16247,1148
29164.348308,2611717456,2611718608,16319,1152
29164.360333,2611726664,2611727810,16406,1146
29164.381365,2611742790,2611743937,16244,1147
29164.393394,2611751984,2611753126,16400,1142
29164.408416,2611763498,2611764657,16230,1159
29164.429462,2611779628,2611780776,16318,1148
29164.441487,2611788816,2611789974,16406,1158
29164.483565,2611821042,2611822194,16322,1152
29164.495589,2611830251,2611831409,16399,1158
29164.507605,2611839444,2611840597,16238,1153
29164.519634,2611848649,2611849802,16316,1153
29164.531658,2611857843,2611858990,16399,1147
29164.543673,2611867060,2611868206,16186,1146
29164.555701,2611876340,2611877487,16314,1147
29164.567726,2611885574,2611886726,16387,1152
29164.579745,2611894785,2611895947,16274,1162
29164.591770,2611904033,2611905185,16318,1152
29164.603794,2611913273,2611914420,16388,1147
29164.621828,2611927077,2611928235,16386,1158
29164.633845,2611936282,2611937435,16245,1153
29164.657897,2611954713,2611955866,16383,1153
29164.669913,2611963926,2611965078,16246,1152
29164.699976,2611987013,2611988165,16313,1152
29164.712000,2611996229,2611997382,16391,1153
29164.724015,2612005445,2612006602,16234,1157
29164.745061,2612021581,2612022729,16316,1148
29164.757085,2612030779,2612031929,16381,1150
29164.778119,2612046935,2612048079,16249,1144
29164.790148,2612056146,2612057303,16321,1157
29164.802172,2612065365,2612066512,16386,1147
29164.814188,2612074569,2612075716,16247,1147
29164.826216,2612083788,2612084937,16315,1149
29164.838239,2612092973,2612094112,16378,1139
29164.871302,2612118317,2612119470,16316,1153
29164.892343,2612134496,2612135647,16388,1151
29164.904360,2612143703,2612144881,16250,1178
29164.916387,2612152943,2612154095,16316,1152
29164.952456,2612180538,2612181686,16314,1148
29164.964480,2612189784,2612190942,16384,1158
29164.976496,2612199023,2612200177,16248,1154
29164.988524,2612208246,2612209395,16317,1149
29165.003548,2612219760,2612220914,16248,1154
29165.096730,2612291171,2612292319,16317,1148
29165.108754,2612300383,2612301541,16386,1158
29165.120770,2612309599,2612310772,16147,1173
29165.132799,2612318857,2612320005,16319,1148
29165.144823,2612328073,2612329227,16384,1154
29165.159850,2612339595,2612340753,16228,1158
29165.171874,2612348884,2612350031,16394,1147
29165.213953,2612381136,2612382294,16316,1158
29165.225977,2612390388,2612391541,16381,1153
29165.237993,2612399604,2612400756,16248,1152
29165.250021,2612408835,2612409984,16314,1149
29165.289097,2612438828,2612439974,16387,1146
29165.301114,2612448023,2612449170,16249,1147
29165.317155,2612461840,2612462992,16237,1152
29165.334183,2612473357,2612474514,16380,1157
29165.346199,2612482578,2612483726,16246,1148
29165.364234,2612496399,2612497557,16331,1158
29165.376263,2612505642,2612506795,16316,1153
29165.388287,2612514861,2612516003,16308,1142
29165.400302,2612524113,2612525260,16234,1147
29165.412331,2612533298,2612534450,16230,1152
29165.427354,2612544809,2612545962,16226,1153
29165.463423,2612572509,2612573662,16230,1153
29165.475452,2612581717,2612582865,16402,1148
29165.487476,2612590944,2612592091,16409,1147
29165.499491,2612600143,2612601290,16244,1147
29165.511520,2612609392,2612610550,16324,1158
29165.523544,2612618610,2612619767,16481,1157
29165.535560,2612627833,2612628986,16319,1153
29165.547589,2612637057,2612638215,16327,1158
29165.559613,2612646263,2612647416,16395,1153
29165.571628,2612655488,2612656640,16233,1152
29165.583657,2612664760,2612665911,16314,1151
29165.595682,2612673940,2612675087,16398,1147
29165.607697,2612683132,2612684285,16230,1153
29165.640767,2612708484,2612709639,16396,1155
29165.652783,2612717711,2612718857,16235,1146
29165.688851,2612745322,2612746483,16237,1161
29165.700881,2612754579,2612755767,16322,1188
29165.727932,2612775338,2612776496,16319,1158
29165.739956,2612784562,2612785714,16312,1152
29165.751971,2612793776,2612794939,16240,1163
29165.764000,2612802979,2612804132,16322,1153
29165.776024,2612812201,2612813348,16385,1147
29165.788040,2612821406,2612822549,16246,1143
29165.800067,2612830609,2612831761,16315,1152
29165.812092,2612839810,2612840963,16389,1153
29165.824109,2612849022,2612850180,16248,1158
29165.836136,2612858224,2612859377,16227,1153
29165.848160,2612867452,2612868604,16297,1152
29165.860177,2612876715,2612877873,16228,1158
29165.872205,2612885929,2612887079,16311,1150
29165.885236,2612897473,2612898626,16238,1153
29165.908273,2612913660,2612914813,16317,1153
29165.920297,2612922890,2612924068,16388,1178
29165.936328,2612936741,2612937882,16381,1141
29165.956367,2612950568,2612951727,16385,1159
29165.968383,2612959836,2612961009,16159,1173
29165.980414,2612969094,2612970252,16319,1158
29165.992436,2612978333,2612979481,16396,1148
29166.040521,2613015168,2613016331,16239,1163
29166.052550,2613024386,2613025539,16316,1153
29166.073591,2613040502,2613041655,16400,1153
29166.085606,2613049704,2613050851,16236,1147
29166.151738,2613100504,2613101657,16315,1153
29166.163762,2613109706,2613110859,16412,1153
29166.175778,2613118925,2613120081,16239,1156
29166.189308,2613129791,2613130972,16355,1181
29166.201323,2613138974,2613140143,16029,1169
29166.261441,2613184905,2613186057,16260,1152
29166.273460,2613194081,2613195237,15994,1156
29166.297511,2613212494,2613213646,16348,1152
29166.309537,2613221659,2613222808,16112,1149
29166.321558,2613230826,2613231976,16447,1150
29166.345601,2613249258,2613250411,16315,1153
29166.357627,2613258432,2613259579,16441,1147
29166.369649,2613267647,2613268796,16355,1149
29166.384678,2613279114,2613280266,16444,1152
29166.396700,2613288591,2613289743,16347,1152
29166.432768,2613316141,2613317289,16374,1148
29166.462825,2613354155,2613355345,16243,1190
29166.474856,2613367033,2613368247,16371,1214
29166.486875,2613381038,2613382282,16337,1244
29166.498892,2613395389,2613396693,16234,1304
29166.510924,2613409352,2613410624,16376,1272
29166.522942,2613422953,2613424231,16346,1278
29166.534961,2613436225,2613437464,16234,1239
29166.546992,2613449546,2613450760,16370,1214
29166.559008,2613462940,2613464217,16253,1277
29166.571030,2613476527,2613477794,16235,1267
29166.583060,2613489984,2613491289,16374,1305
29166.595079,2613502659,2613503898,16344,1239
29166.607106,2613516555,2613517828,16312,1273
29166.619129,2613530810,2613532144,16378,1334
29166.634151,2613548440,2613549727,16218,1287
29166.646182,2613562454,2613563719,16369,1265
29166.658197,2613576763,2613577976,16247,1213
29166.670220,2613590077,2613591282,16208,1205
